1.576179999999999914e+00 1.530640000000000001e+00 1.486040000000000028e+00 1.442339999999999955e+00 1.399420000000000108e+00 1.357110000000000039e+00 1.315299999999999914e+00 1.273979999999999890e+00 1.233330000000000037e+00 1.193780000000000063e+00 1.156009999999999982e+00 1.121050000000000102e+00 1.089949999999999974e+00 1.063739999999999908e+00 1.043290000000000051e+00 1.027910000000000101e+00
1.364049999999999985e+00 1.335509999999999975e+00 1.307569999999999899e+00 1.280149999999999899e+00 1.253149999999999986e+00 1.226499999999999924e+00 1.200229999999999908e+00 1.174509999999999943e+00 1.149639999999999995e+00 1.126009999999999955e+00 1.104020000000000001e+00 1.083900000000000086e+00 1.065700000000000092e+00 1.049739999999999895e+00 1.036640000000000006e+00 1.026200000000000001e+00
2.043159999999999865e+00 1.964129999999999932e+00 1.886260000000000048e+00 1.809500000000000108e+00 1.733680000000000110e+00 1.658560000000000034e+00 1.583809999999999940e+00 1.509220000000000006e+00 1.434669999999999890e+00 1.360319999999999974e+00 1.286620000000000097e+00 1.214760000000000062e+00 1.147920000000000051e+00 1.092160000000000020e+00 1.051350000000000007e+00 1.023549999999999960e+00
2.161999999999999922e+00 2.071520000000000028e+00 1.982560000000000100e+00 1.895140000000000047e+00 1.809229999999999894e+00 1.724750000000000005e+00 1.641359999999999930e+00 1.558729999999999949e+00 1.476699999999999902e+00 1.395469999999999988e+00 1.315579999999999972e+00 1.238280000000000047e+00 1.166139999999999954e+00 1.103949999999999987e+00 1.056580000000000075e+00 1.023800000000000043e+00
1.102540000000000076e+00 1.096240000000000103e+00 1.090170000000000083e+00 1.084289999999999976e+00 1.078559999999999963e+00 1.072969999999999979e+00 1.067509999999999959e+00 1.062159999999999993e+00 1.056939999999999991e+00 1.051860000000000017e+00 1.046950000000000047e+00 1.042219999999999924e+00 1.037719999999999976e+00 1.033479999999999954e+00 1.029600000000000071e+00 1.026110000000000078e+00
2.418350000000000222e+00 2.310820000000000096e+00 2.204849999999999977e+00 2.100470000000000059e+00 1.997619999999999951e+00 1.896099999999999897e+00 1.795520000000000005e+00 1.695489999999999942e+00 1.595820000000000016e+00 1.496569999999999956e+00 1.397980000000000000e+00 1.300869999999999971e+00 1.207549999999999901e+00 1.124989999999999934e+00 1.063350000000000017e+00 1.023640000000000105e+00
3.572950000000000070e+00 3.379910000000000192e+00 3.189189999999999969e+00 3.001030000000000086e+00 2.815510000000000179e+00 2.632690000000000197e+00 2.452199999999999935e+00 2.273470000000000102e+00 2.095940000000000136e+00 1.919270000000000032e+00 1.743230000000000057e+00 1.567839999999999900e+00 1.393820000000000059e+00 1.228590000000000071e+00 1.102130000000000054e+00 1.026280000000000081e+00
2.671769999999999978e+00 2.543750000000000178e+00 2.417609999999999815e+00 2.293439999999999923e+00 2.171199999999999797e+00 2.050800000000000178e+00 1.931859999999999911e+00 1.813970000000000082e+00 1.696790000000000020e+00 1.580310000000000104e+00 1.464730000000000087e+00 1.350689999999999946e+00 1.240569999999999951e+00 1.143399999999999972e+00 1.071450000000000014e+00 1.024270000000000014e+00
1.139920000000000044e+00 1.129250000000000087e+00 1.119040000000000035e+00 1.109269999999999978e+00 1.099879999999999969e+00 1.090850000000000097e+00 1.082130000000000036e+00 1.073709999999999942e+00 1.065549999999999997e+00 1.057700000000000085e+00 1.050179999999999891e+00 1.042980000000000018e+00 1.036140000000000061e+00 1.029819999999999958e+00 1.024359999999999937e+00 1.019870000000000054e+00
3.814890000000000114e+00 3.599839999999999929e+00 3.387659999999999894e+00 3.178650000000000198e+00 2.972999999999999865e+00 2.770809999999999995e+00 2.571779999999999955e+00 2.375430000000000152e+00 2.181319999999999926e+00 1.989319999999999977e+00 1.799350000000000005e+00 1.611550000000000038e+00 1.426779999999999937e+00 1.252250000000000085e+00 1.115779999999999994e+00 1.030089999999999950e+00
1.735020000000000007e+00 1.677440000000000042e+00 1.620880000000000098e+00 1.565220000000000056e+00 1.510250000000000092e+00 1.455799999999999983e+00 1.401699999999999946e+00 1.347930000000000073e+00 1.294699999999999962e+00 1.242550000000000043e+00 1.192560000000000064e+00 1.146539999999999893e+00 1.106230000000000047e+00 1.072599999999999998e+00 1.045940000000000092e+00 1.025239999999999929e+00
1.671920000000000073e+00 1.618179999999999952e+00 1.565420000000000034e+00 1.513619999999999965e+00 1.462679999999999980e+00 1.412490000000000023e+00 1.362940000000000040e+00 1.313960000000000017e+00 1.265660000000000007e+00 1.218460000000000099e+00 1.173110000000000097e+00 1.131070000000000020e+00 1.093939999999999912e+00 1.062650000000000095e+00 1.038129999999999997e+00 1.020310000000000050e+00
1.575479999999999992e+00 1.530170000000000030e+00 1.485649999999999915e+00 1.441820000000000102e+00 1.398519999999999985e+00 1.355599999999999916e+00 1.313010000000000010e+00 1.270850000000000035e+00 1.229500000000000037e+00 1.189650000000000096e+00 1.152169999999999916e+00 1.117979999999999974e+00 1.087650000000000006e+00 1.061620000000000008e+00 1.040399999999999991e+00 1.023539999999999894e+00
2.554079999999999906e+00 2.434109999999999996e+00 2.316050000000000164e+00 2.199969999999999981e+00 2.085820000000000007e+00 1.973470000000000057e+00 1.862549999999999928e+00 1.752660000000000107e+00 1.643480000000000052e+00 1.534969999999999946e+00 1.427370000000000028e+00 1.321630000000000082e+00 1.220849999999999991e+00 1.133639999999999981e+00 1.068729999999999958e+00 1.024739999999999984e+00
1.117769999999999930e+00 1.109969999999999901e+00 1.102489999999999970e+00 1.095299999999999940e+00 1.088340000000000085e+00 1.081579999999999986e+00 1.074989999999999890e+00 1.068559999999999954e+00 1.062279999999999891e+00 1.056179999999999897e+00 1.050280000000000102e+00 1.044599999999999973e+00 1.039169999999999927e+00 1.034089999999999954e+00 1.029560000000000031e+00 1.025590000000000002e+00
1.413739999999999997e+00 1.380689999999999973e+00 1.348410000000000108e+00 1.316829999999999945e+00 1.285849999999999937e+00 1.255349999999999966e+00 1.225319999999999965e+00 1.195840000000000014e+00 1.167149999999999910e+00 1.139729999999999910e+00 1.114130000000000065e+00 1.090770000000000017e+00 1.069770000000000110e+00 1.051379999999999981e+00 1.036359999999999948e+00 1.024629999999999930e+00
2.059369999999999923e+00 1.977309999999999901e+00 1.896660000000000013e+00 1.817379999999999995e+00 1.739279999999999937e+00 1.662179999999999991e+00 1.585790000000000033e+00 1.509840000000000071e+00 1.434279999999999999e+00 1.359299999999999953e+00 1.285519999999999996e+00 1.214439999999999964e+00 1.149669999999999970e+00 1.096139999999999892e+00 1.055879999999999930e+00 1.026720000000000077e+00
1.626370000000000093e+00 1.576740000000000030e+00 1.527959999999999985e+00 1.479919999999999902e+00 1.432460000000000067e+00 1.385480000000000045e+00 1.338819999999999899e+00 1.292519999999999891e+00 1.246799999999999908e+00 1.202239999999999975e+00 1.159950000000000037e+00 1.121480000000000032e+00 1.088270000000000071e+00 1.060769999999999991e+00 1.038899999999999935e+00 1.021579999999999933e+00
1.742070000000000007e+00 1.683810000000000029e+00 1.626619999999999955e+00 1.570419999999999927e+00 1.515009999999999968e+00 1.460229999999999917e+00 1.405880000000000019e+00 1.351869999999999905e+00 1.298349999999999893e+00 1.245719999999999938e+00 1.194939999999999891e+00 1.147799999999999931e+00 1.106370000000000076e+00 1.072070000000000078e+00 1.045260000000000078e+00 1.024690000000000101e+00
1.444520000000000026e+00 1.408630000000000049e+00 1.373550000000000049e+00 1.339239999999999986e+00 1.305649999999999977e+00 1.272720000000000073e+00 1.240339999999999998e+00 1.208560000000000079e+00 1.177610000000000046e+00 1.147939999999999960e+00 1.120170000000000110e+00 1.094919999999999893e+00 1.072389999999999954e+00 1.052759999999999918e+00 1.036759999999999904e+00 1.024599999999999955e+00
1.748899999999999899e+00 1.690569999999999906e+00 1.633310000000000040e+00 1.577010000000000023e+00 1.521519999999999984e+00 1.466650000000000009e+00 1.412179999999999991e+00 1.358009999999999939e+00 1.304210000000000091e+00 1.251190000000000024e+00 1.199829999999999952e+00 1.151610000000000023e+00 1.108579999999999899e+00 1.072580000000000089e+00 1.044820000000000082e+00 1.024310000000000054e+00
1.424400000000000110e+00 1.390479999999999938e+00 1.357310000000000016e+00 1.324850000000000083e+00 1.292980000000000018e+00 1.261609999999999898e+00 1.230709999999999971e+00 1.200399999999999912e+00 1.170989999999999975e+00 1.142980000000000107e+00 1.116810000000000080e+00 1.092880000000000074e+00 1.071280000000000010e+00 1.052310000000000079e+00 1.036759999999999904e+00 1.024489999999999901e+00
2.878849999999999909e+00 2.734729999999999883e+00 2.592940000000000023e+00 2.453559999999999963e+00 2.316469999999999807e+00 2.181439999999999824e+00 2.048049999999999926e+00 1.915820000000000078e+00 1.784380000000000077e+00 1.653629999999999933e+00 1.523810000000000109e+00 1.395820000000000061e+00 1.272680000000000033e+00 1.164349999999999996e+00 1.083050000000000068e+00 1.027560000000000029e+00
2.182659999999999823e+00 2.091720000000000024e+00 2.002289999999999903e+00 1.914339999999999931e+00 1.827779999999999960e+00 1.742450000000000054e+00 1.657960000000000100e+00 1.573979999999999935e+00 1.490320000000000089e+00 1.407180000000000097e+00 1.325090000000000101e+00 1.245249999999999968e+00 1.170350000000000001e+00 1.105850000000000000e+00 1.057299999999999907e+00 1.023940000000000072e+00
1.339329999999999909e+00 1.312170000000000059e+00 1.285570000000000102e+00 1.259449999999999958e+00 1.233729999999999993e+00 1.208399999999999919e+00 1.183510000000000062e+00 1.159259999999999957e+00 1.136009999999999964e+00 1.114139999999999908e+00 1.093949999999999978e+00 1.075569999999999915e+00 1.058959999999999901e+00 1.044219999999999926e+00 1.031879999999999908e+00 1.021879999999999900e+00
2.837520000000000042e+00 2.696509999999999962e+00 2.557929999999999815e+00 2.421769999999999978e+00 2.287859999999999783e+00 2.155930000000000124e+00 2.025490000000000013e+00 1.896020000000000039e+00 1.767149999999999999e+00 1.638719999999999954e+00 1.510979999999999990e+00 1.384919999999999929e+00 1.263980000000000103e+00 1.158730000000000038e+00 1.079630000000000090e+00 1.025369999999999893e+00
3.182409999999999961e+00 3.014330000000000176e+00 2.849219999999999864e+00 2.687190000000000190e+00 2.528099999999999792e+00 2.371710000000000207e+00 2.217509999999999870e+00 2.064919999999999867e+00 1.913440000000000030e+00 1.762850000000000028e+00 1.613159999999999927e+00 1.464900000000000091e+00 1.320619999999999905e+00 1.191589999999999927e+00 1.093360000000000110e+00 1.026289999999999925e+00
3.476869999999999905e+00 3.289109999999999978e+00 3.103810000000000180e+00 2.921190000000000175e+00 2.741319999999999979e+00 2.564239999999999853e+00 2.389609999999999790e+00 2.216920000000000002e+00 2.045650000000000190e+00 1.875510000000000010e+00 1.706429999999999891e+00 1.538669999999999982e+00 1.373739999999999961e+00 1.219600000000000017e+00 1.101299999999999946e+00 1.027560000000000029e+00
2.298369999999999802e+00 2.197270000000000056e+00 2.097939999999999916e+00 2.000379999999999825e+00 1.904449999999999976e+00 1.809930000000000039e+00 1.716460000000000097e+00 1.623669999999999947e+00 1.531290000000000040e+00 1.439419999999999922e+00 1.348519999999999941e+00 1.260080000000000089e+00 1.178080000000000016e+00 1.109180000000000055e+00 1.057120000000000060e+00 1.020250000000000101e+00
2.215710000000000068e+00 2.121680000000000010e+00 2.029259999999999842e+00 1.938460000000000072e+00 1.849189999999999889e+00 1.761249999999999982e+00 1.674350000000000005e+00 1.588140000000000107e+00 1.502459999999999907e+00 1.417429999999999968e+00 1.333539999999999948e+00 1.252129999999999965e+00 1.176490000000000036e+00 1.112379999999999924e+00 1.063739999999999908e+00 1.029150000000000009e+00
1.231970000000000010e+00 1.214320000000000066e+00 1.197109999999999896e+00 1.180299999999999905e+00 1.163839999999999986e+00 1.147720000000000073e+00 1.132009999999999961e+00 1.116759999999999975e+00 1.102079999999999949e+00 1.088100000000000067e+00 1.074950000000000072e+00 1.062710000000000043e+00 1.051430000000000087e+00 1.041360000000000063e+00 1.032920000000000060e+00 1.026080000000000103e+00
1.429619999999999891e+00 1.395170000000000021e+00 1.361509999999999998e+00 1.328580000000000094e+00 1.296280000000000099e+00 1.264529999999999932e+00 1.233270000000000088e+00 1.202560000000000073e+00 1.172649999999999970e+00 1.143920000000000048e+00 1.116919999999999913e+00 1.092179999999999929e+00 1.070009999999999906e+00 1.050740000000000007e+00 1.035060000000000091e+00 1.022710000000000008e+00
1.095310000000000006e+00 1.089650000000000007e+00 1.084249999999999936e+00 1.079080000000000039e+00 1.074060000000000015e+00 1.069129999999999914e+00 1.064240000000000075e+00 1.059379999999999988e+00 1.054540000000000033e+00 1.049730000000000052e+00 1.044969999999999954e+00 1.040270000000000028e+00 1.035690000000000000e+00 1.031420000000000003e+00 1.027800000000000047e+00 1.024929999999999897e+00
1.849420000000000064e+00 1.783120000000000038e+00 1.718010000000000037e+00 1.653980000000000006e+00 1.590859999999999941e+00 1.528440000000000021e+00 1.466520000000000046e+00 1.404900000000000038e+00 1.343630000000000102e+00 1.283039999999999958e+00 1.224040000000000017e+00 1.168530000000000069e+00 1.119320000000000093e+00 1.078430000000000000e+00 1.046720000000000095e+00 1.023079999999999989e+00
1.516850000000000032e+00 1.475659999999999972e+00 1.435319999999999929e+00 1.395829999999999904e+00 1.357150000000000079e+00 1.319150000000000045e+00 1.281679999999999930e+00 1.244669999999999943e+00 1.208159999999999901e+00 1.172539999999999916e+00 1.138439999999999896e+00 1.106819999999999915e+00 1.078529999999999989e+00 1.054130000000000011e+00 1.035139999999999949e+00 1.021589999999999998e+00
1.262310000000000043e+00 1.240769999999999929e+00 1.219799999999999995e+00 1.199379999999999891e+00 1.179470000000000018e+00 1.160080000000000000e+00 1.141240000000000032e+00 1.123089999999999922e+00 1.105799999999999894e+00 1.089569999999999927e+00 1.074480000000000102e+00 1.060550000000000104e+00 1.047760000000000025e+00 1.036450000000000093e+00 1.027030000000000109e+00 1.019260000000000055e+00
2.056140000000000079e+00 1.974669999999999925e+00 1.894619999999999971e+00 1.815949999999999953e+00 1.738439999999999985e+00 1.661850000000000049e+00 1.585800000000000098e+00 1.510040000000000049e+00 1.434399999999999897e+00 1.358970000000000011e+00 1.284249999999999892e+00 1.211600000000000010e+00 1.145070000000000032e+00 1.090770000000000017e+00 1.050729999999999942e+00 1.022270000000000012e+00
2.373450000000000060e+00 2.268349999999999866e+00 2.164689999999999781e+00 2.062580000000000080e+00 1.962099999999999955e+00 1.863229999999999942e+00 1.765740000000000087e+00 1.669159999999999977e+00 1.573159999999999892e+00 1.477670000000000039e+00 1.382900000000000018e+00 1.289590000000000014e+00 1.199959999999999916e+00 1.120270000000000099e+00 1.060170000000000057e+00 1.022359999999999935e+00
1.068489999999999940e+00 1.065010000000000012e+00 1.061639999999999917e+00 1.058340000000000058e+00 1.055109999999999992e+00 1.051919999999999966e+00 1.048759999999999915e+00 1.045639999999999903e+00 1.042540000000000022e+00 1.039490000000000025e+00 1.036499999999999977e+00 1.033579999999999943e+00 1.030759999999999899e+00 1.028070000000000039e+00 1.025600000000000067e+00 1.023379999999999956e+00
2.107540000000000191e+00 2.023270000000000124e+00 1.940409999999999968e+00 1.859070000000000000e+00 1.779300000000000104e+00 1.701009999999999911e+00 1.623860000000000081e+00 1.547269999999999923e+00 1.470930000000000071e+00 1.394840000000000080e+00 1.319379999999999997e+00 1.245319999999999983e+00 1.174409999999999954e+00 1.110540000000000083e+00 1.059790000000000010e+00 1.027220000000000022e+00
3.608109999999999928e+00 3.414039999999999964e+00 3.222119999999999873e+00 3.032599999999999962e+00 2.845680000000000209e+00 2.661509999999999820e+00 2.479940000000000033e+00 2.300330000000000208e+00 2.121919999999999806e+00 1.944199999999999928e+00 1.766909999999999981e+00 1.589869999999999894e+00 1.413159999999999972e+00 1.240969999999999906e+00 1.103429999999999911e+00 1.024799999999999933e+00
2.566199999999999815e+00 2.446359999999999868e+00 2.328230000000000022e+00 2.211969999999999992e+00 2.097620000000000040e+00 1.985119999999999996e+00 1.874190000000000023e+00 1.764270000000000005e+00 1.654919999999999947e+00 1.546019999999999950e+00 1.437780000000000058e+00 1.330940000000000012e+00 1.227400000000000047e+00 1.134970000000000034e+00 1.066300000000000026e+00 1.022250000000000103e+00
1.217940000000000023e+00 1.199750000000000094e+00 1.182239999999999958e+00 1.165389999999999926e+00 1.149149999999999894e+00 1.133510000000000018e+00 1.118479999999999919e+00 1.104079999999999950e+00 1.090349999999999930e+00 1.077320000000000055e+00 1.065050000000000052e+00 1.053590000000000027e+00 1.042929999999999913e+00 1.033220000000000027e+00 1.024929999999999897e+00 1.018399999999999972e+00
4.893629999999999924e+00 4.595309999999999562e+00 4.300449999999999662e+00 4.009490000000000443e+00 3.723040000000000127e+00 3.441619999999999902e+00 3.165389999999999926e+00 2.893940000000000179e+00 2.626780000000000115e+00 2.363729999999999887e+00 2.104909999999999837e+00 1.850219999999999976e+00 1.599539999999999962e+00 1.356239999999999890e+00 1.152800000000000047e+00 1.028599999999999959e+00
1.898859999999999992e+00 1.828330000000000011e+00 1.759020000000000028e+00 1.690830000000000055e+00 1.623609999999999998e+00 1.557109999999999994e+00 1.491109999999999935e+00 1.425510000000000055e+00 1.360379999999999923e+00 1.296149999999999913e+00 1.233800000000000008e+00 1.175450000000000106e+00 1.124079999999999968e+00 1.081660000000000066e+00 1.048610000000000042e+00 1.023339999999999916e+00
1.348479999999999901e+00 1.319839999999999902e+00 1.291989999999999972e+00 1.264960000000000084e+00 1.238699999999999912e+00 1.213119999999999976e+00 1.188160000000000105e+00 1.163820000000000077e+00 1.140239999999999920e+00 1.117699999999999916e+00 1.096549999999999914e+00 1.077059999999999906e+00 1.059330000000000105e+00 1.043350000000000000e+00 1.029970000000000052e+00 1.020080000000000098e+00
1.518299999999999983e+00 1.477009999999999934e+00 1.436500000000000110e+00 1.396679999999999922e+00 1.357450000000000045e+00 1.318710000000000049e+00 1.280429999999999957e+00 1.242739999999999956e+00 1.206010000000000026e+00 1.170840000000000103e+00 1.137950000000000017e+00 1.108039999999999914e+00 1.081499999999999906e+00 1.058610000000000051e+00 1.039800000000000058e+00 1.024540000000000006e+00
2.969219999999999970e+00 2.817550000000000221e+00 2.668120000000000047e+00 2.521160000000000068e+00 2.376850000000000129e+00 2.235129999999999839e+00 2.095740000000000158e+00 1.958059999999999912e+00 1.821550000000000002e+00 1.685929999999999929e+00 1.551309999999999967e+00 1.418169999999999931e+00 1.288340000000000041e+00 1.171329999999999982e+00 1.084000000000000075e+00 1.027290000000000036e+00
1.136249999999999982e+00 1.126470000000000082e+00 1.117129999999999956e+00 1.108219999999999983e+00 1.099669999999999925e+00 1.091420000000000057e+00 1.083420000000000050e+00 1.075620000000000021e+00 1.068019999999999969e+00 1.060650000000000093e+00 1.053520000000000012e+00 1.046680000000000055e+00 1.040149999999999908e+00 1.034049999999999914e+00 1.028610000000000024e+00 1.023919999999999941e+00
1.598689999999999944e+00 1.550769999999999982e+00 1.503880000000000106e+00 1.457989999999999897e+00 1.413019999999999943e+00 1.368870000000000031e+00 1.325390000000000068e+00 1.282469999999999999e+00 1.240240000000000009e+00 1.199049999999999949e+00 1.159620000000000095e+00 1.122919999999999918e+00 1.090119999999999978e+00 1.062410000000000077e+00 1.040540000000000020e+00 1.024000000000000021e+00
1.924520000000000008e+00 1.852230000000000043e+00 1.781309999999999949e+00 1.711689999999999934e+00 1.643180000000000085e+00 1.575530000000000097e+00 1.508480000000000043e+00 1.441820000000000102e+00 1.375529999999999919e+00 1.309849999999999959e+00 1.245489999999999986e+00 1.184169999999999945e+00 1.129389999999999894e+00 1.084459999999999980e+00 1.050300000000000011e+00 1.025009999999999977e+00
1.753239999999999910e+00 1.693780000000000063e+00 1.635340000000000016e+00 1.577830000000000066e+00 1.521060000000000079e+00 1.464879999999999960e+00 1.409119999999999928e+00 1.353730000000000100e+00 1.298859999999999904e+00 1.244969999999999910e+00 1.193040000000000100e+00 1.145119999999999916e+00 1.103679999999999994e+00 1.069930000000000048e+00 1.043579999999999952e+00 1.023050000000000015e+00
1.744129999999999958e+00 1.685359999999999969e+00 1.627610000000000001e+00 1.570810000000000040e+00 1.514780000000000015e+00 1.459340000000000082e+00 1.404360000000000053e+00 1.349760000000000071e+00 1.295670000000000099e+00 1.242469999999999963e+00 1.191109999999999891e+00 1.143550000000000066e+00 1.102119999999999989e+00 1.068300000000000027e+00 1.042100000000000026e+00 1.021949999999999914e+00
2.153540000000000010e+00 2.065490000000000048e+00 1.978660000000000085e+00 1.893150000000000110e+00 1.808999999999999941e+00 1.726159999999999917e+00 1.644400000000000084e+00 1.563239999999999963e+00 1.482410000000000005e+00 1.401909999999999989e+00 1.322070000000000078e+00 1.243789999999999951e+00 1.169540000000000024e+00 1.104649999999999910e+00 1.054580000000000073e+00 1.022829999999999906e+00
2.106669999999999821e+00 2.020480000000000054e+00 1.935769999999999991e+00 1.852579999999999893e+00 1.770820000000000061e+00 1.690320000000000045e+00 1.610729999999999995e+00 1.531749999999999945e+00 1.453240000000000087e+00 1.375259999999999927e+00 1.298259999999999970e+00 1.223479999999999901e+00 1.154600000000000071e+00 1.097650000000000015e+00 1.055180000000000007e+00 1.024860000000000104e+00
1.270399999999999974e+00 1.248220000000000107e+00 1.226660000000000084e+00 1.205680000000000085e+00 1.185249999999999915e+00 1.165370000000000017e+00 1.146079999999999988e+00 1.127499999999999947e+00 1.109830000000000094e+00 1.093229999999999924e+00 1.077790000000000026e+00 1.063479999999999981e+00 1.050380000000000091e+00 1.038780000000000037e+00 1.029029999999999889e+00 1.020939999999999959e+00
2.735720000000000152e+00 2.601280000000000037e+00 2.469100000000000072e+00 2.339280000000000026e+00 2.211780000000000079e+00 2.086430000000000007e+00 1.962869999999999893e+00 1.840649999999999897e+00 1.719440000000000079e+00 1.599059999999999926e+00 1.479630000000000001e+00 1.361769999999999925e+00 1.248839999999999950e+00 1.151810000000000000e+00 1.079339999999999966e+00 1.029139999999999944e+00
1.839139999999999997e+00 1.772149999999999892e+00 1.706420000000000048e+00 1.641960000000000086e+00 1.578699999999999992e+00 1.516539999999999999e+00 1.455249999999999932e+00 1.394670000000000076e+00 1.334770000000000012e+00 1.275840000000000085e+00 1.218550000000000022e+00 1.164269999999999916e+00 1.115299999999999958e+00 1.074049999999999949e+00 1.041879999999999917e+00 1.018950000000000022e+00
1.262469999999999981e+00 1.241330000000000044e+00 1.220720000000000027e+00 1.200609999999999955e+00 1.180989999999999984e+00 1.161850000000000049e+00 1.143299999999999983e+00 1.125469999999999970e+00 1.108540000000000081e+00 1.092710000000000070e+00 1.077990000000000004e+00 1.064370000000000038e+00 1.051840000000000108e+00 1.040629999999999944e+00 1.031160000000000077e+00 1.023290000000000033e+00
2.683120000000000172e+00 2.553450000000000220e+00 2.426099999999999923e+00 2.301050000000000040e+00 2.178119999999999834e+00 2.056999999999999940e+00 1.937230000000000008e+00 1.818349999999999911e+00 1.699969999999999981e+00 1.581979999999999942e+00 1.464560000000000084e+00 1.348680000000000101e+00 1.238380000000000036e+00 1.144430000000000058e+00 1.074400000000000022e+00 1.025409999999999933e+00
2.590329999999999799e+00 2.466720000000000024e+00 2.345229999999999926e+00 2.225880000000000081e+00 2.108480000000000132e+00 1.992760000000000087e+00 1.878309999999999924e+00 1.764739999999999975e+00 1.651739999999999986e+00 1.539279999999999982e+00 1.427599999999999980e+00 1.317679999999999962e+00 1.213670000000000027e+00 1.126319999999999988e+00 1.062200000000000033e+00 1.017730000000000024e+00
3.700450000000000017e+00 3.494720000000000049e+00 3.291479999999999961e+00 3.091040000000000010e+00 2.893670000000000186e+00 2.699539999999999829e+00 2.508560000000000123e+00 2.320230000000000015e+00 2.134040000000000159e+00 1.949670000000000014e+00 1.767009999999999970e+00 1.586170000000000080e+00 1.408199999999999896e+00 1.239440000000000097e+00 1.105560000000000098e+00 1.024559999999999915e+00
2.906369999999999898e+00 2.757280000000000175e+00 2.610739999999999839e+00 2.466899999999999871e+00 2.325889999999999791e+00 2.187650000000000095e+00 2.051909999999999901e+00 1.918150000000000022e+00 1.785900000000000043e+00 1.654970000000000052e+00 1.525460000000000038e+00 1.398020000000000040e+00 1.274780000000000024e+00 1.164020000000000055e+00 1.079900000000000082e+00 1.023120000000000029e+00
2.251209999999999933e+00 2.153659999999999908e+00 2.057700000000000085e+00 1.963430000000000009e+00 1.870819999999999927e+00 1.779770000000000074e+00 1.689969999999999972e+00 1.600980000000000070e+00 1.512469999999999981e+00 1.424350000000000005e+00 1.336950000000000083e+00 1.251400000000000068e+00 1.171519999999999895e+00 1.104440000000000088e+00 1.054669999999999996e+00 1.020489999999999897e+00
1.293129999999999891e+00 1.270410000000000039e+00 1.248199999999999976e+00 1.226450000000000040e+00 1.205079999999999929e+00 1.184039999999999981e+00 1.163359999999999950e+00 1.143180000000000085e+00 1.123760000000000092e+00 1.105299999999999949e+00 1.087979999999999947e+00 1.071939999999999893e+00 1.057330000000000103e+00 1.044470000000000010e+00 1.033910000000000107e+00 1.025460000000000038e+00
1.419210000000000083e+00 1.385480000000000045e+00 1.352600000000000025e+00 1.320540000000000047e+00 1.289230000000000098e+00 1.258539999999999992e+00 1.228399999999999936e+00 1.198800000000000088e+00 1.169999999999999929e+00 1.142400000000000082e+00 1.116589999999999971e+00 1.092980000000000063e+00 1.071769999999999889e+00 1.053029999999999911e+00 1.037630000000000052e+00 1.025670000000000082e+00
1.283539999999999903e+00 1.261109999999999953e+00 1.239370000000000083e+00 1.218239999999999990e+00 1.197629999999999972e+00 1.177480000000000082e+00 1.157729999999999926e+00 1.138409999999999922e+00 1.119669999999999943e+00 1.101709999999999967e+00 1.084770000000000012e+00 1.068950000000000067e+00 1.054319999999999924e+00 1.041160000000000085e+00 1.030650000000000066e+00 1.022980000000000000e+00
1.889639999999999986e+00 1.819630000000000081e+00 1.750939999999999941e+00 1.683519999999999905e+00 1.617269999999999985e+00 1.551989999999999981e+00 1.487419999999999964e+00 1.423359999999999959e+00 1.359869999999999912e+00 1.297180000000000000e+00 1.236150000000000082e+00 1.178390000000000049e+00 1.126570000000000071e+00 1.083420000000000050e+00 1.050310000000000077e+00 1.025919999999999943e+00
