-5.346829999999999927e+01 -3.093819999999999837e+01 1.794249999999999901e+01
-3.493399999999999839e+00 1.848699999999999832e+01 5.322070000000000078e+01
-3.314370000000000260e+01 3.575299999999999923e+00 6.883469999999999800e+01
-1.131150000000000055e+01 -6.577639999999999532e+01 2.850309999999999988e+01
-2.272629999999999839e+01 4.119100000000000428e+00 -9.305300000000000793e+00
-3.772120000000000317e+01 -3.576769999999999783e+01 -2.272200000000000220e+00
-4.531880000000000308e+01 -5.571750000000000114e+01 3.723089999999999833e+01
-5.301830000000000354e+01 -2.265469999999999828e+01 -4.367499999999999716e+00
-9.314600000000000435e+00 -3.505890000000000128e+01 2.790650000000000119e+01
-3.190619999999999834e+01 -7.330020000000000380e+01 8.567199999999999704e+00
-2.407799999999999940e+01 3.381869999999999976e+01 1.687199999999999989e+01
-1.516750000000000043e+01 -5.273160000000000025e+01 7.942599999999999660e+00
-6.435100000000000264e+00 3.425489999999999924e+01 1.858569999999999922e+01
-5.800639999999999930e+01 -1.490300000000000047e+01 8.338400000000000034e+00
-2.825420000000000087e+01 -2.062500000000000000e+01 -5.167899999999999716e-01
-9.546300000000000452e+00 -2.821719999999999828e+01 6.696460000000000434e+01
-4.639209999999999923e+01 1.422100000000000009e+01 4.205939999999999657e+01
-3.888119999999999976e+01 4.317419999999999902e+01 2.104799999999999827e+01
-4.332580000000000098e+01 3.224450000000000216e+01 3.272599999999999909e+01
-1.646320000000000050e+01 -6.577540000000000475e+01 1.779570000000000007e+01
-4.243959999999999866e+01 -2.052680000000000149e+01 5.892439999999999856e+01
-1.070369999999999955e+01 -1.912730000000000175e+01 5.662599999999999767e+01
-3.964350000000000307e+01 -7.167500000000000426e+00 5.930199999999999960e+01
-1.319849999999999923e+01 -4.987539999999999907e+01 4.349900000000000233e+01
-9.456999999999999851e-01 3.672610000000000241e+01 3.412380000000000280e+01
-2.996869999999999834e+01 4.072390000000000043e+01 4.991060000000000230e+01
-9.084199999999999164e+00 2.364780000000000015e+01 6.447270000000000323e+01
-2.643339999999999890e+01 -5.510869999999999891e+01 5.420430000000000348e+01
-5.435759999999999792e+01 -6.265100000000000335e+00 1.846460000000000079e+01
-5.597209999999999752e+01 -2.819679999999999964e+01 4.264520000000000266e+01
-5.954900000000000304e+00 6.221790000000000020e+01 3.039300000000000068e+01
-2.968649999999999878e+01 2.251640000000000086e+01 -2.838600000000000012e+00
-4.173199999999999932e+01 -1.209450000000000003e+01 2.989229999999999876e+01
-3.916219999999999857e+01 2.140600000000000058e+00 2.555949999999999989e+01
4.773360000000000269e+01 -3.353179999999999694e+01 2.198679999999999879e+01
6.841699999999999449e-01 2.113749999999999929e+01 5.017960000000000065e+01
2.968799999999999883e+01 1.093730000000000047e+01 6.733249999999999602e+01
3.190599999999999881e+00 -6.469100000000000250e+01 2.834580000000000055e+01
1.430530000000000079e+01 4.799699999999999633e+00 -7.538100000000000023e+00
2.936670000000000158e+01 -3.103839999999999932e+01 -4.192300000000000360e+00
3.768679999999999808e+01 -5.385529999999999973e+01 3.777660000000000196e+01
4.722030000000000172e+01 -1.885790000000000077e+01 -5.564099999999999824e+00
2.904100000000000126e+00 -3.493180000000000263e+01 3.108139999999999858e+01
2.690289999999999893e+01 -6.886069999999999425e+01 9.579000000000000625e+00
2.372889999999999944e+01 3.381550000000000011e+01 1.931099999999999994e+01
9.571999999999999176e+00 -4.688770000000000238e+01 1.039939999999999998e+01
3.989700000000000024e+00 3.701059999999999661e+01 1.606299999999999883e+01
5.516170000000000329e+01 -1.797650000000000148e+01 8.394500000000000739e+00
2.435219999999999985e+01 -1.907570000000000121e+01 -2.043200000000000016e-01
2.906499999999999861e+00 -2.359649999999999892e+01 6.957349999999999568e+01
4.406219999999999715e+01 1.254229999999999912e+01 4.518419999999999703e+01
3.982090000000000174e+01 3.530680000000000263e+01 2.275130000000000052e+01
4.351850000000000307e+01 2.991250000000000142e+01 3.663949999999999818e+01
8.701599999999999113e+00 -6.586520000000000152e+01 1.701689999999999969e+01
3.333239999999999981e+01 -1.986659999999999826e+01 6.259250000000000114e+01
4.020500000000000185e+00 -1.796630000000000038e+01 5.689789999999999992e+01
3.304579999999999984e+01 -4.189099999999999824e+00 6.266360000000000241e+01
3.833800000000000097e+00 -4.472829999999999728e+01 4.622710000000000008e+01
3.665099999999999802e+00 3.565379999999999683e+01 3.218650000000000233e+01
2.763269999999999982e+01 4.188580000000000325e+01 5.036379999999999768e+01
6.047500000000000320e+00 2.586720000000000041e+01 6.389110000000000156e+01
1.599920000000000009e+01 -5.507569999999999766e+01 5.571800000000000352e+01
4.991310000000000002e+01 -8.334899999999999309e+00 1.797190000000000154e+01
4.936580000000000013e+01 -2.962930000000000064e+01 4.764580000000000126e+01
8.491400000000000503e+00 6.183679999999999666e+01 2.664249999999999829e+01
2.816789999999999949e+01 2.349869999999999948e+01 -8.659700000000000175e-01
3.823769999999999669e+01 -1.333389999999999986e+01 3.029720000000000013e+01
3.721569999999999823e+01 2.294399999999999995e+00 2.408010000000000161e+01
