1.699070000000000080e+00 2.856040000000000134e+00 2.612639999999999851e+00 2.623909999999999965e+00 2.627530000000000143e+00 2.615180000000000060e+00 2.318449999999999900e+00 2.451420000000000154e+00 2.277470000000000105e+00 2.172849999999999948e+00 2.054930000000000145e+00
1.191419999999999924e+00 1.880519999999999969e+00 1.891180000000000083e+00 1.840799999999999992e+00 1.868849999999999900e+00 1.941259999999999986e+00 1.745149999999999979e+00 1.819209999999999994e+00 1.776650000000000063e+00 1.725079999999999947e+00 1.685389999999999944e+00
2.097480000000000011e+00 3.256279999999999841e+00 2.857979999999999965e+00 3.099680000000000213e+00 3.389689999999999870e+00 1.974779999999999980e+00 2.827220000000000066e+00 3.138889999999999958e+00 2.679840000000000000e+00 2.722290000000000099e+00 2.456170000000000186e+00
2.271220000000000017e+00 2.594219999999999970e+00 3.724359999999999893e+00 2.346340000000000092e+00 3.257089999999999819e+00 4.024549999999999628e+00 2.903129999999999988e+00 3.327949999999999964e+00 2.812559999999999949e+00 2.803279999999999994e+00 2.556929999999999925e+00
1.430549999999999988e+00 1.814710000000000045e+00 1.822510000000000074e+00 1.757149999999999990e+00 1.779099999999999904e+00 1.826489999999999947e+00 1.673159999999999981e+00 1.741870000000000029e+00 1.694849999999999968e+00 1.662500000000000089e+00 1.636849999999999916e+00
2.063530000000000086e+00 3.457040000000000113e+00 3.280450000000000088e+00 3.382130000000000081e+00 3.270410000000000039e+00 3.403070000000000039e+00 2.749870000000000037e+00 3.089890000000000025e+00 2.584350000000000147e+00 2.671469999999999789e+00 2.405040000000000067e+00
3.434250000000000025e+00 4.498929999999999652e+00 5.123099999999999987e+00 3.454470000000000152e+00 4.805030000000000356e+00 5.528489999999999682e+00 4.103349999999999831e+00 4.614390000000000214e+00 3.639959999999999862e+00 3.720689999999999831e+00 3.251170000000000115e+00
2.445370000000000044e+00 4.103539999999999743e+00 2.733280000000000154e+00 3.706350000000000033e+00 3.828669999999999796e+00 2.275780000000000136e+00 3.269109999999999960e+00 3.615130000000000177e+00 3.079190000000000094e+00 3.084499999999999797e+00 2.741480000000000139e+00
1.424260000000000081e+00 2.256209999999999827e+00 2.172919999999999963e+00 2.135909999999999975e+00 2.082819999999999894e+00 2.314000000000000057e+00 1.987370000000000081e+00 2.048890000000000100e+00 1.957680000000000087e+00 1.875110000000000054e+00 1.823409999999999975e+00
3.796720000000000095e+00 5.070549999999999891e+00 5.559660000000000046e+00 5.191159999999999997e+00 5.138729999999999798e+00 5.761899999999999800e+00 2.808380000000000098e+00 5.123499999999999943e+00 2.561630000000000074e+00 3.965669999999999806e+00 2.251720000000000166e+00
1.893629999999999924e+00 3.134339999999999904e+00 2.972469999999999946e+00 3.014629999999999921e+00 3.038229999999999986e+00 3.012599999999999945e+00 2.627880000000000216e+00 2.764590000000000103e+00 2.471020000000000216e+00 2.474549999999999805e+00 2.269429999999999836e+00
1.338780000000000081e+00 2.047320000000000029e+00 2.096400000000000041e+00 2.011559999999999793e+00 2.036319999999999908e+00 2.104389999999999983e+00 1.916320000000000023e+00 1.945380000000000109e+00 1.833550000000000013e+00 1.812640000000000029e+00 1.742119999999999891e+00
1.691380000000000106e+00 2.638430000000000053e+00 2.540909999999999780e+00 2.557220000000000049e+00 2.704149999999999832e+00 2.737429999999999808e+00 2.429650000000000087e+00 2.498829999999999885e+00 2.328629999999999978e+00 2.207040000000000113e+00 2.114170000000000105e+00
2.569729999999999848e+00 4.196839999999999904e+00 3.224000000000000199e+00 3.474200000000000177e+00 4.008750000000000036e+00 2.375739999999999963e+00 3.420640000000000125e+00 3.846169999999999867e+00 3.149750000000000050e+00 3.196340000000000181e+00 2.887789999999999857e+00
1.411110000000000086e+00 1.777279999999999971e+00 1.769870000000000054e+00 1.723850000000000104e+00 1.745989999999999931e+00 1.799330000000000096e+00 1.648889999999999967e+00 1.713219999999999965e+00 1.662819999999999965e+00 1.643960000000000088e+00 1.615629999999999900e+00
1.827960000000000029e+00 2.952830000000000066e+00 2.855199999999999960e+00 2.695840000000000014e+00 2.877749999999999808e+00 2.991089999999999804e+00 2.526780000000000026e+00 2.618079999999999963e+00 2.500030000000000197e+00 2.383669999999999956e+00 2.194080000000000030e+00
2.169020000000000170e+00 3.457710000000000061e+00 3.454460000000000086e+00 3.236660000000000093e+00 3.538780000000000037e+00 3.485749999999999904e+00 3.120179999999999954e+00 3.225249999999999950e+00 2.820530000000000204e+00 2.762750000000000039e+00 2.508939999999999948e+00
1.607480000000000020e+00 2.559579999999999966e+00 2.515589999999999993e+00 2.404339999999999922e+00 2.410590000000000011e+00 2.523410000000000153e+00 2.186310000000000198e+00 2.308380000000000098e+00 2.117589999999999861e+00 2.074689999999999923e+00 1.986790000000000056e+00
1.947130000000000027e+00 3.165090000000000181e+00 2.944659999999999833e+00 2.943239999999999856e+00 3.121780000000000221e+00 3.138300000000000090e+00 2.691460000000000186e+00 2.794599999999999973e+00 2.533609999999999918e+00 2.512680000000000025e+00 2.311090000000000089e+00
1.784610000000000030e+00 2.580470000000000041e+00 2.913850000000000051e+00 2.555989999999999984e+00 2.719980000000000064e+00 2.979089999999999794e+00 2.360570000000000057e+00 2.551309999999999967e+00 2.264769999999999950e+00 2.259040000000000159e+00 2.145950000000000024e+00
2.344889999999999919e+00 3.849660000000000082e+00 3.748320000000000096e+00 2.339249999999999829e+00 3.716730000000000089e+00 3.967550000000000132e+00 3.376790000000000180e+00 3.495620000000000172e+00 3.021370000000000111e+00 2.959099999999999842e+00 2.685270000000000046e+00
1.463060000000000027e+00 1.835159999999999902e+00 1.866989999999999927e+00 1.787069999999999936e+00 1.830640000000000045e+00 1.906830000000000025e+00 1.734709999999999974e+00 1.781209999999999960e+00 1.744220000000000104e+00 1.697480000000000100e+00 1.662150000000000016e+00
3.178760000000000030e+00 5.222389999999999866e+00 3.990139999999999798e+00 3.649399999999999977e+00 4.397899999999999920e+00 4.896130000000000315e+00 4.132640000000000313e+00 4.701950000000000074e+00 3.862880000000000091e+00 3.735419999999999963e+00 3.388339999999999907e+00
2.152789999999999981e+00 3.090419999999999945e+00 3.262539999999999996e+00 3.285950000000000149e+00 3.197729999999999961e+00 3.739819999999999922e+00 2.863589999999999858e+00 3.215320000000000178e+00 2.770469999999999988e+00 2.743840000000000057e+00 2.520000000000000018e+00
1.337809999999999944e+00 2.079110000000000014e+00 2.052939999999999987e+00 1.998930000000000096e+00 2.025599999999999845e+00 2.169049999999999923e+00 1.926739999999999897e+00 2.008760000000000101e+00 1.930949999999999944e+00 1.857969999999999899e+00 1.796899999999999942e+00
3.078050000000000175e+00 3.530279999999999863e+00 3.913370000000000015e+00 3.581170000000000186e+00 3.914709999999999912e+00 3.958149999999999835e+00 2.525490000000000013e+00 3.809060000000000112e+00 2.110129999999999839e+00 3.161579999999999835e+00 2.860269999999999868e+00
3.386769999999999836e+00 4.695359999999999978e+00 3.721249999999999947e+00 3.526670000000000194e+00 4.974380000000000024e+00 4.892509999999999692e+00 3.873089999999999922e+00 5.018970000000000375e+00 3.737779999999999880e+00 3.952690000000000037e+00 3.542370000000000019e+00
4.708160000000000345e+00 4.989810000000000301e+00 5.276510000000000034e+00 5.009520000000000195e+00 3.866369999999999862e+00 6.933370000000000033e+00 3.889790000000000081e+00 3.107769999999999921e+00 3.030009999999999870e+00 2.672210000000000196e+00 2.533879999999999910e+00
2.867989999999999817e+00 3.830830000000000179e+00 3.726999999999999869e+00 3.586990000000000123e+00 3.649979999999999780e+00 3.708940000000000126e+00 3.290150000000000130e+00 3.530569999999999986e+00 3.055260000000000087e+00 2.992640000000000189e+00 2.715910000000000046e+00
2.559899999999999842e+00 4.114620000000000388e+00 3.464259999999999895e+00 3.583169999999999966e+00 3.938569999999999904e+00 4.246249999999999858e+00 3.349050000000000082e+00 3.740149999999999864e+00 3.135159999999999947e+00 3.154339999999999922e+00 2.826519999999999921e+00
1.545560000000000045e+00 2.001729999999999787e+00 1.947040000000000104e+00 1.892020000000000035e+00 1.948010000000000019e+00 2.003989999999999938e+00 1.819110000000000005e+00 1.882419999999999982e+00 1.811090000000000089e+00 1.771260000000000057e+00 1.725510000000000099e+00
1.417929999999999913e+00 2.216530000000000111e+00 2.146529999999999827e+00 2.122619999999999951e+00 2.112239999999999895e+00 2.159879999999999800e+00 1.970429999999999904e+00 2.059250000000000025e+00 1.959400000000000031e+00 1.893880000000000008e+00 1.832189999999999985e+00
1.338789999999999925e+00 2.194350000000000023e+00 2.026299999999999990e+00 1.993859999999999966e+00 2.015699999999999825e+00 2.105609999999999982e+00 1.876060000000000061e+00 1.930449999999999999e+00 1.871240000000000014e+00 1.815350000000000019e+00 1.758580000000000032e+00
2.112849999999999895e+00 3.476259999999999906e+00 3.074089999999999989e+00 3.179559999999999942e+00 3.297950000000000159e+00 3.485209999999999919e+00 3.003229999999999844e+00 3.106829999999999981e+00 2.734620000000000051e+00 2.726780000000000204e+00 2.449819999999999887e+00
1.912179999999999991e+00 2.856149999999999967e+00 3.068770000000000220e+00 3.064770000000000216e+00 2.815830000000000055e+00 2.902439999999999909e+00 2.610970000000000013e+00 2.795240000000000169e+00 2.742259999999999920e+00 2.489970000000000017e+00 2.324809999999999821e+00
1.489370000000000083e+00 1.887650000000000050e+00 1.908660000000000023e+00 1.891469999999999985e+00 1.874989999999999934e+00 1.881639999999999979e+00 1.789600000000000080e+00 1.835450000000000026e+00 1.801960000000000006e+00 1.736669999999999936e+00 1.699489999999999945e+00
2.156250000000000000e+00 3.089980000000000171e+00 3.147330000000000183e+00 3.254589999999999872e+00 2.724730000000000096e+00 3.307589999999999808e+00 2.873810000000000198e+00 3.242929999999999868e+00 2.916869999999999852e+00 2.704950000000000188e+00 2.496879999999999988e+00
2.970819999999999794e+00 3.550809999999999800e+00 4.756980000000000430e+00 2.753509999999999902e+00 2.847719999999999807e+00 3.994769999999999932e+00 4.343799999999999883e+00 2.176769999999999872e+00 3.595169999999999977e+00 3.379610000000000003e+00 3.174560000000000048e+00
1.377539999999999987e+00 1.658900000000000041e+00 1.704499999999999904e+00 1.671780000000000044e+00 1.697300000000000031e+00 1.759889999999999954e+00 1.617580000000000018e+00 1.693210000000000104e+00 1.666039999999999965e+00 1.628900000000000015e+00 1.605969999999999898e+00
2.790210000000000079e+00 3.183489999999999931e+00 3.508350000000000080e+00 3.112830000000000208e+00 3.152179999999999982e+00 3.286979999999999791e+00 2.998810000000000198e+00 3.302059999999999995e+00 3.172789999999999999e+00 2.746070000000000011e+00 2.559369999999999923e+00
4.797589999999999577e+00 4.863900000000000112e+00 5.090729999999999755e+00 4.593110000000000248e+00 5.990269999999999762e+00 5.848290000000000433e+00 5.259190000000000254e+00 7.342800000000000438e+00 5.461570000000000036e+00 2.549490000000000034e+00 4.164310000000000400e+00
3.533830000000000027e+00 4.753409999999999691e+00 3.878210000000000157e+00 4.745949999999999669e+00 4.788450000000000095e+00 4.612099999999999866e+00 3.147460000000000147e+00 4.945409999999999862e+00 4.841680000000000206e+00 2.128010000000000179e+00 3.480820000000000025e+00
1.587199999999999944e+00 1.932039999999999980e+00 2.013570000000000082e+00 2.010219999999999896e+00 1.941410000000000080e+00 2.003490000000000215e+00 1.932190000000000074e+00 1.904530000000000056e+00 1.899040000000000061e+00 1.766739999999999977e+00 1.764669999999999961e+00
4.767780000000000129e+00 4.882010000000000183e+00 6.289570000000000327e+00 4.394269999999999676e+00 4.020489999999999675e+00 3.636789999999999967e+00 5.735940000000000261e+00 6.122980000000000089e+00 5.355299999999999727e+00 4.580720000000000347e+00 4.366769999999999818e+00
2.242210000000000036e+00 2.594679999999999875e+00 3.688099999999999934e+00 3.406039999999999957e+00 3.246039999999999814e+00 3.414670000000000094e+00 3.011880000000000113e+00 3.324530000000000207e+00 2.959420000000000162e+00 2.822179999999999911e+00 2.606129999999999836e+00
1.553060000000000107e+00 2.258329999999999949e+00 2.445689999999999920e+00 2.208779999999999966e+00 2.241319999999999979e+00 2.322599999999999998e+00 2.201109999999999900e+00 2.206690000000000040e+00 2.287329999999999863e+00 2.010380000000000056e+00 1.972059999999999924e+00
1.867369999999999974e+00 2.895719999999999850e+00 2.925129999999999786e+00 2.798290000000000166e+00 2.926530000000000076e+00 2.920110000000000205e+00 2.620890000000000164e+00 2.728390000000000093e+00 2.515940000000000065e+00 2.456510000000000193e+00 2.255129999999999857e+00
4.261790000000000411e+00 5.131020000000000358e+00 5.133099999999999774e+00 5.869349999999999845e+00 5.069180000000000241e+00 3.381260000000000154e+00 3.102970000000000006e+00 5.748389999999999667e+00 5.380379999999999718e+00 4.228119999999999656e+00 4.028229999999999755e+00
1.354850000000000110e+00 1.629399999999999959e+00 1.667389999999999928e+00 1.635669999999999957e+00 1.663100000000000023e+00 1.722020000000000106e+00 1.591920000000000002e+00 1.662539999999999907e+00 1.639420000000000099e+00 1.606549999999999923e+00 1.586680000000000090e+00
1.964890000000000025e+00 3.062790000000000123e+00 3.046959999999999891e+00 2.868570000000000064e+00 2.869260000000000144e+00 3.066629999999999967e+00 2.494289999999999896e+00 2.809919999999999973e+00 2.643829999999999902e+00 2.495000000000000107e+00 2.338429999999999787e+00
2.172039999999999971e+00 2.317039999999999988e+00 3.023449999999999971e+00 3.288419999999999899e+00 3.067219999999999835e+00 3.255799999999999805e+00 2.901549999999999851e+00 3.237870000000000026e+00 2.881219999999999892e+00 2.719679999999999875e+00 2.515909999999999869e+00
2.436059999999999892e+00 3.111320000000000086e+00 3.387449999999999850e+00 3.203689999999999927e+00 2.378280000000000172e+00 1.958050000000000068e+00 2.839550000000000018e+00 3.144629999999999814e+00 2.795939999999999870e+00 2.659740000000000215e+00 2.472960000000000047e+00
1.993440000000000101e+00 3.085999999999999854e+00 3.075229999999999908e+00 2.851119999999999877e+00 2.849260000000000126e+00 2.936970000000000081e+00 2.625739999999999963e+00 2.841369999999999951e+00 2.641280000000000072e+00 2.522359999999999935e+00 2.335240000000000204e+00
2.045389999999999819e+00 2.932339999999999947e+00 3.633140000000000036e+00 2.499950000000000117e+00 2.898309999999999942e+00 3.033180000000000209e+00 3.084309999999999885e+00 3.008859999999999868e+00 2.924549999999999983e+00 2.664350000000000218e+00 3.926159999999999872e+00
2.718710000000000182e+00 3.335949999999999971e+00 4.236950000000000216e+00 3.618570000000000064e+00 3.669779999999999820e+00 4.066609999999999836e+00 3.514359999999999928e+00 4.037139999999999951e+00 3.410870000000000068e+00 3.199419999999999931e+00 3.046990000000000087e+00
1.567299999999999915e+00 1.923810000000000020e+00 1.962190000000000101e+00 1.926460000000000061e+00 1.938450000000000006e+00 1.991209999999999924e+00 1.870710000000000095e+00 1.899329999999999963e+00 1.853520000000000056e+00 1.768829999999999902e+00 1.738469999999999960e+00
3.017040000000000166e+00 3.361860000000000070e+00 4.068229999999999791e+00 4.396779999999999688e+00 2.847329999999999917e+00 4.669920000000000293e+00 2.892580000000000151e+00 4.510530000000000150e+00 3.779729999999999812e+00 2.016049999999999898e+00 3.265849999999999920e+00
2.569910000000000139e+00 2.656419999999999781e+00 3.769260000000000055e+00 3.076200000000000045e+00 2.792769999999999975e+00 2.159419999999999895e+00 2.777839999999999865e+00 3.592670000000000030e+00 3.187479999999999869e+00 2.971429999999999794e+00 2.856100000000000083e+00
1.245900000000000007e+00 1.911980000000000013e+00 1.883950000000000014e+00 1.908560000000000034e+00 1.889180000000000081e+00 1.923580000000000068e+00 1.801779999999999937e+00 1.861469999999999958e+00 1.811930000000000041e+00 1.749700000000000033e+00 1.710639999999999938e+00
2.713360000000000216e+00 3.647879999999999789e+00 4.185609999999999609e+00 2.824930000000000163e+00 2.621150000000000091e+00 2.346960000000000157e+00 2.634119999999999795e+00 4.078240000000000087e+00 3.376930000000000209e+00 1.904770000000000074e+00 3.034740000000000215e+00
3.617080000000000073e+00 4.076730000000000409e+00 4.016569999999999752e+00 4.289030000000000342e+00 5.080359999999999765e+00 3.137439999999999785e+00 4.584080000000000155e+00 5.242329999999999934e+00 4.180209999999999759e+00 4.135849999999999582e+00 3.705550000000000122e+00
4.784659999999999691e+00 4.828109999999999680e+00 5.162279999999999980e+00 5.968899999999999650e+00 4.002710000000000434e+00 3.618799999999999795e+00 3.745480000000000143e+00 3.105599999999999916e+00 3.550660000000000149e+00 2.548750000000000071e+00 4.322669999999999568e+00
2.871100000000000207e+00 3.736740000000000173e+00 4.531909999999999883e+00 4.161139999999999617e+00 2.683930000000000149e+00 4.087299999999999933e+00 2.719770000000000021e+00 4.185419999999999696e+00 3.606930000000000192e+00 3.390789999999999971e+00 3.042240000000000055e+00
2.984719999999999818e+00 4.374229999999999841e+00 4.315159999999999663e+00 4.132310000000000372e+00 3.249000000000000110e+00 2.469069999999999876e+00 3.524809999999999999e+00 4.268620000000000303e+00 3.765320000000000000e+00 3.304969999999999963e+00 3.142149999999999999e+00
1.406260000000000066e+00 2.098300000000000054e+00 2.137249999999999872e+00 2.065620000000000012e+00 2.019559999999999800e+00 2.133150000000000102e+00 1.940280000000000005e+00 2.032059999999999977e+00 1.965330000000000021e+00 1.851290000000000102e+00 1.819860000000000033e+00
1.716199999999999948e+00 1.984809999999999963e+00 2.669610000000000039e+00 2.667250000000000121e+00 2.599899999999999878e+00 2.702129999999999921e+00 2.335669999999999913e+00 2.495519999999999960e+00 2.437669999999999781e+00 2.238239999999999785e+00 2.113599999999999923e+00
1.484010000000000051e+00 1.874130000000000074e+00 1.900560000000000027e+00 1.854049999999999976e+00 1.716949999999999976e+00 1.919440000000000035e+00 1.778710000000000013e+00 1.777570000000000094e+00 1.790119999999999933e+00 1.708180000000000032e+00 1.678530000000000078e+00
1.996510000000000007e+00 2.868729999999999780e+00 3.209480000000000111e+00 3.122349999999999959e+00 2.909349999999999881e+00 3.132690000000000197e+00 2.672449999999999992e+00 2.950200000000000156e+00 2.714459999999999873e+00 2.562079999999999913e+00 2.349650000000000016e+00
