-0.76793436674595916269 -0.63316328819179723553 0.096855866402782861413
-0.12115472651542777416 0.40248590582143051186 0.9073734776033925975
-0.5205848381673130465 0.047959384042390904024 0.8524619192389693012
-0.037513759010600694621 -0.99708592291309205979 0.066425749626495472766
-0.68909627996984557097 0.20958460092125499874 -0.69370066454371981379
-0.6101236563005654201 -0.71771988100276029598 -0.33559990529768241041
-0.46638546168779704271 -0.85044308761767284377 0.24337451766686563071
-0.8298399057658060185 -0.43626920645786843034 -0.34790071902084374056
-0.13437995778089226184 -0.92493296046725026471 0.35558549687535617734
-0.28230869844465777962 -0.9446899377961222033 -0.16692129944750039305
-0.50324859017935796857 0.85802753422882682699 0.10261387327105354894
-0.14125719206820760987 -0.98312031095339413866 -0.11627923236720914824
-0.10542292990873257386 0.97446535774402054386 0.19825052939721643508
-0.93756298693603090655 -0.30689358306455200021 -0.16368254091804942951
-0.67131718363036529951 -0.64292172376328837746 -0.36876129959071929365
-0.10891294860101288777 -0.53259214838663926361 0.83933519710776882672
-0.81974498103609205746 0.39000973216720319359 0.41941694634456944124
-0.59603160794819232127 0.78275194686074145434 0.17901316156196761531
-0.63125303149484446319 0.66265350555848578917 0.40300116848418576776
-0.12837563743021646046 -0.99065079572619052506 -0.046159469683382310656
-0.60096375853174510695 -0.40967274563842798196 0.68630226752683098912
-0.13062963958046330815 -0.50058650250152425532 0.85577394840949072563
-0.58544451551637799458 -0.22425899153434533662 0.77907806025313797171
-0.14839554686972775133 -0.90474264208566546053 0.39927373224529022488
-0.097685210959342225201 0.89200931515026227192 0.44133545205998236938
-0.44824000442545880452 0.65994393854539912248 0.60295513631600428095
-0.17924095813724608139 0.37629368047057371038 0.90899710943652167749
-0.26747630392649179853 -0.82770516243021607927 0.4933159139174334018
-0.989432933965098238 -0.14097467722470849449 0.033891142893192734153
-0.68334478992203939729 -0.57644716067937540327 0.44804973946102233384
-0.07886703492955582373 0.93758980514038225973 0.33868177999154380764
-0.68588785384097594733 0.57322365501850036651 -0.4482995575289490664
-0.89187292119042338445 -0.36461776546045326919 0.26761273803368690327
-0.94529142797847587332 0.14092920376312553787 0.29421603579190797051
0.82243288021631288931 -0.54124195617013581838 0.17510369048145363324
0.099063268452185035406 0.52153854662748710957 0.84745738136218906611
0.4487510593116943447 0.077059650977882254708 0.89032819620508441005
0.13773161597874192252 -0.98535281787780892859 0.10054763179779936666
0.84912181503465178345 0.22235355975837445275 -0.47911484812624766105
0.71980261129156342115 -0.63625426372734450453 -0.27760531815262701194
0.55538185143846208192 -0.76409872145738011451 0.32818309365350184503
0.89436483672436950521 -0.32907242738985970076 -0.3030228974231769512
0.16641238358290255661 -0.88946500721237342635 0.42562767712514854024
0.41827269211273437888 -0.9030199471727570204 -0.097994540872829646871
0.52064986867700113748 0.8384376902815446897 0.16107747751305975803
0.23627097529653770525 -0.96962813203835518383 -0.063224297483111466245
0.13131181500880129143 0.97050392689266307134 0.20218638709125466568
0.96951634908246420164 -0.22971041388410595729 -0.08527118279349692187
0.80250692911934795593 -0.53907583879955156547 -0.25569487428963733056
0.076612609283675844885 -0.45554261651752442353 0.88691117516643935836
0.82121549770405988244 0.30805336200343402808 0.48032096819632447149
0.60621902943743322112 0.75199218675137557977 0.25885563430765895498
0.68956947263356027644 0.58846531490055509206 0.42214039793753960206
0.19530269398384217383 -0.98070992243684174117 0.0080564108992494092715
0.54578821714942959975 -0.38029651210486398183 0.74665238558630631083
0.12328576528255053013 -0.36618451120258310727 0.92233915878814398681
0.54574010641291148538 -0.15427230256447083123 0.8236308596172683405
0.17944954556179043559 -0.87763326983549483362 0.44447463850654567175
0.090169991580471384185 0.88156466634373309432 0.4633714618668699492
0.45238579503873660448 0.6498165166662953629 0.6108073240514169111
0.14535305471600279414 0.43810389117284992411 0.8870949611084116837
0.25955376216092490571 -0.82804428716445344083 0.49696529359948476978
0.99413325434563148963 -0.0069995041930073480935 0.10793553421008150739
0.72654187691145499794 -0.43856164472044939506 0.52896179906877416332
0.13213150356455499734 0.9528181279372737178 0.27327436916015179769
0.70732714308550614923 0.62535648593383375005 -0.32957181031602633681
0.91009655192140204161 -0.22845670944889454046 0.34573370979492007438
0.92144086980069661585 0.1835016403890772918 0.34245272876041388255
