-4.548160000000000025e+01 -3.730369999999999919e+01 5.322000000000000064e+00
-5.497200000000000308e+00 1.840299999999999869e+01 4.162519999999999953e+01
-3.266700000000000159e+01 1.096700000000000008e+00 5.606080000000000041e+01
-2.085599999999999898e+00 -8.171059999999999945e+01 2.828199999999999825e+00
-1.849419999999999931e+01 5.090499999999999581e+00 -2.116400000000000148e+01
-2.946559999999999846e+01 -3.503139999999999787e+01 -1.667119999999999891e+01
-3.687780000000000058e+01 -6.598749999999999716e+01 2.020690000000000097e+01
-4.554110000000000014e+01 -2.479710000000000036e+01 -1.884459999999999980e+01
-5.727500000000000036e+00 -4.138020000000000209e+01 1.595509999999999984e+01
-2.454110000000000014e+01 -7.960190000000000055e+01 -1.115090000000000003e+01
-2.294000000000000128e+01 3.937270000000000181e+01 4.620000000000000107e+00
-7.408000000000000362e+00 -5.930290000000000106e+01 -8.599099999999999966e+00
-4.277499999999999858e+00 4.337709999999999866e+01 7.979400000000000048e+00
-5.299090000000000344e+01 -1.448559999999999981e+01 -7.045600000000000307e+00
-2.175219999999999843e+01 -2.226389999999999958e+01 -1.286410000000000053e+01
-7.428799999999999848e+00 -3.278470000000000084e+01 5.100130000000000052e+01
-4.700169999999999959e+01 2.279060000000000130e+01 2.444259999999999877e+01
-3.788929999999999865e+01 5.245830000000000126e+01 7.957399999999999807e+00
-3.902590000000000003e+01 4.370380000000000109e+01 2.200300000000000011e+01
-8.174400000000000333e+00 -7.029930000000000234e+01 -5.449900000000000411e+00
-3.832549999999999812e+01 -2.349810000000000088e+01 4.453529999999999944e+01
-7.018900000000000361e+00 -2.397319999999999851e+01 3.828770000000000095e+01
-3.405299999999999727e+01 -1.213879999999999981e+01 4.829910000000000281e+01
-5.543700000000000294e+00 -5.868860000000000099e+01 2.460529999999999973e+01
-5.612400000000000055e+00 3.986489999999999867e+01 1.757389999999999830e+01
-2.650829999999999842e+01 4.550560000000000116e+01 4.265749999999999886e+01
-8.208000000000000185e+00 1.971450000000000102e+01 5.251500000000000057e+01
-2.072340000000000160e+01 -6.479399999999999693e+01 3.881819999999999737e+01
-4.444850000000000279e+01 -5.297299999999999898e+00 4.193399999999999572e+00
-4.894299999999999784e+01 -3.966700000000000159e+01 2.754459999999999908e+01
-5.607499999999999929e+00 7.398770000000000380e+01 2.358920000000000172e+01
-3.009179999999999922e+01 2.483239999999999981e+01 -2.076040000000000063e+01
-4.037349999999999994e+01 -1.450910000000000011e+01 1.464010000000000034e+01
-3.824049999999999727e+01 4.398699999999999832e+00 1.282489999999999952e+01
4.981300000000000239e+01 -3.457909999999999684e+01 9.272899999999999920e+00
1.666500000000000092e+00 2.237590000000000146e+01 3.937279999999999802e+01
3.024569999999999936e+01 4.831699999999999662e+00 5.718130000000000024e+01
7.655599999999999739e+00 -7.719389999999999930e+01 8.836899999999999977e+00
2.673890000000000100e+01 5.919599999999999973e+00 -1.755430000000000135e+01
3.320150000000000290e+01 -2.906259999999999977e+01 -1.285459999999999958e+01
4.363569999999999993e+01 -5.709440000000000026e+01 2.582229999999999848e+01
5.041069999999999851e+01 -1.884240000000000137e+01 -1.719249999999999901e+01
7.095699999999999896e+00 -3.830190000000000339e+01 1.912170000000000059e+01
3.190190000000000126e+01 -7.802790000000000248e+01 -5.906600000000000072e+00
2.425509999999999877e+01 4.133769999999999811e+01 8.001200000000000756e+00
1.379720000000000013e+01 -5.387639999999999674e+01 -1.167200000000000015e+00
6.080000000000000071e+00 4.319200000000000017e+01 1.078880000000000017e+01
5.855709999999999837e+01 -1.531380000000000052e+01 -5.893500000000000405e+00
2.808830000000000027e+01 -1.989300000000000068e+01 -9.376899999999999125e+00
5.411800000000000388e+00 -3.185670000000000002e+01 5.457090000000000174e+01
4.325569999999999737e+01 1.997790000000000177e+01 2.458409999999999940e+01
4.189110000000000156e+01 4.984870000000000090e+01 1.885549999999999926e+01
4.272990000000000066e+01 3.752510000000000190e+01 2.546940000000000026e+01
1.502490000000000059e+01 -7.269830000000000325e+01 1.966499999999999915e+00
3.613239999999999696e+01 -2.772269999999999968e+01 4.747500000000000142e+01
6.783699999999999619e+00 -1.577820000000000000e+01 3.989739999999999753e+01
3.122319999999999851e+01 -1.097860000000000014e+01 5.388689999999999714e+01
1.309350000000000058e+01 -5.620459999999999923e+01 2.742030000000000101e+01
4.016899999999999693e+00 3.848940000000000339e+01 2.073939999999999984e+01
3.216660000000000252e+01 4.427089999999999748e+01 4.256660000000000110e+01
8.436600000000000321e+00 2.979479999999999862e+01 5.391029999999999944e+01
1.944549999999999912e+01 -6.615470000000000539e+01 4.139470000000000027e+01
5.414900000000000091e+01 1.426099999999999923e+00 1.703899999999999970e+00
4.802020000000000266e+01 -2.712930000000000064e+01 3.330210000000000292e+01
9.612600000000000477e+00 7.102249999999999375e+01 2.310470000000000113e+01
2.752130000000000010e+01 2.629189999999999827e+01 -1.242179999999999929e+01
4.226749999999999829e+01 -1.023049999999999926e+01 1.767569999999999908e+01
3.860499999999999687e+01 7.142800000000000260e+00 1.841369999999999862e+01
