-5.520629999999999882e+01 -4.231580000000000297e+01 1.705999999999999961e+00
3.238800000000000012e-02 4.311099999999999710e+00 4.092499999999999716e+01
-3.351069999999999993e+01 -3.318900000000000183e+00 5.350180000000000291e+01
-1.042109999999999914e+01 -8.113020000000000209e+01 3.936199999999999921e+00
-2.603940000000000055e+01 5.586100000000000065e+00 -2.032100000000000151e+01
-4.231589999999999918e+01 -3.709340000000000259e+01 -1.996310000000000073e+01
-4.622149999999999892e+01 -6.738800000000000523e+01 1.155959999999999965e+01
-5.179350000000000165e+01 -2.396839999999999904e+01 -1.987389999999999901e+01
-9.969300000000000495e+00 -4.815420000000000300e+01 7.584200000000000053e+00
-3.202120000000000033e+01 -8.233610000000000184e+01 -2.012610000000000099e+01
-2.229009999999999891e+01 3.624889999999999901e+01 5.158299999999999663e+00
-1.556349999999999945e+01 -5.806869999999999976e+01 -1.610409999999999897e+01
-4.860500000000000043e+00 3.574060000000000059e+01 7.497799999999999798e+00
-5.758930000000000149e+01 -2.102469999999999928e+01 -8.257699999999999818e+00
-2.164760000000000062e+01 -2.537490000000000023e+01 -1.717079999999999984e+01
-4.446200000000000152e+00 -5.221000000000000085e+01 4.763080000000000069e+01
-4.347950000000000159e+01 1.242360000000000042e+01 3.107479999999999976e+01
-3.733259999999999934e+01 4.485540000000000305e+01 1.220839999999999925e+01
-4.355919999999999703e+01 2.782779999999999987e+01 2.438329999999999842e+01
-1.013129999999999953e+01 -7.954240000000000066e+01 -1.244589999999999996e+01
-4.124029999999999774e+01 -3.741329999999999956e+01 4.338660000000000139e+01
-6.299400000000000333e+00 -3.509080000000000155e+01 3.565420000000000300e+01
-3.871170000000000044e+01 -2.974459999999999837e+01 4.440590000000000259e+01
-1.197380000000000067e+01 -6.720699999999999363e+01 1.957270000000000110e+01
-1.392400000000000027e-01 3.283939999999999770e+01 2.559349999999999881e+01
-2.963710000000000022e+01 3.866449999999999676e+01 3.839090000000000202e+01
-5.147999999999999687e+00 1.148579999999999934e+01 5.344709999999999894e+01
-2.718479999999999919e+01 -7.399250000000000682e+01 2.629830000000000112e+01
-5.104699999999999704e+01 -1.118979999999999997e+01 6.052500000000000213e+00
-5.737400000000000233e+01 -4.503640000000000043e+01 2.465409999999999968e+01
-5.709699999999999775e+00 6.467610000000000525e+01 1.796300000000000097e+01
-3.513210000000000122e+01 2.062180000000000035e+01 -1.319500000000000028e+01
-4.004780000000000229e+01 -2.095880000000000010e+01 1.587170000000000059e+01
-3.708250000000000313e+01 5.416699999999999848e-01 1.649620000000000175e+01
5.084340000000000259e+01 -4.238819999999999766e+01 3.112099999999999866e-01
1.943000000000000060e+00 1.666600000000000081e+00 4.190699999999999648e+01
3.066689999999999827e+01 -2.143870000000000076e+01 5.362570000000000192e+01
1.065900000000000042e-01 -8.371899999999999409e+01 -1.665619999999999834e+01
1.676060000000000016e+01 4.640200000000000102e+00 -2.463919999999999888e+01
2.805590000000000117e+01 -3.408449999999999847e+01 -2.449010000000000176e+01
3.716349999999999909e+01 -7.460580000000000211e+01 9.463100000000000733e+00
4.675880000000000081e+01 -2.257730000000000103e+01 -2.217940000000000111e+01
3.290200000000000014e+00 -4.844420000000000215e+01 5.632299999999999862e+00
2.752459999999999951e+01 -8.093899999999999295e+01 -2.305940000000000012e+01
2.301910000000000167e+01 3.371529999999999916e+01 5.866500000000000270e+00
7.551300000000000345e+00 -6.031060000000000088e+01 -1.811909999999999954e+01
6.124900000000000233e+00 3.984620000000000317e+01 1.129509999999999970e+01
5.371940000000000026e+01 -2.725740000000000052e+01 -1.188620000000000054e+01
2.235150000000000148e+01 -2.568130000000000024e+01 -1.712160000000000082e+01
4.700300000000000367e+00 -5.500710000000000122e+01 4.036370000000000147e+01
4.472039999999999793e+01 -1.078999999999999959e+00 3.063289999999999935e+01
4.233220000000000027e+01 3.683800000000000097e+01 1.171460000000000079e+01
4.524450000000000216e+01 2.318329999999999913e+01 2.875309999999999988e+01
4.852800000000000225e+00 -7.502389999999999759e+01 -2.026119999999999877e+01
4.072910000000000252e+01 -4.609909999999999997e+01 3.898989999999999867e+01
-3.622900000000000009e-01 -3.909340000000000259e+01 3.101709999999999923e+01
3.373190000000000310e+01 -3.717750000000000199e+01 4.272820000000000107e+01
6.358600000000000030e+00 -7.239610000000000412e+01 1.271170000000000044e+01
4.160599999999999632e+00 3.240259999999999962e+01 2.527939999999999898e+01
3.012320000000000064e+01 2.922210000000000107e+01 4.404370000000000118e+01
8.231799999999999784e+00 -4.006899999999999906e-01 5.182860000000000156e+01
1.588069999999999915e+01 -8.384780000000000655e+01 1.515130000000000088e+01
5.012319999999999709e+01 -1.153739999999999988e+01 4.328000000000000291e+00
5.268430000000000035e+01 -4.576350000000000051e+01 2.390200000000000102e+01
1.234880000000000067e+01 6.129249999999999687e+01 2.398760000000000048e+01
2.636700000000000088e+01 2.264720000000000155e+01 -1.016169999999999973e+01
3.958080000000000354e+01 -2.234159999999999968e+01 1.255620000000000047e+01
3.474869999999999948e+01 -4.018200000000000216e+00 8.634399999999999409e+00
