1.618889999999999940e+00 1.568920000000000092e+00 1.520070000000000032e+00 1.472439999999999971e+00 1.426099999999999923e+00 1.381000000000000005e+00 1.336929999999999952e+00 1.293660000000000032e+00 1.250999999999999890e+00 1.209119999999999973e+00 1.168719999999999981e+00 1.130819999999999936e+00 1.096729999999999983e+00 1.067379999999999995e+00 1.044349999999999890e+00 1.027930000000000010e+00
1.209980000000000055e+00 1.193279999999999896e+00 1.177259999999999973e+00 1.161990000000000078e+00 1.147450000000000081e+00 1.133620000000000072e+00 1.120389999999999997e+00 1.107639999999999958e+00 1.095329999999999915e+00 1.083420000000000050e+00 1.071979999999999933e+00 1.061099999999999932e+00 1.050810000000000022e+00 1.041139999999999954e+00 1.032489999999999908e+00 1.026010000000000089e+00
2.982540000000000191e+00 2.832009999999999916e+00 2.683199999999999807e+00 2.536369999999999791e+00 2.391880000000000006e+00 2.249899999999999789e+00 2.110390000000000210e+00 1.972979999999999956e+00 1.837069999999999981e+00 1.701810000000000045e+00 1.566689999999999916e+00 1.431959999999999900e+00 1.299120000000000053e+00 1.174970000000000070e+00 1.080829999999999957e+00 1.024499999999999966e+00
2.252540000000000209e+00 2.154500000000000082e+00 2.057960000000000012e+00 1.963140000000000107e+00 1.870230000000000059e+00 1.779279999999999973e+00 1.690160000000000107e+00 1.602589999999999959e+00 1.516040000000000054e+00 1.429990000000000094e+00 1.344430000000000014e+00 1.260389999999999899e+00 1.181009999999999893e+00 1.112219999999999986e+00 1.059150000000000036e+00 1.023849999999999927e+00
1.181799999999999962e+00 1.167640000000000011e+00 1.154099999999999904e+00 1.141180000000000083e+00 1.128880000000000106e+00 1.117159999999999931e+00 1.105969999999999898e+00 1.095210000000000017e+00 1.084859999999999935e+00 1.074880000000000058e+00 1.065330000000000110e+00 1.056200000000000028e+00 1.047539999999999916e+00 1.039520000000000000e+00 1.032370000000000010e+00 1.026229999999999976e+00
2.115429999999999922e+00 2.027559999999999807e+00 1.941149999999999931e+00 1.856409999999999894e+00 1.773439999999999905e+00 1.692229999999999901e+00 1.612570000000000059e+00 1.534080000000000110e+00 1.456329999999999902e+00 1.379099999999999993e+00 1.302689999999999904e+00 1.228150000000000075e+00 1.158519999999999994e+00 1.099210000000000020e+00 1.054179999999999895e+00 1.023339999999999916e+00
3.218249999999999833e+00 3.050269999999999815e+00 2.884149999999999991e+00 2.720250000000000057e+00 2.558930000000000149e+00 2.400389999999999802e+00 2.244670000000000165e+00 2.091549999999999798e+00 1.940439999999999943e+00 1.790259999999999962e+00 1.640249999999999986e+00 1.490410000000000013e+00 1.341739999999999933e+00 1.200420000000000043e+00 1.090680000000000094e+00 1.025840000000000085e+00
2.557720000000000216e+00 2.435480000000000089e+00 2.315090000000000092e+00 2.196810000000000151e+00 2.080900000000000194e+00 1.967410000000000103e+00 1.856209999999999916e+00 1.746920000000000028e+00 1.639019999999999921e+00 1.532010000000000094e+00 1.425899999999999945e+00 1.321450000000000014e+00 1.221270000000000078e+00 1.133429999999999938e+00 1.067900000000000071e+00 1.024149999999999894e+00
1.363660000000000094e+00 1.332940000000000014e+00 1.303109999999999991e+00 1.274240000000000039e+00 1.246359999999999912e+00 1.219449999999999923e+00 1.193459999999999965e+00 1.168360000000000065e+00 1.144190000000000040e+00 1.121140000000000025e+00 1.099509999999999987e+00 1.079569999999999919e+00 1.061369999999999925e+00 1.045050000000000034e+00 1.031029999999999891e+00 1.020140000000000047e+00
3.133680000000000021e+00 2.969170000000000087e+00 2.806849999999999845e+00 2.647100000000000009e+00 2.490260000000000140e+00 2.336539999999999839e+00 2.185970000000000191e+00 2.038219999999999921e+00 1.892660000000000009e+00 1.748320000000000096e+00 1.604640000000000066e+00 1.461920000000000108e+00 1.322230000000000016e+00 1.193440000000000056e+00 1.092999999999999972e+00 1.029269999999999907e+00
1.719410000000000105e+00 1.660779999999999923e+00 1.603490000000000082e+00 1.547590000000000021e+00 1.493149999999999977e+00 1.440010000000000012e+00 1.387969999999999926e+00 1.336770000000000014e+00 1.286319999999999908e+00 1.236890000000000045e+00 1.189340000000000064e+00 1.145219999999999905e+00 1.106149999999999967e+00 1.072899999999999965e+00 1.045930000000000026e+00 1.025239999999999929e+00
1.852190000000000003e+00 1.783269999999999911e+00 1.715619999999999923e+00 1.649350000000000094e+00 1.584549999999999903e+00 1.521190000000000042e+00 1.459079999999999933e+00 1.397969999999999935e+00 1.337650000000000006e+00 1.278129999999999988e+00 1.219980000000000064e+00 1.164770000000000083e+00 1.115539999999999976e+00 1.074859999999999927e+00 1.043360000000000065e+00 1.020520000000000094e+00
1.813539999999999930e+00 1.747910000000000075e+00 1.683729999999999949e+00 1.621099999999999985e+00 1.560030000000000028e+00 1.500420000000000087e+00 1.442020000000000080e+00 1.384540000000000104e+00 1.327709999999999946e+00 1.271619999999999973e+00 1.217100000000000071e+00 1.165820000000000078e+00 1.119750000000000023e+00 1.080140000000000100e+00 1.047800000000000065e+00 1.023810000000000109e+00
2.824040000000000106e+00 2.681909999999999794e+00 2.541809999999999903e+00 2.404030000000000111e+00 2.268920000000000048e+00 2.136589999999999989e+00 2.006959999999999855e+00 1.879680000000000017e+00 1.754110000000000058e+00 1.629510000000000014e+00 1.505579999999999918e+00 1.382800000000000029e+00 1.263409999999999922e+00 1.156279999999999974e+00 1.076619999999999910e+00 1.024990000000000068e+00
1.132319999999999993e+00 1.122740000000000071e+00 1.113609999999999989e+00 1.104910000000000059e+00 1.096600000000000019e+00 1.088659999999999961e+00 1.081040000000000001e+00 1.073679999999999968e+00 1.066550000000000109e+00 1.059660000000000046e+00 1.053039999999999976e+00 1.046699999999999964e+00 1.040689999999999893e+00 1.035109999999999975e+00 1.030049999999999910e+00 1.025609999999999911e+00
2.181709999999999816e+00 2.089030000000000165e+00 1.997719999999999940e+00 1.908020000000000049e+00 1.820170000000000066e+00 1.734259999999999913e+00 1.650279999999999969e+00 1.567960000000000020e+00 1.486869999999999914e+00 1.406479999999999952e+00 1.326859999999999928e+00 1.248850000000000016e+00 1.174469999999999903e+00 1.108780000000000099e+00 1.058310000000000084e+00 1.025400000000000089e+00
2.305000000000000160e+00 2.202980000000000160e+00 2.102460000000000218e+00 2.003659999999999997e+00 1.906800000000000050e+00 1.811979999999999924e+00 1.719060000000000032e+00 1.627699999999999925e+00 1.537469999999999892e+00 1.447910000000000030e+00 1.359059999999999935e+00 1.271919999999999940e+00 1.189149999999999929e+00 1.116940000000000044e+00 1.062640000000000029e+00 1.026899999999999924e+00
1.401659999999999906e+00 1.368190000000000017e+00 1.335620000000000029e+00 1.303979999999999917e+00 1.273320000000000007e+00 1.243519999999999959e+00 1.214469999999999938e+00 1.186120000000000063e+00 1.158549999999999969e+00 1.132100000000000106e+00 1.107259999999999911e+00 1.084629999999999983e+00 1.064519999999999911e+00 1.047009999999999996e+00 1.032559999999999922e+00 1.021309999999999940e+00
2.004550000000000054e+00 1.924150000000000027e+00 1.845239999999999991e+00 1.767970000000000041e+00 1.692520000000000024e+00 1.618859999999999966e+00 1.546820000000000084e+00 1.476020000000000110e+00 1.406130000000000102e+00 1.336969999999999992e+00 1.268979999999999997e+00 1.203540000000000054e+00 1.143440000000000012e+00 1.092359999999999998e+00 1.052969999999999962e+00 1.024960000000000093e+00
1.941680000000000073e+00 1.866540000000000088e+00 1.792720000000000091e+00 1.720390000000000086e+00 1.649650000000000061e+00 1.580480000000000107e+00 1.512690000000000090e+00 1.445990000000000109e+00 1.380049999999999999e+00 1.314729999999999954e+00 1.250520000000000076e+00 1.188879999999999937e+00 1.133019999999999916e+00 1.086519999999999930e+00 1.050640000000000018e+00 1.025130000000000097e+00
3.216419999999999835e+00 3.046400000000000219e+00 2.878330000000000055e+00 2.712559999999999860e+00 2.549500000000000099e+00 2.389390000000000125e+00 2.232359999999999900e+00 2.078260000000000218e+00 1.926670000000000105e+00 1.776669999999999972e+00 1.627590000000000092e+00 1.479640000000000066e+00 1.334009999999999918e+00 1.196879999999999944e+00 1.090610000000000079e+00 1.025849999999999929e+00
1.223829999999999973e+00 1.204979999999999940e+00 1.186919999999999975e+00 1.169689999999999896e+00 1.153329999999999966e+00 1.137829999999999897e+00 1.123159999999999936e+00 1.109269999999999978e+00 1.096039999999999903e+00 1.083469999999999933e+00 1.071550000000000002e+00 1.060319999999999929e+00 1.049800000000000066e+00 1.040040000000000076e+00 1.031400000000000095e+00 1.024270000000000014e+00
3.719869999999999788e+00 3.512340000000000018e+00 3.307090000000000085e+00 3.104519999999999946e+00 2.905110000000000081e+00 2.709210000000000118e+00 2.517009999999999970e+00 2.328430000000000000e+00 2.143019999999999925e+00 1.959680000000000089e+00 1.777590000000000003e+00 1.596729999999999983e+00 1.417950000000000044e+00 1.246529999999999916e+00 1.110100000000000087e+00 1.028310000000000057e+00
2.109350000000000058e+00 2.022670000000000190e+00 1.937389999999999946e+00 1.853690000000000060e+00 1.771760000000000002e+00 1.691640000000000033e+00 1.613199999999999967e+00 1.536170000000000035e+00 1.460080000000000044e+00 1.384449999999999958e+00 1.309360000000000079e+00 1.235759999999999970e+00 1.165960000000000107e+00 1.104090000000000016e+00 1.055500000000000105e+00 1.023800000000000043e+00
1.457699999999999996e+00 1.419859999999999900e+00 1.383010000000000073e+00 1.347210000000000019e+00 1.312489999999999934e+00 1.278750000000000053e+00 1.245870000000000033e+00 1.213740000000000041e+00 1.182339999999999947e+00 1.151980000000000004e+00 1.123269999999999991e+00 1.096959999999999935e+00 1.073479999999999990e+00 1.052829999999999933e+00 1.035269999999999913e+00 1.022000000000000020e+00
3.107009999999999827e+00 2.943799999999999972e+00 2.782849999999999824e+00 2.624519999999999964e+00 2.469230000000000036e+00 2.317200000000000149e+00 2.168379999999999974e+00 2.022390000000000132e+00 1.878570000000000073e+00 1.735970000000000013e+00 1.594039999999999901e+00 1.453300000000000036e+00 1.315630000000000077e+00 1.187799999999999967e+00 1.088170000000000082e+00 1.025539999999999896e+00
4.767059999999999853e+00 4.475509999999999877e+00 4.187669999999999781e+00 3.904100000000000126e+00 3.625570000000000181e+00 3.352790000000000159e+00 3.086240000000000094e+00 2.826010000000000133e+00 2.571639999999999926e+00 2.321720000000000006e+00 2.074840000000000018e+00 1.830529999999999990e+00 1.588829999999999965e+00 1.352519999999999945e+00 1.151669999999999972e+00 1.027970000000000050e+00
5.121979999999999755e+00 4.805780000000000385e+00 4.493009999999999948e+00 4.184269999999999712e+00 3.880279999999999951e+00 3.581700000000000106e+00 3.289019999999999833e+00 3.002600000000000158e+00 2.722189999999999888e+00 2.446680000000000188e+00 2.174910000000000121e+00 1.906409999999999938e+00 1.641180000000000083e+00 1.382710000000000106e+00 1.163550000000000084e+00 1.029460000000000042e+00
2.823319999999999830e+00 2.679089999999999971e+00 2.537220000000000031e+00 2.398039999999999949e+00 2.261880000000000113e+00 2.128849999999999909e+00 1.998869999999999925e+00 1.871569999999999956e+00 1.746350000000000069e+00 1.622349999999999959e+00 1.499339999999999895e+00 1.377939999999999943e+00 1.260450000000000070e+00 1.154789999999999983e+00 1.074500000000000011e+00 1.020850000000000035e+00
3.145160000000000178e+00 2.982349999999999834e+00 2.821330000000000116e+00 2.662450000000000205e+00 2.506050000000000111e+00 2.352430000000000021e+00 2.201690000000000147e+00 2.053659999999999819e+00 1.907820000000000071e+00 1.763099999999999890e+00 1.618749999999999911e+00 1.474969999999999892e+00 1.332729999999999970e+00 1.197640000000000038e+00 1.092870000000000008e+00 1.030019999999999936e+00
1.268610000000000015e+00 1.246869999999999923e+00 1.225910000000000055e+00 1.205680000000000085e+00 1.186209999999999987e+00 1.167419999999999902e+00 1.149270000000000014e+00 1.131769999999999943e+00 1.114870000000000028e+00 1.098640000000000061e+00 1.083259999999999890e+00 1.068950000000000067e+00 1.055860000000000021e+00 1.044159999999999977e+00 1.034089999999999954e+00 1.026119999999999921e+00
1.495610000000000106e+00 1.454660000000000064e+00 1.414740000000000109e+00 1.375899999999999901e+00 1.338170000000000082e+00 1.301490000000000036e+00 1.265689999999999982e+00 1.230650000000000022e+00 1.196360000000000090e+00 1.163100000000000023e+00 1.131539999999999990e+00 1.102549999999999919e+00 1.076689999999999925e+00 1.054410000000000069e+00 1.036489999999999911e+00 1.022759999999999891e+00
1.295279999999999987e+00 1.271120000000000028e+00 1.247789999999999955e+00 1.225330000000000030e+00 1.203729999999999967e+00 1.182930000000000037e+00 1.162840000000000096e+00 1.143340000000000023e+00 1.124460000000000015e+00 1.106300000000000061e+00 1.089040000000000008e+00 1.072859999999999925e+00 1.057830000000000048e+00 1.044229999999999992e+00 1.033220000000000027e+00 1.025139999999999940e+00
1.728930000000000078e+00 1.669990000000000085e+00 1.612219999999999986e+00 1.555749999999999966e+00 1.500690000000000079e+00 1.447019999999999973e+00 1.394579999999999931e+00 1.343120000000000092e+00 1.292429999999999968e+00 1.242439999999999989e+00 1.193699999999999983e+00 1.147639999999999993e+00 1.106360000000000010e+00 1.071169999999999956e+00 1.042969999999999953e+00 1.022899999999999920e+00
1.971189999999999998e+00 1.894139999999999935e+00 1.818130000000000024e+00 1.743360000000000021e+00 1.670050000000000034e+00 1.598500000000000032e+00 1.528799999999999937e+00 1.460779999999999967e+00 1.393990000000000062e+00 1.327979999999999938e+00 1.262739999999999974e+00 1.199060000000000015e+00 1.139229999999999965e+00 1.087380000000000013e+00 1.047609999999999930e+00 1.022019999999999929e+00
1.193659999999999943e+00 1.177229999999999999e+00 1.161529999999999951e+00 1.146609999999999907e+00 1.132509999999999906e+00 1.119220000000000104e+00 1.106649999999999912e+00 1.094719999999999915e+00 1.083280000000000021e+00 1.072279999999999900e+00 1.061730000000000063e+00 1.051670000000000105e+00 1.042140000000000066e+00 1.033179999999999987e+00 1.025169999999999915e+00 1.019160000000000066e+00
2.478110000000000035e+00 2.363550000000000040e+00 2.250360000000000138e+00 2.138749999999999929e+00 2.029040000000000177e+00 1.921519999999999895e+00 1.816380000000000106e+00 1.713440000000000074e+00 1.612139999999999906e+00 1.511660000000000004e+00 1.411529999999999951e+00 1.312140000000000084e+00 1.215410000000000101e+00 1.128309999999999924e+00 1.062969999999999970e+00 1.022599999999999953e+00
1.705670000000000019e+00 1.648249999999999993e+00 1.591820000000000013e+00 1.536580000000000057e+00 1.482730000000000103e+00 1.430390000000000050e+00 1.379629999999999912e+00 1.330230000000000024e+00 1.281830000000000025e+00 1.234220000000000095e+00 1.187729999999999952e+00 1.143529999999999935e+00 1.103529999999999900e+00 1.069250000000000034e+00 1.041009999999999991e+00 1.021670000000000078e+00
1.102300000000000058e+00 1.095220000000000082e+00 1.088580000000000103e+00 1.082349999999999923e+00 1.076519999999999921e+00 1.071039999999999992e+00 1.065809999999999924e+00 1.060689999999999911e+00 1.055609999999999937e+00 1.050540000000000029e+00 1.045500000000000096e+00 1.040499999999999980e+00 1.035630000000000051e+00 1.031020000000000048e+00 1.026899999999999924e+00 1.023439999999999905e+00
2.467769999999999797e+00 2.353639999999999954e+00 2.240930000000000089e+00 2.129910000000000192e+00 2.020960000000000090e+00 1.914439999999999920e+00 1.810629999999999962e+00 1.709349999999999925e+00 1.609890000000000043e+00 1.511279999999999957e+00 1.413129999999999997e+00 1.316000000000000059e+00 1.221980000000000066e+00 1.136859999999999982e+00 1.070060000000000011e+00 1.027600000000000069e+00
5.028920000000000279e+00 4.725539999999999630e+00 4.424590000000000245e+00 4.126570000000000071e+00 3.832129999999999814e+00 3.542110000000000092e+00 3.257429999999999826e+00 2.978540000000000187e+00 2.705389999999999961e+00 2.436920000000000197e+00 2.171400000000000219e+00 1.907629999999999937e+00 1.645010000000000083e+00 1.384540000000000104e+00 1.155739999999999990e+00 1.026280000000000081e+00
3.150650000000000173e+00 2.986130000000000173e+00 2.823220000000000063e+00 2.662209999999999965e+00 2.503519999999999968e+00 2.347669999999999924e+00 2.195110000000000117e+00 2.045830000000000037e+00 1.899280000000000079e+00 1.754340000000000011e+00 1.610149999999999970e+00 1.466579999999999995e+00 1.324840000000000018e+00 1.190539999999999932e+00 1.084950000000000081e+00 1.022780000000000022e+00
1.264809999999999990e+00 1.241849999999999898e+00 1.219700000000000006e+00 1.198450000000000015e+00 1.178199999999999914e+00 1.158940000000000081e+00 1.140660000000000007e+00 1.123250000000000082e+00 1.106649999999999912e+00 1.090810000000000057e+00 1.075790000000000024e+00 1.061700000000000088e+00 1.048699999999999966e+00 1.036850000000000049e+00 1.026370000000000005e+00 1.018450000000000077e+00
4.563979999999999926e+00 4.290390000000000370e+00 4.019440000000000346e+00 3.751599999999999824e+00 3.487589999999999968e+00 3.228250000000000064e+00 2.974499999999999922e+00 2.726780000000000204e+00 2.484939999999999927e+00 2.247759999999999980e+00 2.013930000000000220e+00 1.782929999999999904e+00 1.555330000000000101e+00 1.334140000000000104e+00 1.142339999999999911e+00 1.028119999999999923e+00
2.038060000000000205e+00 1.954159999999999897e+00 1.871709999999999985e+00 1.790920000000000067e+00 1.711950000000000083e+00 1.634919999999999929e+00 1.559800000000000075e+00 1.486299999999999955e+00 1.414009999999999989e+00 1.342680000000000096e+00 1.272569999999999979e+00 1.205009999999999915e+00 1.143270000000000008e+00 1.091660000000000075e+00 1.051979999999999915e+00 1.023439999999999905e+00
1.776510000000000034e+00 1.713449999999999918e+00 1.651520000000000099e+00 1.590889999999999915e+00 1.531779999999999919e+00 1.474359999999999893e+00 1.418639999999999901e+00 1.364340000000000108e+00 1.311069999999999958e+00 1.258510000000000018e+00 1.206949999999999967e+00 1.157480000000000064e+00 1.112260000000000026e+00 1.073479999999999990e+00 1.042079999999999895e+00 1.020520000000000094e+00
1.745530000000000026e+00 1.684909999999999908e+00 1.625629999999999908e+00 1.567839999999999900e+00 1.511600000000000055e+00 1.456900000000000084e+00 1.403589999999999893e+00 1.351410000000000000e+00 1.300110000000000099e+00 1.249670000000000059e+00 1.200690000000000035e+00 1.154509999999999925e+00 1.112740000000000062e+00 1.076589999999999936e+00 1.046740000000000004e+00 1.024780000000000024e+00
3.895630000000000148e+00 3.673309999999999853e+00 3.453149999999999942e+00 3.235459999999999781e+00 3.020919999999999828e+00 2.810169999999999835e+00 2.603950000000000209e+00 2.402639999999999887e+00 2.205849999999999866e+00 2.012430000000000163e+00 1.821180000000000021e+00 1.631629999999999914e+00 1.444409999999999972e+00 1.263859999999999983e+00 1.116020000000000012e+00 1.028200000000000003e+00
1.050289999999999946e+00 1.048340000000000050e+00 1.046470000000000011e+00 1.044669999999999987e+00 1.042929999999999913e+00 1.041230000000000100e+00 1.039539999999999909e+00 1.037830000000000030e+00 1.036059999999999981e+00 1.034249999999999892e+00 1.032399999999999984e+00 1.030529999999999946e+00 1.028659999999999908e+00 1.026850000000000041e+00 1.025179999999999980e+00 1.023770000000000069e+00
1.501859999999999973e+00 1.460129999999999928e+00 1.419410000000000061e+00 1.379829999999999890e+00 1.341520000000000046e+00 1.304559999999999942e+00 1.268939999999999957e+00 1.234529999999999905e+00 1.201089999999999991e+00 1.168539999999999912e+00 1.137259999999999938e+00 1.107900000000000107e+00 1.081199999999999939e+00 1.057500000000000107e+00 1.037870000000000070e+00 1.023870000000000058e+00
2.247879999999999878e+00 2.149719999999999853e+00 2.052890000000000104e+00 1.957600000000000007e+00 1.864139999999999908e+00 1.772750000000000048e+00 1.683550000000000102e+00 1.596330000000000027e+00 1.510559999999999903e+00 1.425659999999999927e+00 1.341450000000000031e+00 1.258620000000000072e+00 1.179699999999999971e+00 1.111110000000000042e+00 1.059099999999999930e+00 1.025249999999999995e+00
2.014710000000000001e+00 1.932800000000000074e+00 1.852300000000000058e+00 1.773390000000000022e+00 1.696250000000000036e+00 1.620999999999999996e+00 1.547560000000000047e+00 1.475700000000000012e+00 1.405010000000000092e+00 1.335229999999999917e+00 1.266620000000000079e+00 1.200439999999999952e+00 1.139790000000000081e+00 1.089139999999999997e+00 1.050620000000000109e+00 1.023290000000000033e+00
2.397740000000000204e+00 2.287129999999999885e+00 2.178049999999999820e+00 2.070739999999999803e+00 1.965470000000000050e+00 1.862510000000000110e+00 1.761910000000000087e+00 1.663499999999999979e+00 1.566789999999999905e+00 1.471240000000000103e+00 1.376619999999999955e+00 1.283630000000000049e+00 1.195060000000000011e+00 1.118200000000000083e+00 1.060680000000000067e+00 1.022590000000000110e+00
1.744359999999999911e+00 1.683820000000000094e+00 1.624319999999999986e+00 1.566049999999999942e+00 1.509230000000000071e+00 1.453999999999999959e+00 1.400449999999999973e+00 1.348330000000000028e+00 1.297279999999999989e+00 1.247009999999999952e+00 1.197850000000000081e+00 1.151040000000000063e+00 1.108859999999999957e+00 1.072810000000000041e+00 1.042990000000000084e+00 1.022440000000000015e+00
2.924789999999999779e+00 2.776819999999999844e+00 2.630360000000000031e+00 2.485650000000000137e+00 2.343150000000000066e+00 2.203250000000000153e+00 2.066300000000000026e+00 1.932320000000000038e+00 1.800810000000000022e+00 1.670870000000000077e+00 1.541919999999999957e+00 1.414080000000000004e+00 1.288559999999999928e+00 1.170919999999999961e+00 1.080189999999999984e+00 1.025609999999999911e+00
1.099180000000000046e+00 1.092109999999999914e+00 1.085480000000000000e+00 1.079269999999999952e+00 1.073439999999999950e+00 1.067949999999999955e+00 1.062680000000000069e+00 1.057549999999999990e+00 1.052470000000000017e+00 1.047430000000000083e+00 1.042429999999999968e+00 1.037519999999999998e+00 1.032759999999999900e+00 1.028200000000000003e+00 1.024059999999999970e+00 1.020720000000000072e+00
3.356409999999999894e+00 3.174350000000000005e+00 2.994270000000000209e+00 2.816530000000000200e+00 2.641589999999999883e+00 2.470009999999999817e+00 2.302259999999999973e+00 2.138419999999999987e+00 1.977999999999999980e+00 1.819979999999999931e+00 1.663729999999999931e+00 1.509249999999999980e+00 1.357569999999999943e+00 1.213689999999999936e+00 1.099569999999999936e+00 1.029689999999999994e+00
1.791770000000000085e+00 1.727079999999999949e+00 1.663669999999999982e+00 1.601679999999999993e+00 1.541320000000000023e+00 1.482629999999999892e+00 1.425559999999999938e+00 1.369850000000000012e+00 1.315139999999999976e+00 1.261260000000000048e+00 1.208590000000000053e+00 1.158379999999999965e+00 1.112700000000000022e+00 1.073450000000000015e+00 1.041379999999999972e+00 1.018899999999999917e+00
1.343920000000000003e+00 1.314920000000000089e+00 1.286810000000000009e+00 1.259649999999999936e+00 1.233460000000000001e+00 1.208239999999999981e+00 1.183959999999999901e+00 1.160570000000000102e+00 1.138109999999999955e+00 1.116719999999999935e+00 1.096710000000000074e+00 1.078319999999999945e+00 1.061569999999999903e+00 1.046529999999999960e+00 1.033539999999999903e+00 1.023369999999999891e+00
3.034050000000000136e+00 2.876879999999999882e+00 2.721649999999999903e+00 2.568680000000000074e+00 2.418400000000000105e+00 2.271220000000000017e+00 2.127320000000000100e+00 1.986490000000000089e+00 1.848070000000000102e+00 1.710960000000000036e+00 1.574370000000000047e+00 1.438420000000000032e+00 1.304729999999999945e+00 1.180339999999999945e+00 1.084500000000000020e+00 1.025600000000000067e+00
4.371069999999999567e+00 4.110199999999999854e+00 3.852419999999999956e+00 3.598240000000000105e+00 3.348329999999999806e+00 3.103340000000000209e+00 2.863789999999999836e+00 2.629779999999999784e+00 2.400819999999999954e+00 2.175629999999999953e+00 1.952809999999999935e+00 1.731729999999999992e+00 1.512690000000000090e+00 1.300010000000000110e+00 1.124149999999999983e+00 1.019589999999999996e+00
4.982070000000000221e+00 4.677940000000000431e+00 4.376710000000000100e+00 4.078789999999999694e+00 3.784920000000000062e+00 3.495989999999999931e+00 3.212899999999999867e+00 2.936139999999999972e+00 2.665570000000000217e+00 2.400090000000000057e+00 2.138520000000000199e+00 1.880190000000000028e+00 1.625280000000000058e+00 1.375310000000000032e+00 1.155149999999999899e+00 1.025919999999999943e+00
3.269519999999999982e+00 3.091279999999999806e+00 2.915160000000000196e+00 2.741560000000000219e+00 2.571019999999999861e+00 2.404129999999999878e+00 2.241359999999999797e+00 2.082800000000000207e+00 1.927980000000000027e+00 1.775989999999999958e+00 1.625979999999999981e+00 1.477819999999999911e+00 1.332799999999999985e+00 1.197170000000000067e+00 1.090459999999999985e+00 1.023390000000000022e+00
3.694380000000000219e+00 3.488739999999999952e+00 3.284980000000000011e+00 3.083390000000000075e+00 2.884560000000000013e+00 2.689020000000000188e+00 2.497440000000000104e+00 2.310070000000000068e+00 2.126560000000000006e+00 1.945820000000000105e+00 1.766599999999999948e+00 1.588349999999999929e+00 1.411599999999999966e+00 1.240760000000000085e+00 1.101760000000000073e+00 1.021879999999999900e+00
1.192730000000000068e+00 1.177389999999999937e+00 1.162679999999999936e+00 1.148649999999999949e+00 1.135299999999999976e+00 1.122579999999999911e+00 1.110470000000000068e+00 1.098840000000000039e+00 1.087599999999999900e+00 1.076729999999999965e+00 1.066289999999999960e+00 1.056380000000000097e+00 1.047109999999999985e+00 1.038610000000000033e+00 1.031209999999999960e+00 1.025339999999999918e+00
2.027470000000000105e+00 1.944930000000000048e+00 1.863760000000000083e+00 1.784189999999999943e+00 1.706450000000000022e+00 1.630800000000000027e+00 1.557269999999999932e+00 1.485630000000000006e+00 1.415300000000000002e+00 1.345839999999999925e+00 1.277339999999999920e+00 1.210849999999999982e+00 1.149070000000000036e+00 1.096260000000000012e+00 1.054990000000000094e+00 1.026319999999999899e+00
1.315790000000000015e+00 1.289190000000000058e+00 1.263409999999999922e+00 1.238550000000000040e+00 1.214739999999999931e+00 1.191980000000000040e+00 1.170230000000000103e+00 1.149389999999999912e+00 1.129299999999999971e+00 1.109979999999999967e+00 1.091620000000000035e+00 1.074440000000000062e+00 1.058510000000000062e+00 1.043900000000000050e+00 1.031670000000000087e+00 1.023009999999999975e+00
2.045459999999999834e+00 1.961219999999999963e+00 1.878339999999999899e+00 1.797080000000000011e+00 1.717659999999999965e+00 1.640309999999999935e+00 1.565090000000000092e+00 1.491770000000000040e+00 1.419880000000000031e+00 1.349059999999999926e+00 1.279439999999999911e+00 1.212069999999999981e+00 1.149489999999999901e+00 1.095979999999999954e+00 1.054729999999999945e+00 1.026049999999999907e+00
