1.364170000000000105e+00 1.334370000000000056e+00 1.305469999999999908e+00 1.277460000000000040e+00 1.250310000000000032e+00 1.223950000000000093e+00 1.198329999999999895e+00 1.173470000000000013e+00 1.149480000000000057e+00 1.126549999999999940e+00 1.105069999999999997e+00 1.085280000000000022e+00 1.067290000000000072e+00 1.051180000000000003e+00 1.037740000000000107e+00 1.027679999999999927e+00
1.089939999999999909e+00 1.084750000000000103e+00 1.079809999999999937e+00 1.075090000000000101e+00 1.070540000000000047e+00 1.066089999999999982e+00 1.061709999999999932e+00 1.057350000000000012e+00 1.052999999999999936e+00 1.048680000000000057e+00 1.044389999999999930e+00 1.040170000000000039e+00 1.036040000000000072e+00 1.032110000000000083e+00 1.028680000000000039e+00 1.025870000000000060e+00
2.787440000000000140e+00 2.651060000000000194e+00 2.516459999999999919e+00 2.383799999999999919e+00 2.253130000000000077e+00 2.124439999999999884e+00 1.997560000000000002e+00 1.872179999999999955e+00 1.747819999999999929e+00 1.624079999999999968e+00 1.500920000000000032e+00 1.378830000000000000e+00 1.259870000000000045e+00 1.153140000000000054e+00 1.074279999999999902e+00 1.024350000000000094e+00
1.998420000000000085e+00 1.921550000000000091e+00 1.845809999999999951e+00 1.771320000000000006e+00 1.698120000000000074e+00 1.626179999999999959e+00 1.555430000000000090e+00 1.485540000000000083e+00 1.416150000000000020e+00 1.347069999999999990e+00 1.278650000000000064e+00 1.211969999999999992e+00 1.149340000000000028e+00 1.094559999999999977e+00 1.051360000000000072e+00 1.023509999999999920e+00
1.077350000000000030e+00 1.073280000000000012e+00 1.069390000000000063e+00 1.065660000000000052e+00 1.062049999999999939e+00 1.058540000000000036e+00 1.055069999999999952e+00 1.051609999999999934e+00 1.048149999999999915e+00 1.044699999999999962e+00 1.041279999999999983e+00 1.037919999999999954e+00 1.034640000000000004e+00 1.031479999999999952e+00 1.028559999999999919e+00 1.026059999999999972e+00
2.023789999999999978e+00 1.944620000000000015e+00 1.866670000000000051e+00 1.790030000000000010e+00 1.714709999999999956e+00 1.640700000000000047e+00 1.567749999999999977e+00 1.495519999999999960e+00 1.423750000000000071e+00 1.352449999999999930e+00 1.282070000000000043e+00 1.213619999999999921e+00 1.149529999999999941e+00 1.094179999999999930e+00 1.051409999999999956e+00 1.023190000000000044e+00
4.194720000000000226e+00 3.955649999999999888e+00 3.719050000000000189e+00 3.485279999999999934e+00 3.254649999999999821e+00 3.027379999999999960e+00 2.803690000000000015e+00 2.583289999999999864e+00 2.365460000000000118e+00 2.149160000000000181e+00 1.933840000000000003e+00 1.719470000000000054e+00 1.506450000000000067e+00 1.299029999999999907e+00 1.126479999999999926e+00 1.026890000000000081e+00
2.533430000000000071e+00 2.415480000000000071e+00 2.299129999999999896e+00 2.184540000000000148e+00 2.071800000000000086e+00 1.960970000000000102e+00 1.851879999999999971e+00 1.744229999999999947e+00 1.637510000000000021e+00 1.531400000000000095e+00 1.426120000000000054e+00 1.322440000000000060e+00 1.222550000000000026e+00 1.133760000000000101e+00 1.066910000000000025e+00 1.024059999999999970e+00
1.382910000000000084e+00 1.351350000000000051e+00 1.320610000000000062e+00 1.290750000000000064e+00 1.261719999999999953e+00 1.233510000000000106e+00 1.206040000000000001e+00 1.179259999999999975e+00 1.153240000000000043e+00 1.128290000000000015e+00 1.104800000000000004e+00 1.083199999999999941e+00 1.063630000000000075e+00 1.046189999999999953e+00 1.031250000000000000e+00 1.020129999999999981e+00
4.400909999999999656e+00 4.141339999999999577e+00 3.884959999999999969e+00 3.632239999999999913e+00 3.383490000000000109e+00 3.139130000000000198e+00 2.899399999999999977e+00 2.664070000000000160e+00 2.432500000000000107e+00 2.203800000000000203e+00 1.977670000000000039e+00 1.754410000000000025e+00 1.534909999999999997e+00 1.323020000000000085e+00 1.142050000000000010e+00 1.030780000000000030e+00
1.408339999999999925e+00 1.374900000000000011e+00 1.342219999999999969e+00 1.310289999999999955e+00 1.279020000000000046e+00 1.248410000000000020e+00 1.218450000000000033e+00 1.189289999999999958e+00 1.161270000000000024e+00 1.134880000000000111e+00 1.110559999999999992e+00 1.088589999999999947e+00 1.068990000000000107e+00 1.051730000000000054e+00 1.037080000000000002e+00 1.024890000000000079e+00
1.372409999999999908e+00 1.341579999999999995e+00 1.311569999999999903e+00 1.282410000000000050e+00 1.254080000000000084e+00 1.226550000000000029e+00 1.199750000000000094e+00 1.173659999999999926e+00 1.148379999999999956e+00 1.124209999999999932e+00 1.101529999999999898e+00 1.080689999999999928e+00 1.061870000000000092e+00 1.044990000000000085e+00 1.030529999999999946e+00 1.019989999999999952e+00
1.261589999999999989e+00 1.240510000000000002e+00 1.220099999999999962e+00 1.200350000000000028e+00 1.181210000000000093e+00 1.162719999999999976e+00 1.144830000000000014e+00 1.127580000000000027e+00 1.111040000000000028e+00 1.095329999999999915e+00 1.080480000000000107e+00 1.066580000000000084e+00 1.053649999999999975e+00 1.041819999999999968e+00 1.031639999999999890e+00 1.023179999999999978e+00
2.807970000000000077e+00 2.668740000000000112e+00 2.531419999999999781e+00 2.396220000000000017e+00 2.263259999999999827e+00 2.132629999999999804e+00 2.004269999999999996e+00 1.877860000000000085e+00 1.752839999999999954e+00 1.628730000000000011e+00 1.505579999999999918e+00 1.384020000000000028e+00 1.265889999999999960e+00 1.158539999999999903e+00 1.076840000000000019e+00 1.024950000000000028e+00
1.104519999999999946e+00 1.097779999999999978e+00 1.091399999999999926e+00 1.085320000000000062e+00 1.079509999999999970e+00 1.073909999999999920e+00 1.068470000000000031e+00 1.063129999999999908e+00 1.057849999999999957e+00 1.052629999999999955e+00 1.047509999999999941e+00 1.042499999999999982e+00 1.037660000000000027e+00 1.033090000000000064e+00 1.028960000000000097e+00 1.025549999999999962e+00
2.128649999999999931e+00 2.041040000000000187e+00 1.954860000000000042e+00 1.870200000000000085e+00 1.787069999999999936e+00 1.705449999999999910e+00 1.625220000000000109e+00 1.546079999999999899e+00 1.467659999999999965e+00 1.389890000000000070e+00 1.313080000000000025e+00 1.238099999999999978e+00 1.167110000000000092e+00 1.104929999999999968e+00 1.057090000000000085e+00 1.025360000000000049e+00
2.357959999999999834e+00 2.252050000000000107e+00 2.147800000000000153e+00 2.045360000000000067e+00 1.944690000000000030e+00 1.845769999999999911e+00 1.748410000000000020e+00 1.652379999999999960e+00 1.557360000000000078e+00 1.463230000000000031e+00 1.370379999999999932e+00 1.279800000000000049e+00 1.194029999999999925e+00 1.119830000000000103e+00 1.064510000000000067e+00 1.027009999999999978e+00
1.389429999999999943e+00 1.357280000000000042e+00 1.325819999999999999e+00 1.295020000000000060e+00 1.264799999999999924e+00 1.235149999999999970e+00 1.206099999999999950e+00 1.177869999999999973e+00 1.150800000000000045e+00 1.125369999999999981e+00 1.102039999999999909e+00 1.081110000000000015e+00 1.062550000000000106e+00 1.046389999999999931e+00 1.032739999999999991e+00 1.021339999999999915e+00
1.540240000000000054e+00 1.496170000000000000e+00 1.453089999999999993e+00 1.410989999999999966e+00 1.369779999999999998e+00 1.329369999999999941e+00 1.289670000000000094e+00 1.250720000000000054e+00 1.212730000000000086e+00 1.176220000000000043e+00 1.141990000000000061e+00 1.110829999999999984e+00 1.083210000000000006e+00 1.059390000000000054e+00 1.039930000000000021e+00 1.024480000000000057e+00
1.745849999999999902e+00 1.687489999999999934e+00 1.630160000000000053e+00 1.573930000000000051e+00 1.518809999999999993e+00 1.464769999999999905e+00 1.411610000000000031e+00 1.359080000000000066e+00 1.307020000000000071e+00 1.255509999999999904e+00 1.205160000000000009e+00 1.157159999999999966e+00 1.113580000000000014e+00 1.076060000000000016e+00 1.045570000000000110e+00 1.024880000000000013e+00
2.647349999999999870e+00 2.522279999999999855e+00 2.398849999999999927e+00 2.277210000000000178e+00 2.157430000000000181e+00 2.039499999999999869e+00 1.923359999999999959e+00 1.808729999999999949e+00 1.695089999999999986e+00 1.581919999999999993e+00 1.469130000000000047e+00 1.357169999999999987e+00 1.247749999999999915e+00 1.147680000000000033e+00 1.071939999999999893e+00 1.025179999999999980e+00
1.331180000000000030e+00 1.303730000000000055e+00 1.277139999999999942e+00 1.251419999999999977e+00 1.226520000000000055e+00 1.202420000000000044e+00 1.179110000000000102e+00 1.156590000000000007e+00 1.134959999999999969e+00 1.114449999999999941e+00 1.095220000000000082e+00 1.077430000000000110e+00 1.061090000000000089e+00 1.046389999999999931e+00 1.034019999999999939e+00 1.024370000000000003e+00
4.262419999999999654e+00 4.011470000000000091e+00 3.763710000000000111e+00 3.519489999999999785e+00 3.279090000000000060e+00 3.042829999999999924e+00 2.810979999999999812e+00 2.583419999999999828e+00 2.359609999999999985e+00 2.138889999999999958e+00 1.920989999999999975e+00 1.705810000000000048e+00 1.493929999999999980e+00 1.292440000000000033e+00 1.130640000000000089e+00 1.029069999999999929e+00
2.064319999999999933e+00 1.981630000000000003e+00 1.900379999999999958e+00 1.820680000000000076e+00 1.742499999999999938e+00 1.665820000000000078e+00 1.590459999999999985e+00 1.516070000000000029e+00 1.442290000000000072e+00 1.368989999999999929e+00 1.296559999999999935e+00 1.226059999999999928e+00 1.159699999999999953e+00 1.101290000000000102e+00 1.054959999999999898e+00 1.023800000000000043e+00
1.085820000000000007e+00 1.080519999999999925e+00 1.075450000000000017e+00 1.070610000000000062e+00 1.065919999999999979e+00 1.061350000000000016e+00 1.056880000000000042e+00 1.052480000000000082e+00 1.048119999999999941e+00 1.043849999999999945e+00 1.039660000000000029e+00 1.035579999999999945e+00 1.031639999999999890e+00 1.027900000000000036e+00 1.024520000000000097e+00 1.021570000000000089e+00
2.389769999999999950e+00 2.281379999999999963e+00 2.174929999999999808e+00 2.070469999999999811e+00 1.967929999999999957e+00 1.867180000000000062e+00 1.767930000000000001e+00 1.669810000000000016e+00 1.572459999999999969e+00 1.475770000000000026e+00 1.380130000000000079e+00 1.286599999999999966e+00 1.198209999999999997e+00 1.122100000000000097e+00 1.064650000000000096e+00 1.024809999999999999e+00
2.824149999999999938e+00 2.682770000000000099e+00 2.543839999999999879e+00 2.407570000000000210e+00 2.273950000000000138e+00 2.142900000000000027e+00 2.014159999999999950e+00 1.887199999999999989e+00 1.761370000000000102e+00 1.636179999999999968e+00 1.511540000000000106e+00 1.388039999999999941e+00 1.268119999999999914e+00 1.161289999999999933e+00 1.080330000000000013e+00 1.025779999999999914e+00
5.272210000000000285e+00 4.949209999999999887e+00 4.629660000000000331e+00 4.314070000000000071e+00 4.002839999999999954e+00 3.696509999999999962e+00 3.395490000000000119e+00 3.099779999999999980e+00 2.808790000000000120e+00 2.521580000000000155e+00 2.237670000000000048e+00 1.957049999999999956e+00 1.679869999999999974e+00 1.408609999999999918e+00 1.171920000000000073e+00 1.029560000000000031e+00
2.381870000000000154e+00 2.272909999999999986e+00 2.165900000000000158e+00 2.060999999999999943e+00 1.958229999999999915e+00 1.857509999999999994e+00 1.758680000000000021e+00 1.661340000000000039e+00 1.565020000000000078e+00 1.469440000000000079e+00 1.374980000000000091e+00 1.282739999999999991e+00 1.195449999999999902e+00 1.119320000000000093e+00 1.060689999999999911e+00 1.020350000000000090e+00
2.708000000000000185e+00 2.578149999999999942e+00 2.449959999999999916e+00 2.323650000000000215e+00 2.199329999999999785e+00 2.077080000000000037e+00 1.956870000000000109e+00 1.838359999999999994e+00 1.720970000000000111e+00 1.604139999999999899e+00 1.487910000000000066e+00 1.372849999999999904e+00 1.260709999999999997e+00 1.157920000000000060e+00 1.079020000000000090e+00 1.029570000000000096e+00
1.108940000000000037e+00 1.101920000000000011e+00 1.095180000000000042e+00 1.088680000000000092e+00 1.082389999999999963e+00 1.076270000000000060e+00 1.070310000000000095e+00 1.064480000000000093e+00 1.058789999999999898e+00 1.053269999999999929e+00 1.047949999999999937e+00 1.042839999999999989e+00 1.037970000000000059e+00 1.033420000000000005e+00 1.029400000000000093e+00 1.025940000000000074e+00
1.167880000000000029e+00 1.154660000000000020e+00 1.141960000000000086e+00 1.129780000000000006e+00 1.118100000000000094e+00 1.106889999999999930e+00 1.096130000000000049e+00 1.085779999999999967e+00 1.075830000000000064e+00 1.066319999999999935e+00 1.057290000000000063e+00 1.048769999999999980e+00 1.040880000000000027e+00 1.033740000000000103e+00 1.027570000000000094e+00 1.022399999999999975e+00
1.137529999999999930e+00 1.127420000000000089e+00 1.117820000000000036e+00 1.108740000000000059e+00 1.100100000000000078e+00 1.091860000000000053e+00 1.083930000000000060e+00 1.076219999999999954e+00 1.068689999999999918e+00 1.061330000000000107e+00 1.054170000000000051e+00 1.047239999999999949e+00 1.040580000000000060e+00 1.034399999999999986e+00 1.029120000000000035e+00 1.024980000000000002e+00
1.692299999999999915e+00 1.636419999999999986e+00 1.581769999999999898e+00 1.528350000000000097e+00 1.476069999999999993e+00 1.424819999999999975e+00 1.374460000000000015e+00 1.324850000000000083e+00 1.276000000000000023e+00 1.228269999999999973e+00 1.182520000000000016e+00 1.140039999999999942e+00 1.102190000000000003e+00 1.069600000000000106e+00 1.043099999999999916e+00 1.022939999999999960e+00
1.713340000000000085e+00 1.656120000000000037e+00 1.599979999999999958e+00 1.545009999999999994e+00 1.491190000000000015e+00 1.438460000000000072e+00 1.386670000000000069e+00 1.335599999999999898e+00 1.285179999999999989e+00 1.235579999999999901e+00 1.187419999999999920e+00 1.141950000000000021e+00 1.101180000000000048e+00 1.066840000000000011e+00 1.040429999999999966e+00 1.021810000000000107e+00
1.346980000000000066e+00 1.318349999999999911e+00 1.290470000000000006e+00 1.263330000000000064e+00 1.236860000000000070e+00 1.210990000000000011e+00 1.185699999999999976e+00 1.161030000000000006e+00 1.137150000000000105e+00 1.114409999999999901e+00 1.093199999999999950e+00 1.073809999999999931e+00 1.056349999999999900e+00 1.041069999999999940e+00 1.028769999999999962e+00 1.019330000000000069e+00
1.851909999999999945e+00 1.784200000000000008e+00 1.717740000000000045e+00 1.652590000000000003e+00 1.588770000000000016e+00 1.526119999999999921e+00 1.464490000000000069e+00 1.403559999999999919e+00 1.343150000000000066e+00 1.283349999999999991e+00 1.224739999999999940e+00 1.168889999999999985e+00 1.118800000000000017e+00 1.077159999999999895e+00 1.044980000000000020e+00 1.022029999999999994e+00
1.845460000000000100e+00 1.777400000000000091e+00 1.710630000000000095e+00 1.645229999999999970e+00 1.581229999999999913e+00 1.518569999999999975e+00 1.457049999999999956e+00 1.396419999999999995e+00 1.336589999999999945e+00 1.277760000000000007e+00 1.220699999999999896e+00 1.167049999999999921e+00 1.119089999999999918e+00 1.078510000000000080e+00 1.045609999999999928e+00 1.021889999999999965e+00
1.105720000000000036e+00 1.098570000000000046e+00 1.091779999999999973e+00 1.085350000000000037e+00 1.079210000000000003e+00 1.073309999999999986e+00 1.067569999999999908e+00 1.061909999999999910e+00 1.056340000000000057e+00 1.050890000000000102e+00 1.045570000000000110e+00 1.040410000000000057e+00 1.035509999999999931e+00 1.030980000000000008e+00 1.026939999999999964e+00 1.023439999999999905e+00
1.828840000000000021e+00 1.763970000000000038e+00 1.700390000000000068e+00 1.638239999999999919e+00 1.577520000000000033e+00 1.518140000000000045e+00 1.459819999999999895e+00 1.402069999999999927e+00 1.344719999999999915e+00 1.287949999999999928e+00 1.232240000000000002e+00 1.178660000000000041e+00 1.129099999999999993e+00 1.085849999999999982e+00 1.050910000000000011e+00 1.026950000000000029e+00
4.180030000000000356e+00 3.942110000000000003e+00 3.706690000000000040e+00 3.474180000000000046e+00 3.244909999999999961e+00 3.019120000000000026e+00 2.796879999999999811e+00 2.577719999999999789e+00 2.360869999999999802e+00 2.145449999999999857e+00 1.930819999999999981e+00 1.716830000000000078e+00 1.503940000000000055e+00 1.296529999999999960e+00 1.124200000000000088e+00 1.025409999999999933e+00
3.200229999999999908e+00 3.032140000000000057e+00 2.866169999999999884e+00 2.702640000000000153e+00 2.541729999999999823e+00 2.383589999999999876e+00 2.228139999999999787e+00 2.074739999999999807e+00 1.922789999999999999e+00 1.771879999999999900e+00 1.621979999999999977e+00 1.473670000000000035e+00 1.328699999999999992e+00 1.193130000000000024e+00 1.087309999999999999e+00 1.022929999999999895e+00
1.405380000000000074e+00 1.371569999999999956e+00 1.338649999999999896e+00 1.306659999999999933e+00 1.275579999999999936e+00 1.245360000000000023e+00 1.215899999999999981e+00 1.187149999999999928e+00 1.159200000000000008e+00 1.132419999999999982e+00 1.107320000000000082e+00 1.084260000000000002e+00 1.063490000000000046e+00 1.045239999999999947e+00 1.029930000000000012e+00 1.018590000000000106e+00
4.158610000000000362e+00 3.920080000000000009e+00 3.684239999999999959e+00 3.451519999999999921e+00 3.222309999999999786e+00 2.996929999999999872e+00 2.775510000000000144e+00 2.557510000000000172e+00 2.342119999999999980e+00 2.128659999999999997e+00 1.916749999999999954e+00 1.706700000000000106e+00 1.499370000000000092e+00 1.297970000000000068e+00 1.127550000000000052e+00 1.027619999999999978e+00
1.667769999999999975e+00 1.614160000000000039e+00 1.561590000000000034e+00 1.510029999999999983e+00 1.459340000000000082e+00 1.409359999999999946e+00 1.359960000000000058e+00 1.311069999999999958e+00 1.262960000000000083e+00 1.216159999999999908e+00 1.171850000000000058e+00 1.131490000000000107e+00 1.096189999999999998e+00 1.066380000000000106e+00 1.042280000000000095e+00 1.023090000000000055e+00
1.243219999999999992e+00 1.222869999999999902e+00 1.203270000000000062e+00 1.184430000000000094e+00 1.166349999999999998e+00 1.148979999999999890e+00 1.132270000000000110e+00 1.116209999999999924e+00 1.100810000000000066e+00 1.086209999999999898e+00 1.072489999999999943e+00 1.059669999999999890e+00 1.047789999999999999e+00 1.036950000000000038e+00 1.027360000000000051e+00 1.019980000000000109e+00
1.247309999999999919e+00 1.227270000000000083e+00 1.207840000000000025e+00 1.189000000000000057e+00 1.170739999999999892e+00 1.153089999999999948e+00 1.136100000000000110e+00 1.119799999999999907e+00 1.104300000000000059e+00 1.089720000000000022e+00 1.076079999999999925e+00 1.063420000000000032e+00 1.051700000000000079e+00 1.041080000000000005e+00 1.031930000000000014e+00 1.024210000000000065e+00
2.945689999999999920e+00 2.796310000000000073e+00 2.648839999999999861e+00 2.503620000000000179e+00 2.360829999999999984e+00 2.220610000000000195e+00 2.082920000000000105e+00 1.947200000000000042e+00 1.812869999999999981e+00 1.679519999999999902e+00 1.547160000000000091e+00 1.416409999999999947e+00 1.289130000000000109e+00 1.172299999999999898e+00 1.082920000000000105e+00 1.027179999999999982e+00
1.083769999999999900e+00 1.078850000000000087e+00 1.074179999999999913e+00 1.069709999999999939e+00 1.065420000000000034e+00 1.061239999999999961e+00 1.057109999999999994e+00 1.053010000000000002e+00 1.048920000000000075e+00 1.044869999999999965e+00 1.040890000000000093e+00 1.036990000000000078e+00 1.033230000000000093e+00 1.029700000000000060e+00 1.026529999999999943e+00 1.023819999999999952e+00
1.661599999999999966e+00 1.607979999999999965e+00 1.555500000000000105e+00 1.504229999999999956e+00 1.454120000000000079e+00 1.405100000000000016e+00 1.357059999999999933e+00 1.309830000000000050e+00 1.263370000000000104e+00 1.217950000000000088e+00 1.174309999999999965e+00 1.133659999999999890e+00 1.097390000000000088e+00 1.066650000000000098e+00 1.042319999999999913e+00 1.024070000000000036e+00
1.747630000000000017e+00 1.687880000000000047e+00 1.629340000000000011e+00 1.572060000000000013e+00 1.515959999999999974e+00 1.460839999999999916e+00 1.406490000000000018e+00 1.352689999999999948e+00 1.299409999999999954e+00 1.246939999999999937e+00 1.196110000000000007e+00 1.148719999999999963e+00 1.106970000000000010e+00 1.072240000000000082e+00 1.045090000000000074e+00 1.024799999999999933e+00
1.563239999999999963e+00 1.517670000000000075e+00 1.472990000000000022e+00 1.429149999999999920e+00 1.386020000000000030e+00 1.343490000000000073e+00 1.301479999999999970e+00 1.260019999999999918e+00 1.219400000000000039e+00 1.180199999999999916e+00 1.143510000000000026e+00 1.110549999999999926e+00 1.082019999999999982e+00 1.058049999999999935e+00 1.038559999999999928e+00 1.022850000000000037e+00
1.543420000000000014e+00 1.499200000000000088e+00 1.455910000000000037e+00 1.413550000000000084e+00 1.372000000000000108e+00 1.331150000000000055e+00 1.290939999999999976e+00 1.251330000000000053e+00 1.212490000000000068e+00 1.174930000000000030e+00 1.139590000000000103e+00 1.107520000000000060e+00 1.079460000000000086e+00 1.055760000000000032e+00 1.036629999999999940e+00 1.021719999999999962e+00
1.600190000000000001e+00 1.551299999999999901e+00 1.503419999999999979e+00 1.456620000000000026e+00 1.410910000000000108e+00 1.366209999999999924e+00 1.322400000000000020e+00 1.279279999999999973e+00 1.236860000000000070e+00 1.195529999999999982e+00 1.156099999999999905e+00 1.120020000000000016e+00 1.088370000000000060e+00 1.061399999999999899e+00 1.038780000000000037e+00 1.022310000000000052e+00
2.187520000000000131e+00 2.094829999999999970e+00 2.003600000000000048e+00 1.913990000000000080e+00 1.826019999999999976e+00 1.739670000000000050e+00 1.654740000000000100e+00 1.570840000000000014e+00 1.487640000000000073e+00 1.405059999999999976e+00 1.323339999999999961e+00 1.243559999999999999e+00 1.168760000000000021e+00 1.105269999999999975e+00 1.057500000000000107e+00 1.024909999999999988e+00
1.540240000000000054e+00 1.495959999999999956e+00 1.452700000000000102e+00 1.410469999999999891e+00 1.369169999999999998e+00 1.328710000000000058e+00 1.288969999999999949e+00 1.249910000000000077e+00 1.211629999999999985e+00 1.174569999999999892e+00 1.139510000000000023e+00 1.107550000000000034e+00 1.079450000000000021e+00 1.055479999999999974e+00 1.036189999999999944e+00 1.021230000000000082e+00
2.839269999999999960e+00 2.696489999999999831e+00 2.555849999999999955e+00 2.417609999999999815e+00 2.281899999999999817e+00 2.148750000000000160e+00 2.018050000000000122e+00 1.889310000000000045e+00 1.762010000000000076e+00 1.635829999999999895e+00 1.510769999999999946e+00 1.387559999999999905e+00 1.268890000000000073e+00 1.163450000000000095e+00 1.082840000000000025e+00 1.029199999999999893e+00
2.110009999999999941e+00 2.023270000000000124e+00 1.937899999999999956e+00 1.854060000000000041e+00 1.771770000000000067e+00 1.690940000000000110e+00 1.611339999999999995e+00 1.532610000000000028e+00 1.454390000000000072e+00 1.376689999999999969e+00 1.299949999999999939e+00 1.225449999999999928e+00 1.156029999999999891e+00 1.096500000000000030e+00 1.050040000000000084e+00 1.019179999999999975e+00
1.301109999999999989e+00 1.276499999999999968e+00 1.252580000000000027e+00 1.229319999999999968e+00 1.206700000000000106e+00 1.184730000000000061e+00 1.163410000000000055e+00 1.142859999999999987e+00 1.123220000000000107e+00 1.104710000000000081e+00 1.087460000000000093e+00 1.071439999999999948e+00 1.056659999999999933e+00 1.043400000000000105e+00 1.032299999999999995e+00 1.023330000000000073e+00
2.387560000000000127e+00 2.278750000000000053e+00 2.171969999999999956e+00 2.067299999999999915e+00 1.964679999999999982e+00 1.863890000000000047e+00 1.764610000000000012e+00 1.666360000000000063e+00 1.568780000000000063e+00 1.471789999999999932e+00 1.375909999999999966e+00 1.282680000000000042e+00 1.195770000000000000e+00 1.121809999999999974e+00 1.065409999999999968e+00 1.025079999999999991e+00
2.643190000000000150e+00 2.513370000000000104e+00 2.385870000000000157e+00 2.260889999999999844e+00 2.138399999999999856e+00 2.018289999999999917e+00 1.900279999999999969e+00 1.783910000000000107e+00 1.668730000000000047e+00 1.554540000000000033e+00 1.441559999999999953e+00 1.330840000000000023e+00 1.225600000000000023e+00 1.134419999999999984e+00 1.065360000000000085e+00 1.017840000000000078e+00
5.383840000000000181e+00 5.051309999999999967e+00 4.722310000000000230e+00 4.397490000000000343e+00 4.077340000000000408e+00 3.762379999999999836e+00 3.452970000000000095e+00 3.148800000000000043e+00 2.849289999999999878e+00 2.553889999999999993e+00 2.262199999999999989e+00 1.974220000000000086e+00 1.690330000000000110e+00 1.413429999999999964e+00 1.171049999999999924e+00 1.026420000000000110e+00
2.588029999999999831e+00 2.463560000000000194e+00 2.341070000000000206e+00 2.220819999999999794e+00 2.102920000000000122e+00 1.987349999999999950e+00 1.873969999999999914e+00 1.762320000000000109e+00 1.651869999999999949e+00 1.542350000000000110e+00 1.433910000000000018e+00 1.327520000000000033e+00 1.225829999999999975e+00 1.136339999999999906e+00 1.068259999999999987e+00 1.022659999999999902e+00
2.736600000000000144e+00 2.601469999999999949e+00 2.468290000000000095e+00 2.337349999999999817e+00 2.208790000000000031e+00 2.082640000000000047e+00 1.958800000000000097e+00 1.836789999999999923e+00 1.716010000000000035e+00 1.596049999999999969e+00 1.476860000000000062e+00 1.359210000000000029e+00 1.245889999999999942e+00 1.145869999999999944e+00 1.070149999999999935e+00 1.021009999999999973e+00
1.178439999999999932e+00 1.164919999999999956e+00 1.151860000000000106e+00 1.139240000000000030e+00 1.127059999999999951e+00 1.115329999999999933e+00 1.103979999999999961e+00 1.092999999999999972e+00 1.082430000000000003e+00 1.072310000000000096e+00 1.062680000000000069e+00 1.053590000000000027e+00 1.045109999999999983e+00 1.037420000000000009e+00 1.030850000000000044e+00 1.025339999999999918e+00
1.618800000000000017e+00 1.568659999999999943e+00 1.519660000000000011e+00 1.471840000000000037e+00 1.425100000000000033e+00 1.379320000000000102e+00 1.334310000000000107e+00 1.289909999999999890e+00 1.246269999999999989e+00 1.203859999999999930e+00 1.163629999999999942e+00 1.126929999999999987e+00 1.094670000000000032e+00 1.066850000000000076e+00 1.043800000000000061e+00 1.025930000000000009e+00
1.107599999999999918e+00 1.100190000000000001e+00 1.093180000000000041e+00 1.086559999999999970e+00 1.080310000000000104e+00 1.074319999999999942e+00 1.068519999999999914e+00 1.062820000000000098e+00 1.057199999999999918e+00 1.051649999999999974e+00 1.046159999999999979e+00 1.040759999999999907e+00 1.035500000000000087e+00 1.030489999999999906e+00 1.026100000000000012e+00 1.022799999999999931e+00
1.611609999999999987e+00 1.561849999999999961e+00 1.513190000000000035e+00 1.465670000000000028e+00 1.419200000000000017e+00 1.373639999999999972e+00 1.328889999999999905e+00 1.284820000000000073e+00 1.241619999999999946e+00 1.199759999999999938e+00 1.160139999999999949e+00 1.124060000000000059e+00 1.092440000000000078e+00 1.065439999999999943e+00 1.043190000000000062e+00 1.025649999999999951e+00
