2.439029999999999809e+00 2.303700000000000081e+00 2.292609999999999815e+00 2.414499999999999869e+00 2.176019999999999843e+00 2.294099999999999806e+00 2.181430000000000202e+00 2.152690000000000214e+00 2.077760000000000051e+00 1.791239999999999943e+00 1.869830000000000103e+00
2.034429999999999961e+00 2.124579999999999913e+00 2.174879999999999924e+00 2.018250000000000099e+00 1.960900000000000087e+00 1.896539999999999893e+00 2.008129999999999971e+00 1.926719999999999988e+00 1.907640000000000002e+00 1.601669999999999927e+00 1.777859999999999996e+00
3.343510000000000204e+00 3.341019999999999879e+00 3.798049999999999926e+00 3.492239999999999789e+00 3.278090000000000170e+00 2.947169999999999845e+00 3.022689999999999877e+00 1.729719999999999924e+00 2.827739999999999920e+00 2.182580000000000187e+00 2.662700000000000067e+00
4.203430000000000000e+00 3.727399999999999824e+00 4.449110000000000120e+00 3.675689999999999902e+00 3.472370000000000179e+00 2.619979999999999976e+00 3.158310000000000173e+00 3.617609999999999992e+00 3.001370000000000093e+00 2.291580000000000172e+00 2.909899999999999931e+00
1.703140000000000098e+00 1.682770000000000099e+00 1.763349999999999973e+00 1.709470000000000045e+00 1.652859999999999996e+00 1.660150000000000015e+00 1.661899999999999933e+00 1.656879999999999908e+00 1.629269999999999996e+00 1.448220000000000063e+00 1.582570000000000032e+00
2.266430000000000167e+00 2.890989999999999949e+00 3.163279999999999870e+00 2.690900000000000070e+00 2.704740000000000144e+00 2.777299999999999880e+00 2.452519999999999811e+00 2.511919999999999931e+00 2.305639999999999912e+00 1.977130000000000054e+00 2.206459999999999866e+00
4.532149999999999679e+00 3.662440000000000140e+00 5.397100000000000009e+00 5.068999999999999950e+00 3.354649999999999910e+00 4.666400000000000325e+00 2.969689999999999941e+00 4.487829999999999764e+00 3.683320000000000149e+00 2.773489999999999789e+00 3.544319999999999915e+00
3.937419999999999920e+00 3.498979999999999979e+00 4.322989999999999888e+00 2.731829999999999981e+00 3.538390000000000146e+00 3.411529999999999951e+00 3.193039999999999878e+00 3.586240000000000094e+00 3.186490000000000045e+00 2.382649999999999935e+00 2.896819999999999951e+00
2.211669999999999803e+00 2.134539999999999882e+00 2.301860000000000017e+00 2.164559999999999818e+00 2.095920000000000005e+00 2.087419999999999831e+00 2.028840000000000199e+00 2.042009999999999881e+00 1.958309999999999995e+00 1.666439999999999921e+00 1.832289999999999974e+00
4.840799999999999770e+00 4.152860000000000440e+00 6.332290000000000418e+00 4.162659999999999805e+00 4.108050000000000423e+00 4.794740000000000002e+00 3.231180000000000163e+00 2.818940000000000001e+00 2.634910000000000085e+00 2.747710000000000097e+00 3.855319999999999858e+00
2.626669999999999838e+00 2.863410000000000011e+00 2.970509999999999984e+00 2.787100000000000133e+00 2.460090000000000110e+00 2.420180000000000220e+00 2.522159999999999958e+00 2.533929999999999794e+00 2.349680000000000213e+00 1.839360000000000106e+00 2.116379999999999928e+00
3.230150000000000077e+00 2.958990000000000009e+00 3.402670000000000083e+00 2.917619999999999880e+00 2.828770000000000007e+00 2.904380000000000184e+00 2.627380000000000049e+00 2.744580000000000020e+00 2.475589999999999957e+00 2.076900000000000190e+00 2.321720000000000006e+00
2.528910000000000213e+00 2.699640000000000040e+00 2.777800000000000047e+00 2.599540000000000184e+00 2.462720000000000020e+00 2.295659999999999812e+00 2.467239999999999878e+00 2.420780000000000154e+00 2.283110000000000195e+00 1.838600000000000012e+00 2.067349999999999799e+00
3.783799999999999830e+00 4.405149999999999899e+00 3.431430000000000202e+00 4.268659999999999677e+00 4.010299999999999976e+00 3.685960000000000125e+00 3.660029999999999895e+00 2.275580000000000158e+00 3.518450000000000077e+00 2.623470000000000191e+00 1.872260000000000035e+00
1.520119999999999916e+00 1.507460000000000022e+00 1.587879999999999958e+00 1.555569999999999897e+00 1.498720000000000052e+00 1.519549999999999956e+00 1.534729999999999928e+00 1.541420000000000012e+00 1.531760000000000010e+00 1.382530000000000037e+00 1.512159999999999949e+00
2.665589999999999904e+00 2.985399999999999832e+00 2.660219999999999807e+00 2.941759999999999931e+00 2.789660000000000029e+00 2.559829999999999828e+00 2.638679999999999914e+00 2.488620000000000054e+00 2.330680000000000085e+00 1.870610000000000106e+00 2.198679999999999968e+00
3.572830000000000172e+00 3.741890000000000160e+00 3.593890000000000029e+00 3.340640000000000054e+00 3.128919999999999924e+00 2.971000000000000085e+00 2.199489999999999945e+00 3.119949999999999779e+00 2.833489999999999842e+00 2.255790000000000184e+00 2.601570000000000160e+00
2.378280000000000172e+00 2.535989999999999966e+00 2.548680000000000057e+00 2.407099999999999795e+00 2.199860000000000149e+00 2.135279999999999845e+00 2.275339999999999918e+00 2.237880000000000091e+00 2.133579999999999810e+00 1.780440000000000023e+00 1.933519999999999905e+00
2.697400000000000020e+00 2.925380000000000091e+00 2.996830000000000105e+00 2.812230000000000008e+00 2.590959999999999930e+00 2.475639999999999841e+00 2.585160000000000124e+00 2.573539999999999939e+00 2.441759999999999931e+00 1.872919999999999918e+00 2.152029999999999887e+00
3.486229999999999940e+00 3.327729999999999855e+00 3.702020000000000088e+00 2.238459999999999894e+00 3.186449999999999783e+00 3.151619999999999866e+00 2.198890000000000011e+00 3.135380000000000056e+00 2.678059999999999885e+00 2.108519999999999950e+00 2.596210000000000129e+00
3.106370000000000076e+00 3.903680000000000039e+00 2.385829999999999895e+00 3.849569999999999936e+00 3.689670000000000005e+00 3.223580000000000112e+00 3.105100000000000193e+00 3.394000000000000128e+00 2.867389999999999883e+00 2.403979999999999784e+00 2.781610000000000138e+00
2.142609999999999904e+00 2.198469999999999924e+00 2.233569999999999833e+00 2.086370000000000058e+00 2.035519999999999996e+00 1.948879999999999946e+00 2.074040000000000106e+00 1.990499999999999936e+00 1.945279999999999898e+00 1.642879999999999896e+00 1.820330000000000004e+00
4.311729999999999841e+00 5.506280000000000285e+00 3.551620000000000221e+00 4.470089999999999897e+00 4.683270000000000266e+00 3.158199999999999896e+00 4.475480000000000125e+00 2.539070000000000160e+00 2.489030000000000076e+00 2.969629999999999992e+00 3.603289999999999882e+00
3.645610000000000017e+00 3.240850000000000009e+00 3.403319999999999901e+00 3.174869999999999859e+00 3.119880000000000209e+00 2.904360000000000053e+00 2.747349999999999959e+00 3.051349999999999785e+00 2.633179999999999854e+00 2.133799999999999919e+00 2.494639999999999969e+00
1.904959999999999987e+00 1.978550000000000031e+00 2.033339999999999925e+00 1.869580000000000020e+00 1.822279999999999900e+00 1.802079999999999904e+00 1.881389999999999896e+00 1.833320000000000061e+00 1.805420000000000025e+00 1.542189999999999950e+00 1.704220000000000068e+00
3.753470000000000084e+00 4.129159999999999719e+00 4.505239999999999689e+00 4.153900000000000148e+00 3.479470000000000063e+00 2.855690000000000062e+00 3.820199999999999818e+00 3.983610000000000095e+00 3.515989999999999949e+00 2.500210000000000043e+00 3.275739999999999874e+00
4.460519999999999818e+00 4.877019999999999911e+00 5.205720000000000347e+00 3.281190000000000051e+00 4.129209999999999603e+00 3.071730000000000071e+00 4.520940000000000403e+00 2.568480000000000096e+00 4.048820000000000086e+00 2.697979999999999823e+00 3.737480000000000135e+00
6.017260000000000275e+00 4.659340000000000259e+00 6.451699999999999768e+00 5.597629999999999661e+00 5.397529999999999717e+00 5.417060000000000208e+00 3.449260000000000215e+00 5.236159999999999926e+00 2.877909999999999968e+00 2.756349999999999856e+00 4.241080000000000183e+00
3.672180000000000000e+00 3.312969999999999970e+00 2.391230000000000189e+00 3.642659999999999787e+00 3.497829999999999995e+00 3.291020000000000056e+00 3.020360000000000156e+00 3.377439999999999998e+00 2.990099999999999980e+00 2.272730000000000139e+00 2.705529999999999990e+00
3.908199999999999896e+00 3.717729999999999979e+00 2.891869999999999941e+00 3.214799999999999880e+00 3.407659999999999911e+00 3.410260000000000069e+00 3.211190000000000211e+00 3.528379999999999850e+00 2.948049999999999837e+00 2.266290000000000138e+00 2.776990000000000069e+00
1.885129999999999972e+00 1.864230000000000054e+00 1.969270000000000076e+00 1.905119999999999925e+00 1.777910000000000101e+00 1.772909999999999986e+00 1.833269999999999955e+00 1.808510000000000062e+00 1.762780000000000014e+00 1.526580000000000048e+00 1.668209999999999971e+00
1.893499999999999961e+00 1.865510000000000002e+00 1.943910000000000027e+00 1.893939999999999957e+00 1.836689999999999934e+00 1.854749999999999899e+00 1.833509999999999973e+00 1.817509999999999959e+00 1.767290000000000028e+00 1.556100000000000039e+00 1.673219999999999930e+00
1.918260000000000076e+00 1.814279999999999893e+00 1.783130000000000104e+00 1.901049999999999907e+00 1.789539999999999909e+00 1.826680000000000081e+00 1.797220000000000040e+00 1.789849999999999941e+00 1.723959999999999937e+00 1.534219999999999917e+00 1.654029999999999889e+00
2.960300000000000153e+00 2.997630000000000017e+00 2.964809999999999945e+00 2.854960000000000164e+00 2.698030000000000150e+00 2.649789999999999868e+00 2.591140000000000221e+00 2.613449999999999829e+00 2.425380000000000091e+00 1.992799999999999905e+00 2.205869999999999997e+00
2.675469999999999793e+00 2.508999999999999897e+00 2.580519999999999925e+00 2.239630000000000010e+00 2.349410000000000220e+00 2.358070000000000110e+00 2.211520000000000152e+00 2.386019999999999808e+00 2.138170000000000126e+00 1.853439999999999976e+00 2.046749999999999847e+00
2.354070000000000107e+00 2.194970000000000088e+00 2.319640000000000146e+00 2.451350000000000140e+00 3.431039999999999868e+00 2.140509999999999913e+00 2.276619999999999866e+00 2.262680000000000025e+00 2.157960000000000100e+00 1.729919999999999902e+00 1.933440000000000047e+00
2.790680000000000049e+00 2.683300000000000018e+00 2.964230000000000143e+00 3.098570000000000046e+00 2.743079999999999963e+00 2.677630000000000177e+00 2.817000000000000171e+00 2.832980000000000054e+00 2.620299999999999851e+00 2.068610000000000060e+00 2.342429999999999790e+00
2.851339999999999986e+00 2.627450000000000063e+00 2.590749999999999886e+00 2.534219999999999917e+00 3.283049999999999802e+00 2.474239999999999995e+00 2.767310000000000159e+00 3.158900000000000041e+00 2.957329999999999792e+00 2.245420000000000194e+00 2.549659999999999815e+00
1.574379999999999891e+00 1.548079999999999901e+00 1.652449999999999974e+00 1.610400000000000054e+00 1.536640000000000006e+00 1.585080000000000044e+00 1.584219999999999962e+00 1.595869999999999900e+00 1.581429999999999891e+00 1.409999999999999920e+00 1.547180000000000000e+00
4.634470000000000312e+00 3.133319999999999883e+00 5.449589999999999712e+00 3.997879999999999878e+00 3.183920000000000083e+00 4.348989999999999689e+00 2.732979999999999965e+00 4.511359999999999815e+00 3.938149999999999817e+00 2.997739999999999849e+00 4.737339999999999662e+00
7.927349999999999675e+00 5.789039999999999964e+00 6.302979999999999805e+00 4.983220000000000205e+00 5.213260000000000005e+00 6.575260000000000105e+00 4.261309999999999931e+00 3.830150000000000166e+00 2.627510000000000012e+00 4.484110000000000262e+00 5.123249999999999638e+00
3.378000000000000114e+00 3.564740000000000020e+00 2.783760000000000012e+00 3.530689999999999884e+00 2.528239999999999821e+00 3.787319999999999798e+00 3.182059999999999889e+00 2.392799999999999816e+00 3.218789999999999818e+00 2.847970000000000113e+00 2.946060000000000123e+00
1.923329999999999984e+00 2.016659999999999897e+00 2.128559999999999786e+00 1.938900000000000068e+00 1.962509999999999977e+00 1.905659999999999910e+00 1.900160000000000071e+00 1.900749999999999940e+00 1.868470000000000075e+00 1.590500000000000025e+00 1.741519999999999957e+00
6.959120000000000417e+00 5.416350000000000442e+00 7.930640000000000356e+00 4.939329999999999998e+00 6.287609999999999921e+00 5.951279999999999681e+00 5.746129999999999960e+00 6.261389999999999567e+00 6.024630000000000152e+00 4.008949999999999569e+00 2.746179999999999843e+00
4.397109999999999630e+00 4.279429999999999623e+00 4.448019999999999641e+00 4.120079999999999742e+00 3.269960000000000200e+00 2.880650000000000155e+00 3.688200000000000145e+00 3.941739999999999799e+00 3.475070000000000103e+00 2.500919999999999810e+00 1.826780000000000070e+00
3.314490000000000158e+00 2.097970000000000113e+00 3.600540000000000074e+00 2.779139999999999944e+00 3.032729999999999926e+00 3.069339999999999957e+00 2.734919999999999796e+00 3.168620000000000214e+00 2.895160000000000178e+00 2.066209999999999880e+00 2.419869999999999965e+00
3.003890000000000171e+00 2.913549999999999862e+00 2.770700000000000163e+00 2.925089999999999968e+00 2.523460000000000036e+00 2.437149999999999928e+00 2.674889999999999990e+00 2.693449999999999900e+00 2.472059999999999924e+00 1.887650000000000050e+00 2.200309999999999988e+00
3.859750000000000014e+00 4.254929999999999879e+00 4.728959999999999830e+00 3.348749999999999893e+00 3.851210000000000022e+00 2.973570000000000046e+00 2.474460000000000104e+00 4.059630000000000294e+00 3.464010000000000034e+00 2.661789999999999878e+00 3.305629999999999846e+00
1.504979999999999984e+00 1.487749999999999906e+00 1.581269999999999953e+00 1.557260000000000089e+00 1.486080000000000068e+00 1.528739999999999988e+00 1.549039999999999973e+00 1.552999999999999936e+00 1.543409999999999949e+00 1.382160000000000055e+00 1.518750000000000044e+00
3.031320000000000014e+00 2.112810000000000077e+00 2.880269999999999886e+00 2.966709999999999958e+00 2.732680000000000220e+00 2.711160000000000014e+00 2.754809999999999981e+00 2.728959999999999830e+00 2.570160000000000000e+00 1.949100000000000055e+00 2.287900000000000045e+00
2.782900000000000151e+00 3.110489999999999977e+00 2.622660000000000213e+00 3.272940000000000182e+00 2.954660000000000064e+00 2.805940000000000101e+00 2.227790000000000159e+00 3.132789999999999964e+00 2.812079999999999913e+00 2.174090000000000078e+00 2.528150000000000119e+00
3.105449999999999822e+00 3.679269999999999818e+00 3.931200000000000028e+00 2.739149999999999974e+00 3.661360000000000170e+00 3.255360000000000031e+00 3.551109999999999989e+00 3.615009999999999835e+00 3.143409999999999815e+00 2.304920000000000080e+00 2.751669999999999838e+00
3.587330000000000130e+00 2.758169999999999789e+00 3.820669999999999789e+00 3.591279999999999806e+00 2.408409999999999940e+00 3.093280000000000030e+00 3.431109999999999882e+00 3.581399999999999917e+00 3.101010000000000044e+00 2.270010000000000083e+00 2.759799999999999809e+00
2.587429999999999897e+00 2.637399999999999967e+00 3.345029999999999948e+00 1.837900000000000089e+00 2.903630000000000155e+00 2.799840000000000106e+00 2.755560000000000009e+00 2.949429999999999996e+00 2.659400000000000208e+00 1.969700000000000006e+00 2.292670000000000208e+00
3.286049999999999915e+00 3.723289999999999988e+00 2.471400000000000041e+00 3.418070000000000164e+00 3.466699999999999893e+00 3.223869999999999791e+00 3.017269999999999897e+00 3.300339999999999829e+00 2.996280000000000054e+00 2.192579999999999973e+00 2.730830000000000091e+00
2.056909999999999794e+00 2.069910000000000139e+00 2.162659999999999805e+00 2.130529999999999813e+00 2.071730000000000071e+00 2.018479999999999830e+00 2.044449999999999878e+00 2.001980000000000093e+00 1.942830000000000057e+00 1.651019999999999932e+00 1.813639999999999919e+00
4.139789999999999637e+00 4.541979999999999684e+00 3.274090000000000167e+00 4.622010000000000396e+00 4.665610000000000035e+00 4.556250000000000355e+00 4.261269999999999669e+00 2.543270000000000142e+00 3.916249999999999787e+00 2.685060000000000002e+00 3.527400000000000091e+00
3.368160000000000043e+00 3.191710000000000047e+00 4.028889999999999638e+00 3.398759999999999781e+00 3.385200000000000209e+00 3.275920000000000165e+00 3.217299999999999827e+00 3.424789999999999779e+00 3.219669999999999810e+00 2.256209999999999827e+00 2.934719999999999995e+00
2.108560000000000212e+00 2.025770000000000071e+00 2.060569999999999791e+00 2.094339999999999868e+00 1.909200000000000008e+00 1.862959999999999949e+00 1.999349999999999961e+00 1.949189999999999978e+00 1.888050000000000006e+00 1.592249999999999943e+00 1.747370000000000090e+00
4.797740000000000116e+00 3.857310000000000016e+00 3.625640000000000196e+00 4.417379999999999640e+00 3.281179999999999986e+00 2.934439999999999937e+00 3.817089999999999872e+00 4.523950000000000138e+00 3.868409999999999904e+00 2.641700000000000159e+00 3.560989999999999878e+00
5.837130000000000152e+00 4.416000000000000369e+00 4.262310000000000265e+00 5.032860000000000333e+00 5.265690000000000204e+00 3.494810000000000194e+00 4.376660000000000217e+00 5.014350000000000307e+00 4.268640000000000434e+00 2.569749999999999979e+00 4.082790000000000141e+00
8.280079999999999885e+00 6.202890000000000015e+00 8.507070000000000576e+00 5.363069999999999560e+00 5.528710000000000235e+00 5.300390000000000157e+00 4.637880000000000003e+00 3.993209999999999926e+00 5.386440000000000339e+00 3.774360000000000159e+00 5.275420000000000442e+00
3.126739999999999853e+00 3.655310000000000059e+00 2.691399999999999793e+00 3.413689999999999891e+00 3.486089999999999911e+00 3.241830000000000211e+00 3.248590000000000089e+00 3.568119999999999958e+00 3.134939999999999838e+00 2.202970000000000095e+00 2.828749999999999876e+00
3.689449999999999896e+00 3.698290000000000077e+00 4.923210000000000086e+00 2.691009999999999902e+00 3.545599999999999863e+00 2.736940000000000150e+00 3.579810000000000159e+00 3.790299999999999780e+00 3.496090000000000142e+00 2.524099999999999788e+00 3.204460000000000086e+00
2.565789999999999793e+00 2.417370000000000019e+00 2.476049999999999862e+00 2.501219999999999999e+00 2.330000000000000071e+00 2.202290000000000081e+00 2.395239999999999814e+00 2.358779999999999877e+00 2.207190000000000207e+00 1.754480000000000040e+00 1.945030000000000037e+00
2.004350000000000076e+00 2.134720000000000173e+00 2.090689999999999937e+00 2.042609999999999815e+00 2.010549999999999837e+00 1.991919999999999913e+00 1.925499999999999989e+00 1.977419999999999956e+00 1.909859999999999891e+00 1.620300000000000074e+00 1.778860000000000108e+00
1.792419999999999902e+00 1.878889999999999949e+00 1.863879999999999981e+00 1.907650000000000068e+00 1.825469999999999926e+00 1.848600000000000021e+00 1.824850000000000083e+00 1.813979999999999926e+00 1.765670000000000073e+00 1.549849999999999950e+00 1.671680000000000055e+00
3.000140000000000029e+00 2.926180000000000003e+00 2.024849999999999817e+00 3.041869999999999852e+00 2.809870000000000090e+00 2.667110000000000092e+00 2.766480000000000050e+00 2.809060000000000112e+00 2.620680000000000121e+00 1.992320000000000091e+00 2.314820000000000100e+00
