-0.76503900594039264682 -0.63269784170114840016 -0.1200364965185352073
-0.1798810076370492006 -0.02562363645573579457 0.9833545913587142806
-0.54732385057290511288 -0.28093105768810550105 0.7883618099707078164
-0.060991061443097342731 -0.99099789135982763177 -0.11917747163126009291
-0.84888100402554378388 0.071339007669603507478 -0.52374782767024541386
-0.64579223354516124278 -0.58574080560308228183 -0.48975514264191660763
-0.44208976337603844708 -0.89692773199866526745 0.0087911711306901483415
-0.79295990393755055869 -0.45675151766222871208 -0.40322777912812712842
-0.15700564703794245291 -0.98370071838053219082 0.087647723620306608461
-0.25042768939808363049 -0.88420783374566302992 -0.39428730530609074068
-0.61963227801322195987 0.64744852317377632467 0.44369612335949176751
-0.19255248434050400985 -0.89073589508898365352 -0.41171969344971487414
-0.26648417837563415089 0.74998269929300453995 0.60540245575702944514
-0.89449365088603283169 -0.3809365440700858696 -0.23402661796581095133
-0.60452194654545265973 -0.64386419564276375915 -0.46903316909808578927
-0.12507306332846604424 -0.75750891672090447937 0.64073158960516019
-0.86404442501294698165 0.00979986167657414739 0.50332017078114987818
-0.72890478278795467482 0.54567814666278613434 0.41344065823708192609
-0.82623362027476243696 0.27925612528194948547 0.48923820498829789782
-0.11794455387647571898 -0.94768642788114443309 -0.29661341274587627037
-0.61889936387196553547 -0.63012386789357044403 0.46894294803283120832
-0.14286993395500227622 -0.74137881135238226094 0.65570240204640251047
-0.60770380608725371729 -0.52224525954309297671 0.59829421938694415939
-0.13675014343193561683 -0.97690205220805503838 0.16420042223769015788
-0.19980143698026661681 0.53111409588703484275 0.82340585553584566547
-0.55880297873615758508 0.33836053659016496198 0.75713365942481580806
-0.24029602311273820514 -0.0087128199281866960252 0.97066055243071525105
-0.28784101095713693352 -0.93200361171155587936 0.220265340368812651
-0.9647678557064240934 -0.26271158955128193213 -0.014338943861639979679
-0.71644683744789583457 -0.67249400401079539868 0.18562258397198530546
-0.13688145033504245385 0.77085841588334402807 0.62212600911390691927
-0.87055301774259741254 0.44534828464416931215 -0.20929010646409687557
-0.88545726625296639067 -0.45346826322044231361 0.10164626845909999209
-0.94961228096957150946 -0.17765505147997173729 0.25821541107264767145
0.78434400824996408641 -0.61902228314805485265 -0.040198130411122204309
0.035920670556508542404 -0.082275861066355593376 0.99596204150186373738
0.4351902900618722092 -0.27494224298158931319 0.85733084305891860133
0.12079535744397328079 -0.98034291568199138922 -0.15600079901114297098
0.90538216797459658558 0.16881420445068270886 -0.38959580887029887641
0.6527734701956534602 -0.5997234669118830519 -0.46283750911514903725
0.52793248190342845216 -0.84880844149345979766 0.028487263833686125858
0.88003600611514709584 -0.33819519402530545671 -0.33340761640833410651
0.15037771344507802618 -0.98779734691160125948 0.040533254661224003834
0.33676819328980928114 -0.85633154330916871899 -0.39151433169432620085
0.51920994955462129727 0.66369839375158923289 0.53844727728446017956
0.22724698480783731003 -0.88260039045322369322 -0.41155237657868554146
0.060426695082923247149 0.73847984291607116081 0.67156245884356158271
0.901201665532399665 -0.40524628885712188353 -0.15365872383030937387
0.70425377649273745995 -0.57246277052432292809 -0.41989640943848766108
0.070161391704443173967 -0.80352213433137409382 0.59112567086335265909
0.83509077370198636636 -0.030325832652607527529 0.54927565352174834157
0.6587598834248158397 0.55822663867677613236 0.50439908392239496404
0.77226887745552563747 0.26452726119581682074 0.57760376470191265863
0.16998430367861303014 -0.9306630441045368185 -0.32399326357344854221
0.57052407838730612166 -0.6463832056423164385 0.50664684687055749901
0.065656621373390983143 -0.77560085783680587923 0.62779974306512897897
0.52086377131913075278 -0.54346720596358322197 0.65828893942504329573
0.15330028209063137346 -0.98335936615541774675 0.097485283532171757015
0.029185867716631178764 0.48160077042614063414 0.87590460841953288185
0.45166704583086808578 0.29640435627311756406 0.84151134115514769629
0.11863146143759210893 -0.15638472231750191743 0.98054596780714931015
0.25645274243953186666 -0.94605181801706206279 0.19803522040751925237
0.96350979294953176257 -0.25207995083623596644 0.090025425723800386879
0.6793299252540754285 -0.67825032148726516201 0.28015594595994891547
0.066616620312552304872 0.76157407441688751426 0.64464498375012135867
0.82880110721299204979 0.55508842416406656284 -0.07046677260646640184
0.85148100467265441793 -0.49220216323315013618 0.1808787693187187684
0.91523610275625300048 -0.20285510956328986487 0.34812739153305771733
