-5.214809999999999945e+01 -4.287440000000000140e+01 -8.016500000000000625e+00
-5.742600000000000371e+00 -1.584400000000000031e+00 4.823100000000000165e+01
-3.789009999999999678e+01 -1.939270000000000138e+01 5.528960000000000008e+01
-4.946200000000000152e+00 -7.603279999999999461e+01 -1.043140000000000001e+01
-2.613070000000000093e+01 3.069399999999999906e+00 -1.739329999999999998e+01
-3.544530000000000314e+01 -3.320199999999999818e+01 -3.068260000000000076e+01
-3.693939999999999912e+01 -7.418309999999999604e+01 9.320599999999999996e-01
-4.964269999999999783e+01 -3.173209999999999908e+01 -2.570759999999999934e+01
-6.118699999999999584e+00 -4.601709999999999923e+01 3.068499999999999783e+00
-2.231800000000000139e+01 -7.885609999999999786e+01 -3.509040000000000248e+01
-2.534560000000000102e+01 2.679710000000000036e+01 1.766169999999999973e+01
-1.287809999999999988e+01 -5.888040000000000163e+01 -2.724190000000000111e+01
-7.623899999999999899e+00 2.484059999999999846e+01 2.045919999999999916e+01
-5.890859999999999985e+01 -2.531719999999999970e+01 -1.232469999999999999e+01
-2.233889999999999887e+01 -2.405049999999999955e+01 -1.973570000000000135e+01
-7.150800000000000267e+00 -5.502120000000000033e+01 4.645859999999999701e+01
-5.331389999999999674e+01 8.670799999999999619e-01 3.102659999999999840e+01
-3.991369999999999862e+01 3.233279999999999887e+01 2.305549999999999855e+01
-4.984190000000000254e+01 1.855239999999999867e+01 3.462619999999999720e+01
-9.234799999999999898e+00 -7.319240000000000634e+01 -2.291850000000000165e+01
-4.354419999999999646e+01 -4.799980000000000047e+01 3.504310000000000258e+01
-7.231200000000000294e+00 -4.073610000000000042e+01 3.451480000000000103e+01
-4.159239999999999782e+01 -3.853249999999999886e+01 3.880890000000000128e+01
-9.888500000000000512e+00 -6.903060000000000684e+01 8.899499999999999744e+00
-6.110199999999999854e+00 2.054739999999999966e+01 3.420190000000000197e+01
-3.514430000000000121e+01 2.356990000000000052e+01 5.148910000000000053e+01
-1.210159999999999947e+01 -2.887500000000000178e+00 6.321860000000000213e+01
-2.489959999999999951e+01 -7.780670000000000641e+01 1.753040000000000020e+01
-5.824419999999999931e+01 -1.622790000000000177e+01 -3.618500000000000050e+00
-5.480619999999999692e+01 -5.372099999999999653e+01 1.485229999999999961e+01
-9.463699999999999335e+00 4.996750000000000114e+01 3.714739999999999753e+01
-3.570589999999999975e+01 1.778989999999999938e+01 -1.087459999999999916e+01
-4.639809999999999945e+01 -2.345400000000000063e+01 6.556600000000000428e+00
-4.458259999999999934e+01 -7.910599999999999632e+00 1.395129999999999981e+01
5.445909999999999940e+01 -4.345519999999999783e+01 -2.969100000000000072e+00
-5.017099999999999893e-01 -4.029899999999999594e+00 4.687279999999999802e+01
2.953790000000000049e+01 -1.547940000000000005e+01 5.821959999999999980e+01
8.882999999999999119e+00 -7.943909999999999627e+01 -1.206589999999999918e+01
2.672599999999999909e+01 5.559800000000000075e+00 -1.332080000000000020e+01
3.611110000000000042e+01 -3.271020000000000039e+01 -2.745299999999999940e+01
4.607529999999999859e+01 -7.033369999999999322e+01 4.023799999999999599e+00
5.524719999999999942e+01 -2.106650000000000134e+01 -1.874660000000000082e+01
7.503400000000000070e+00 -4.717519999999999669e+01 1.838600000000000012e+00
3.092180000000000106e+01 -7.734250000000000114e+01 -3.499099999999999966e+01
2.104050000000000153e+01 2.457150000000000034e+01 2.154650000000000176e+01
1.498990000000000045e+01 -5.815809999999999746e+01 -2.751460000000000150e+01
2.241600000000000037e+00 2.696010000000000062e+01 2.701500000000000057e+01
5.973440000000000083e+01 -2.969119999999999848e+01 -1.072920000000000051e+01
2.663319999999999865e+01 -2.200280000000000058e+01 -1.723089999999999833e+01
4.174800000000000288e+00 -5.871880000000000166e+01 4.118379999999999797e+01
4.896690000000000254e+01 -3.097799999999999887e+00 3.118990000000000151e+01
3.792660000000000053e+01 3.248129999999999740e+01 2.830910000000000082e+01
4.609320000000000306e+01 1.455160000000000053e+01 3.305069999999999908e+01
1.337809999999999988e+01 -7.080700000000000216e+01 -2.477420000000000044e+01
4.339419999999999789e+01 -4.758129999999999882e+01 3.622099999999999653e+01
5.189199999999999591e+00 -4.192139999999999844e+01 3.597570000000000334e+01
3.594120000000000203e+01 -3.889629999999999654e+01 4.447630000000000194e+01
1.001440000000000019e+01 -6.654680000000000462e+01 9.989599999999999369e+00
5.368199999999999639e-01 1.795550000000000068e+01 3.422749999999999915e+01
2.913400000000000034e+01 1.953059999999999974e+01 5.374110000000000298e+01
1.019730000000000025e+01 -5.963700000000000223e+00 6.578300000000000125e+01
2.200789999999999935e+01 -7.976160000000000139e+01 1.708800000000000097e+01
5.642620000000000147e+01 -1.469899999999999984e+01 2.553500000000000103e+00
5.029500000000000171e+01 -5.086489999999999867e+01 2.220850000000000080e+01
4.580099999999999838e+00 4.998069999999999879e+01 4.274940000000000140e+01
2.889649999999999963e+01 1.949620000000000175e+01 -6.351900000000000324e-01
4.486260000000000048e+01 -2.617350000000000065e+01 1.172029999999999994e+01
3.731130000000000280e+01 -8.791499999999999204e+00 1.008339999999999925e+01
