3.314439999999999831e+00 2.943999999999999950e+00 3.505320000000000213e+00 3.459060000000000024e+00 3.125789999999999846e+00 3.176590000000000025e+00 2.760409999999999808e+00 2.147009999999999863e+00 2.664210000000000189e+00 2.513349999999999973e+00 2.347900000000000098e+00
1.948749999999999982e+00 1.799649999999999972e+00 1.828740000000000032e+00 1.856950000000000101e+00 1.748180000000000067e+00 1.763500000000000068e+00 1.720460000000000100e+00 1.552179999999999893e+00 1.757779999999999898e+00 1.702679999999999971e+00 1.650300000000000100e+00
3.259220000000000006e+00 3.022600000000000176e+00 3.476539999999999964e+00 3.111790000000000056e+00 2.863649999999999807e+00 3.095810000000000173e+00 2.774360000000000159e+00 2.250440000000000218e+00 2.743110000000000159e+00 2.640099999999999891e+00 2.425920000000000076e+00
3.872910000000000075e+00 3.384189999999999809e+00 2.480319999999999858e+00 3.535419999999999785e+00 3.280710000000000015e+00 3.265849999999999920e+00 2.337029999999999941e+00 2.399449999999999861e+00 3.039759999999999796e+00 2.865169999999999995e+00 2.629449999999999843e+00
1.992129999999999956e+00 1.837220000000000075e+00 1.919950000000000045e+00 1.984639999999999960e+00 1.823380000000000001e+00 1.887610000000000010e+00 1.785940000000000083e+00 1.588079999999999936e+00 1.782469999999999999e+00 1.729630000000000001e+00 1.685140000000000082e+00
3.079439999999999955e+00 2.740279999999999827e+00 2.871480000000000032e+00 2.640219999999999789e+00 2.627040000000000042e+00 2.628109999999999946e+00 2.444109999999999783e+00 2.053850000000000176e+00 2.381540000000000212e+00 2.235149999999999970e+00 2.133329999999999949e+00
4.238889999999999603e+00 4.128250000000000419e+00 5.703999999999999737e+00 5.719509999999999650e+00 4.737099999999999866e+00 4.888580000000000148e+00 2.601480000000000015e+00 2.862690000000000179e+00 4.350459999999999994e+00 4.146349999999999980e+00 3.748829999999999885e+00
4.186770000000000103e+00 3.349689999999999834e+00 2.778929999999999900e+00 2.509590000000000209e+00 2.518229999999999968e+00 3.515190000000000037e+00 2.499309999999999921e+00 2.454610000000000181e+00 3.073269999999999946e+00 2.848250000000000171e+00 2.646570000000000089e+00
2.242420000000000080e+00 2.051190000000000069e+00 2.198719999999999786e+00 2.202529999999999877e+00 2.032950000000000035e+00 2.043229999999999880e+00 1.970299999999999940e+00 1.681140000000000079e+00 1.926520000000000010e+00 1.837150000000000061e+00 1.788589999999999902e+00
5.078700000000000436e+00 5.075599999999999667e+00 3.877219999999999889e+00 3.417640000000000011e+00 4.846429999999999794e+00 2.940339999999999954e+00 3.243069999999999897e+00 3.339700000000000113e+00 4.299619999999999997e+00 2.172839999999999883e+00 3.592130000000000045e+00
2.771520000000000206e+00 2.517370000000000108e+00 2.738230000000000164e+00 2.713909999999999823e+00 2.362499999999999822e+00 2.496890000000000054e+00 2.283749999999999947e+00 1.884090000000000042e+00 2.308980000000000032e+00 2.159450000000000092e+00 2.043930000000000025e+00
2.425359999999999960e+00 2.298000000000000043e+00 2.290659999999999918e+00 2.255370000000000097e+00 2.160460000000000047e+00 2.137960000000000083e+00 2.107850000000000001e+00 1.782559999999999922e+00 1.996299999999999963e+00 1.888060000000000072e+00 1.858479999999999910e+00
2.784330000000000194e+00 2.392850000000000144e+00 2.439919999999999867e+00 2.543379999999999974e+00 2.307490000000000041e+00 2.406899999999999817e+00 2.153830000000000133e+00 1.902849999999999930e+00 2.234919999999999796e+00 2.130850000000000133e+00 1.980490000000000084e+00
4.761599999999999611e+00 3.315209999999999990e+00 5.410999999999999588e+00 4.688039999999999985e+00 3.784079999999999888e+00 4.450140000000000207e+00 2.785789999999999988e+00 2.507760000000000211e+00 3.956399999999999917e+00 3.647040000000000060e+00 3.227079999999999949e+00
1.805090000000000083e+00 1.713810000000000056e+00 1.720380000000000020e+00 1.772899999999999920e+00 1.646419999999999995e+00 1.719270000000000076e+00 1.642879999999999896e+00 1.480460000000000109e+00 1.649380000000000068e+00 1.616840000000000055e+00 1.595059999999999922e+00
3.019530000000000047e+00 2.534790000000000099e+00 2.931430000000000202e+00 2.734170000000000211e+00 2.545869999999999855e+00 2.690459999999999852e+00 2.463929999999999954e+00 2.047419999999999796e+00 2.333050000000000068e+00 2.291500000000000092e+00 2.102240000000000109e+00
3.671440000000000037e+00 3.128249999999999975e+00 3.516030000000000211e+00 3.498279999999999834e+00 3.023400000000000087e+00 2.029360000000000053e+00 2.982429999999999914e+00 2.460560000000000080e+00 3.078819999999999890e+00 2.763049999999999784e+00 2.555750000000000188e+00
2.752880000000000216e+00 2.561879999999999935e+00 2.621249999999999858e+00 2.663619999999999877e+00 2.350350000000000161e+00 2.464820000000000011e+00 2.288580000000000059e+00 1.956199999999999939e+00 2.249600000000000044e+00 2.146009999999999973e+00 2.012220000000000120e+00
3.436350000000000016e+00 2.961770000000000014e+00 3.232850000000000001e+00 3.108019999999999783e+00 2.219819999999999904e+00 2.904009999999999980e+00 2.634850000000000136e+00 2.149430000000000174e+00 2.670630000000000059e+00 2.530139999999999834e+00 2.315869999999999873e+00
2.709270000000000067e+00 2.537920000000000176e+00 2.494979999999999976e+00 2.436529999999999863e+00 2.391840000000000188e+00 2.364259999999999806e+00 2.233670000000000044e+00 1.935980000000000034e+00 2.151209999999999845e+00 2.043390000000000040e+00 1.978040000000000020e+00
4.283170000000000144e+00 2.891430000000000167e+00 4.314829999999999721e+00 3.951010000000000133e+00 3.473920000000000119e+00 4.081179999999999808e+00 3.991289999999999782e+00 2.746659999999999879e+00 3.333410000000000206e+00 3.242300000000000182e+00 2.924539999999999917e+00
2.225639999999999841e+00 1.942110000000000003e+00 2.101830000000000087e+00 2.109929999999999861e+00 1.952059999999999906e+00 2.008750000000000036e+00 1.940430000000000099e+00 1.630700000000000038e+00 1.917580000000000062e+00 1.844449999999999923e+00 1.770880000000000010e+00
4.241990000000000371e+00 3.499049999999999994e+00 5.406850000000000378e+00 3.403519999999999879e+00 3.146650000000000169e+00 4.801720000000000432e+00 4.495250000000000412e+00 2.758290000000000131e+00 2.370080000000000187e+00 4.102339999999999876e+00 3.570759999999999934e+00
3.664200000000000124e+00 2.268149999999999888e+00 3.385279999999999845e+00 3.488350000000000062e+00 3.119359999999999911e+00 3.242170000000000218e+00 3.474670000000000147e+00 1.819989999999999997e+00 2.979909999999999837e+00 2.788170000000000037e+00 2.582300000000000040e+00
2.031610000000000138e+00 1.877769999999999939e+00 1.879590000000000094e+00 1.921140000000000070e+00 1.789029999999999898e+00 1.840529999999999999e+00 1.758510000000000018e+00 1.572699999999999987e+00 1.793930000000000025e+00 1.737039999999999917e+00 1.679780000000000051e+00
3.256380000000000052e+00 3.126780000000000115e+00 3.916640000000000121e+00 3.724709999999999965e+00 2.551730000000000054e+00 2.263250000000000206e+00 3.408760000000000012e+00 2.193330000000000002e+00 3.510330000000000172e+00 3.262129999999999974e+00 2.896199999999999886e+00
5.286249999999999893e+00 3.686290000000000067e+00 3.040830000000000144e+00 3.418340000000000156e+00 3.073879999999999946e+00 2.939369999999999816e+00 3.889339999999999797e+00 3.337670000000000137e+00 5.362409999999999677e+00 5.682489999999999597e+00 3.645719999999999850e+00
4.061230000000000118e+00 3.593090000000000117e+00 3.458309999999999995e+00 3.611190000000000122e+00 3.380549999999999944e+00 2.877139999999999809e+00 3.041189999999999838e+00 2.693589999999999929e+00 2.336019999999999985e+00 3.998409999999999798e+00 3.570100000000000051e+00
3.078720000000000123e+00 3.072389999999999954e+00 4.403019999999999712e+00 4.476049999999999862e+00 3.673659999999999926e+00 3.902429999999999843e+00 2.471589999999999954e+00 2.172569999999999890e+00 3.414680000000000160e+00 3.217179999999999929e+00 2.921930000000000138e+00
3.908710000000000129e+00 2.953370000000000051e+00 4.070949999999999847e+00 3.664550000000000196e+00 3.458330000000000126e+00 3.546499999999999986e+00 3.080290000000000195e+00 2.436040000000000205e+00 3.080119999999999969e+00 2.935569999999999791e+00 2.658090000000000064e+00
1.889629999999999921e+00 1.758369999999999989e+00 1.781160000000000077e+00 1.828729999999999967e+00 1.705670000000000019e+00 1.711260000000000003e+00 1.691189999999999971e+00 1.509619999999999962e+00 1.694120000000000070e+00 1.656609999999999916e+00 1.616959999999999953e+00
2.805849999999999955e+00 2.314490000000000158e+00 2.522320000000000118e+00 2.606650000000000134e+00 2.447680000000000078e+00 2.455029999999999824e+00 2.254820000000000046e+00 1.865299999999999958e+00 2.186080000000000023e+00 2.102689999999999948e+00 1.997109999999999941e+00
1.993479999999999919e+00 1.899769999999999959e+00 2.008640000000000203e+00 2.127289999999999903e+00 1.890020000000000033e+00 1.949540000000000051e+00 1.872560000000000002e+00 1.591180000000000039e+00 1.807879999999999932e+00 1.749810000000000088e+00 1.693859999999999921e+00
3.495839999999999836e+00 2.055359999999999854e+00 3.407160000000000188e+00 3.199170000000000069e+00 3.068379999999999885e+00 3.130739999999999856e+00 2.752040000000000042e+00 2.222420000000000062e+00 2.731790000000000163e+00 2.559079999999999799e+00 2.414219999999999811e+00
2.940809999999999924e+00 2.447950000000000070e+00 2.662310000000000176e+00 2.876459999999999795e+00 2.314049999999999940e+00 2.415059999999999985e+00 2.332129999999999814e+00 1.927389999999999937e+00 2.245620000000000172e+00 2.129420000000000091e+00 1.992180000000000062e+00
2.024270000000000014e+00 1.985300000000000065e+00 1.939529999999999976e+00 2.055109999999999992e+00 1.892519999999999980e+00 1.952839999999999909e+00 1.889210000000000056e+00 1.606510000000000105e+00 1.825239999999999974e+00 1.758909999999999973e+00 1.708399999999999919e+00
2.757610000000000117e+00 3.685880000000000045e+00 3.741960000000000175e+00 3.699419999999999931e+00 3.374810000000000088e+00 3.551790000000000003e+00 2.761820000000000164e+00 2.526130000000000209e+00 3.123969999999999914e+00 2.911900000000000155e+00 2.646170000000000133e+00
2.899480000000000057e+00 3.838220000000000187e+00 2.761919999999999931e+00 4.581380000000000230e+00 4.006120000000000125e+00 2.387700000000000156e+00 2.678129999999999900e+00 2.239570000000000061e+00 3.515210000000000168e+00 3.301419999999999799e+00 2.956310000000000215e+00
1.713989999999999903e+00 1.689829999999999943e+00 1.660300000000000109e+00 1.714749999999999996e+00 1.606049999999999978e+00 1.680700000000000083e+00 1.617280000000000051e+00 1.442209999999999992e+00 1.620030000000000081e+00 1.593250000000000055e+00 1.573909999999999920e+00
2.054899999999999949e+00 3.242879999999999985e+00 2.466629999999999878e+00 3.061459999999999848e+00 2.578669999999999796e+00 2.955519999999999925e+00 2.560569999999999791e+00 2.154269999999999907e+00 2.475109999999999921e+00 2.410839999999999872e+00 2.233299999999999841e+00
5.614160000000000039e+00 5.248990000000000045e+00 3.881240000000000023e+00 5.915589999999999904e+00 4.513119999999999798e+00 5.246690000000000076e+00 4.685220000000000162e+00 2.941769999999999996e+00 4.442529999999999646e+00 5.861170000000000435e+00 2.050609999999999822e+00
5.812470000000000248e+00 5.552340000000000053e+00 5.235839999999999606e+00 2.640299999999999869e+00 3.288409999999999833e+00 5.032560000000000144e+00 3.185309999999999864e+00 2.779129999999999878e+00 4.370000000000000107e+00 4.136269999999999669e+00 3.556680000000000064e+00
2.457079999999999931e+00 2.418460000000000054e+00 2.402530000000000054e+00 2.561420000000000030e+00 2.180270000000000152e+00 2.225420000000000176e+00 2.186500000000000110e+00 1.823609999999999953e+00 2.101960000000000051e+00 2.000199999999999978e+00 1.902539999999999898e+00
5.365420000000000300e+00 6.723600000000000243e+00 4.411139999999999617e+00 6.406200000000000117e+00 3.937899999999999956e+00 6.074980000000000047e+00 3.241929999999999978e+00 3.265859999999999985e+00 5.214179999999999815e+00 4.999369999999999870e+00 4.104870000000000019e+00
3.632740000000000080e+00 3.365479999999999805e+00 3.602409999999999890e+00 3.323789999999999800e+00 3.147759999999999891e+00 3.225569999999999826e+00 2.934919999999999973e+00 2.367509999999999781e+00 2.788089999999999957e+00 2.639590000000000103e+00 2.473529999999999784e+00
2.859820000000000029e+00 3.016099999999999781e+00 2.838200000000000056e+00 3.045129999999999892e+00 2.536329999999999973e+00 2.740029999999999966e+00 2.452389999999999848e+00 2.018279999999999852e+00 2.442229999999999901e+00 2.315179999999999794e+00 2.171279999999999877e+00
2.578879999999999839e+00 2.565669999999999895e+00 2.443229999999999791e+00 2.651949999999999807e+00 2.270929999999999893e+00 2.444650000000000212e+00 2.276219999999999910e+00 1.896609999999999907e+00 2.187969999999999970e+00 2.120589999999999975e+00 1.990720000000000045e+00
5.821819999999999773e+00 4.376929999999999765e+00 5.882880000000000109e+00 5.711960000000000370e+00 4.136280000000000179e+00 5.050760000000000360e+00 4.695269999999999833e+00 3.400720000000000187e+00 4.460700000000000109e+00 5.820540000000000269e+00 3.639330000000000176e+00
1.628139999999999921e+00 1.612840000000000051e+00 1.586279999999999912e+00 1.653550000000000075e+00 1.548570000000000002e+00 1.618109999999999937e+00 1.563490000000000046e+00 1.404579999999999940e+00 1.578209999999999891e+00 1.557609999999999939e+00 1.545619999999999994e+00
2.972690000000000055e+00 2.768419999999999881e+00 2.922260000000000080e+00 2.830659999999999954e+00 2.717970000000000219e+00 2.877120000000000122e+00 2.602139999999999898e+00 1.980560000000000098e+00 2.434750000000000192e+00 2.374210000000000154e+00 2.185150000000000148e+00
3.285960000000000214e+00 3.010269999999999779e+00 3.141570000000000196e+00 3.300619999999999887e+00 2.888189999999999813e+00 3.127159999999999940e+00 4.041870000000000296e+00 2.240029999999999966e+00 2.667289999999999939e+00 2.544029999999999792e+00 2.352189999999999781e+00
2.722869999999999902e+00 3.685280000000000111e+00 3.562260000000000204e+00 3.678780000000000161e+00 3.127489999999999881e+00 3.248720000000000052e+00 3.651740000000000208e+00 1.988050000000000095e+00 2.891840000000000188e+00 2.746830000000000105e+00 2.579180000000000028e+00
4.116950000000000109e+00 2.924080000000000013e+00 2.584410000000000096e+00 4.033419999999999561e+00 2.743030000000000079e+00 3.542489999999999917e+00 3.334960000000000147e+00 2.567120000000000068e+00 3.163170000000000037e+00 3.008989999999999831e+00 2.716940000000000133e+00
2.957809999999999828e+00 3.106970000000000010e+00 2.832079999999999931e+00 3.178560000000000052e+00 2.704250000000000043e+00 2.788940000000000197e+00 2.588550000000000129e+00 2.063899999999999846e+00 2.517209999999999948e+00 2.382849999999999913e+00 2.220089999999999897e+00
3.726900000000000102e+00 3.391490000000000116e+00 3.520070000000000032e+00 3.631320000000000103e+00 3.257649999999999935e+00 3.568010000000000126e+00 2.965899999999999981e+00 1.933170000000000055e+00 1.807549999999999990e+00 2.815990000000000215e+00 2.548810000000000020e+00
2.331160000000000121e+00 2.248880000000000212e+00 2.219860000000000166e+00 2.307020000000000071e+00 2.105770000000000142e+00 2.138889999999999958e+00 2.087959999999999816e+00 1.740199999999999969e+00 1.977850000000000108e+00 1.921000000000000041e+00 1.823550000000000004e+00
3.651460000000000150e+00 3.533749999999999947e+00 4.970830000000000304e+00 3.362659999999999982e+00 4.454629999999999868e+00 4.663800000000000168e+00 4.153159999999999741e+00 2.476170000000000204e+00 3.945730000000000182e+00 3.797489999999999810e+00 1.932770000000000099e+00
2.954349999999999810e+00 3.375039999999999818e+00 2.355910000000000171e+00 3.647980000000000000e+00 3.055820000000000203e+00 2.043940000000000090e+00 3.492710000000000203e+00 1.863490000000000091e+00 2.951000000000000068e+00 2.765569999999999862e+00 2.533739999999999881e+00
2.010289999999999910e+00 1.873750000000000027e+00 1.885850000000000026e+00 1.995069999999999899e+00 1.826449999999999907e+00 1.876400000000000068e+00 1.818289999999999962e+00 1.571229999999999905e+00 1.765470000000000095e+00 1.723570000000000046e+00 1.679189999999999960e+00
5.272020000000000373e+00 4.030990000000000073e+00 4.674599999999999866e+00 4.859300000000000175e+00 4.318710000000000271e+00 2.764069999999999805e+00 3.342459999999999987e+00 3.072909999999999808e+00 2.212349999999999817e+00 3.784450000000000092e+00 3.332590000000000163e+00
3.618939999999999824e+00 4.037919999999999732e+00 3.199050000000000171e+00 4.673199999999999577e+00 3.138290000000000024e+00 4.260740000000000194e+00 4.424619999999999997e+00 2.512789999999999857e+00 4.026779999999999582e+00 3.793159999999999865e+00 3.302430000000000199e+00
5.355199999999999960e+00 4.375029999999999752e+00 3.305400000000000116e+00 5.945299999999999585e+00 3.849410000000000220e+00 4.935859999999999914e+00 3.565249999999999808e+00 3.311500000000000110e+00 4.418050000000000033e+00 5.835510000000000197e+00 3.633500000000000174e+00
4.055349999999999788e+00 2.689369999999999816e+00 3.773620000000000196e+00 4.448719999999999786e+00 2.523089999999999833e+00 2.232979999999999965e+00 3.247189999999999799e+00 2.647609999999999797e+00 3.220239999999999991e+00 3.079209999999999781e+00 2.739459999999999784e+00
4.681560000000000166e+00 3.601269999999999971e+00 3.010120000000000129e+00 4.429459999999999731e+00 3.848259999999999792e+00 4.027000000000000135e+00 3.048599999999999977e+00 2.689999999999999947e+00 3.504109999999999836e+00 3.378159999999999830e+00 2.903319999999999901e+00
1.962080000000000046e+00 1.872549999999999937e+00 1.885610000000000008e+00 1.966129999999999933e+00 1.812910000000000021e+00 1.839280000000000026e+00 1.805290000000000061e+00 1.568240000000000078e+00 1.746299999999999963e+00 1.708839999999999915e+00 1.662919999999999954e+00
2.996140000000000025e+00 2.808850000000000069e+00 2.700359999999999872e+00 2.657119999999999926e+00 2.377549999999999830e+00 2.607629999999999892e+00 2.407810000000000006e+00 2.018860000000000099e+00 2.323679999999999968e+00 2.204959999999999809e+00 2.059130000000000127e+00
1.865830000000000100e+00 1.702159999999999895e+00 1.807439999999999936e+00 1.918430000000000080e+00 1.698709999999999942e+00 1.640900000000000025e+00 1.689959999999999907e+00 1.509109999999999951e+00 1.661310000000000064e+00 1.625720000000000054e+00 1.593599999999999905e+00
3.364520000000000177e+00 3.022040000000000060e+00 3.030450000000000088e+00 3.192550000000000221e+00 2.729649999999999910e+00 2.915700000000000180e+00 2.670690000000000008e+00 2.131019999999999914e+00 2.538380000000000081e+00 2.436220000000000052e+00 2.243300000000000072e+00
