1.007020000000000026e+00 1.040070000000000050e+00 1.082529999999999992e+00 1.128360000000000030e+00 1.173780000000000046e+00 1.214409999999999989e+00 1.253589999999999982e+00 1.300810000000000022e+00 1.357159999999999922e+00 1.420849999999999946e+00 1.489060000000000050e+00
1.006469999999999976e+00 1.019400000000000084e+00 1.034720000000000084e+00 1.050400000000000000e+00 1.065830000000000055e+00 1.079199999999999937e+00 1.089949999999999974e+00 1.100929999999999964e+00 1.114030000000000076e+00 1.129669999999999952e+00 1.147459999999999924e+00
1.008650000000000047e+00 1.107380000000000031e+00 1.246620000000000061e+00 1.392079999999999984e+00 1.531919999999999948e+00 1.669640000000000013e+00 1.818580000000000085e+00 1.990869999999999918e+00 2.178809999999999913e+00 2.376090000000000035e+00 2.576869999999999994e+00
1.007940000000000058e+00 1.076189999999999980e+00 1.167100000000000026e+00 1.264850000000000030e+00 1.358680000000000110e+00 1.447570000000000023e+00 1.544019999999999948e+00 1.658789999999999987e+00 1.786899999999999933e+00 1.922700000000000076e+00 2.064470000000000027e+00
1.006450000000000067e+00 1.018129999999999979e+00 1.031420000000000003e+00 1.045029999999999903e+00 1.058280000000000109e+00 1.069819999999999993e+00 1.079690000000000039e+00 1.089900000000000091e+00 1.101350000000000051e+00 1.114260000000000028e+00 1.128560000000000008e+00
1.008099999999999996e+00 1.083450000000000024e+00 1.183990000000000098e+00 1.289590000000000014e+00 1.389720000000000066e+00 1.484690000000000065e+00 1.589050000000000074e+00 1.712579999999999991e+00 1.850980000000000070e+00 1.997449999999999948e+00 2.149039999999999839e+00
1.009989999999999943e+00 1.168600000000000083e+00 1.387119999999999909e+00 1.604659999999999975e+00 1.815940000000000110e+00 2.037459999999999827e+00 2.288899999999999935e+00 2.570190000000000197e+00 2.863849999999999785e+00 3.165950000000000042e+00 3.472859999999999836e+00
1.008110000000000062e+00 1.082500000000000018e+00 1.184109999999999996e+00 1.292950000000000044e+00 1.397839999999999971e+00 1.498080000000000078e+00 1.605169999999999986e+00 1.731500000000000039e+00 1.872710000000000097e+00 2.021959999999999980e+00 2.175759999999999916e+00
1.006629999999999914e+00 1.025269999999999904e+00 1.047449999999999992e+00 1.070300000000000029e+00 1.092719999999999914e+00 1.112190000000000012e+00 1.129429999999999934e+00 1.149410000000000043e+00 1.173450000000000104e+00 1.201789999999999914e+00 1.233160000000000034e+00
1.010650000000000048e+00 1.194309999999999983e+00 1.440579999999999972e+00 1.685920000000000085e+00 1.925939999999999985e+00 2.178780000000000161e+00 2.464809999999999945e+00 2.784489999999999910e+00 3.122749999999999915e+00 3.465980000000000061e+00 3.814550000000000107e+00
1.007200000000000095e+00 1.044229999999999992e+00 1.090500000000000025e+00 1.142079999999999984e+00 1.195729999999999960e+00 1.245640000000000081e+00 1.291400000000000103e+00 1.339550000000000018e+00 1.395059999999999967e+00 1.457340000000000080e+00 1.525479999999999947e+00
1.006930000000000103e+00 1.035500000000000087e+00 1.070899999999999963e+00 1.109399999999999942e+00 1.148130000000000095e+00 1.182700000000000085e+00 1.215309999999999890e+00 1.253370000000000095e+00 1.298680000000000057e+00 1.349849999999999994e+00 1.405729999999999924e+00
1.006909999999999972e+00 1.033900000000000041e+00 1.066380000000000106e+00 1.101720000000000033e+00 1.138560000000000016e+00 1.173200000000000021e+00 1.204420000000000046e+00 1.236459999999999892e+00 1.272110000000000074e+00 1.312489999999999934e+00 1.356710000000000083e+00
1.008969999999999922e+00 1.117269999999999985e+00 1.265959999999999974e+00 1.421399999999999997e+00 1.571620000000000017e+00 1.719950000000000090e+00 1.881769999999999943e+00 2.069249999999999812e+00 2.273340000000000138e+00 2.487239999999999895e+00 2.706199999999999939e+00
1.006229999999999958e+00 1.011050000000000004e+00 1.016310000000000047e+00 1.021660000000000013e+00 1.027020000000000044e+00 1.031930000000000014e+00 1.036259999999999959e+00 1.040389999999999926e+00 1.044540000000000024e+00 1.048789999999999889e+00 1.053199999999999914e+00
1.007470000000000088e+00 1.058499999999999996e+00 1.126740000000000075e+00 1.200129999999999919e+00 1.270920000000000050e+00 1.336389999999999967e+00 1.405380000000000074e+00 1.489069999999999894e+00 1.585550000000000015e+00 1.689429999999999987e+00 1.796950000000000047e+00
1.007919999999999927e+00 1.075339999999999963e+00 1.167640000000000011e+00 1.267859999999999987e+00 1.365240000000000009e+00 1.456460000000000088e+00 1.550329999999999986e+00 1.660060000000000091e+00 1.784829999999999917e+00 1.918609999999999927e+00 2.059610000000000163e+00
1.006879999999999997e+00 1.033619999999999983e+00 1.066789999999999905e+00 1.103410000000000002e+00 1.141510000000000025e+00 1.177089999999999970e+00 1.208609999999999962e+00 1.241840000000000055e+00 1.279930000000000012e+00 1.323350000000000026e+00 1.371629999999999905e+00
1.007370000000000099e+00 1.052149999999999919e+00 1.110880000000000090e+00 1.176160000000000094e+00 1.241379999999999928e+00 1.300899999999999945e+00 1.357439999999999980e+00 1.422150000000000025e+00 1.498510000000000009e+00 1.582950000000000079e+00 1.673929999999999918e+00
1.007640000000000091e+00 1.061660000000000048e+00 1.131340000000000012e+00 1.208239999999999981e+00 1.283689999999999998e+00 1.353280000000000038e+00 1.424919999999999964e+00 1.509379999999999944e+00 1.605820000000000025e+00 1.711300000000000043e+00 1.821949999999999958e+00
1.008820000000000050e+00 1.113420000000000076e+00 1.258340000000000014e+00 1.408090000000000064e+00 1.552300000000000013e+00 1.696550000000000002e+00 1.854659999999999975e+00 2.039280000000000204e+00 2.237909999999999844e+00 2.446549999999999780e+00 2.658160000000000078e+00
1.006680000000000019e+00 1.027079999999999993e+00 1.051500000000000101e+00 1.076810000000000045e+00 1.101879999999999971e+00 1.123890000000000056e+00 1.143340000000000023e+00 1.165729999999999933e+00 1.192760000000000042e+00 1.224350000000000049e+00 1.259190000000000031e+00
1.009989999999999943e+00 1.162679999999999936e+00 1.372770000000000046e+00 1.585239999999999982e+00 1.792589999999999906e+00 2.003789999999999960e+00 2.237579999999999902e+00 2.502949999999999786e+00 2.787450000000000205e+00 3.080529999999999990e+00 3.379410000000000025e+00
1.008359999999999923e+00 1.094459999999999988e+00 1.210520000000000040e+00 1.330750000000000099e+00 1.445249999999999924e+00 1.557080000000000020e+00 1.681219999999999937e+00 1.827090000000000103e+00 1.988220000000000098e+00 2.156890000000000196e+00 2.328440000000000065e+00
1.006580000000000030e+00 1.023630000000000040e+00 1.043979999999999908e+00 1.065290000000000070e+00 1.086819999999999897e+00 1.106379999999999919e+00 1.123199999999999976e+00 1.140230000000000077e+00 1.160060000000000091e+00 1.183030000000000026e+00 1.208900000000000086e+00
1.009149999999999991e+00 1.123119999999999896e+00 1.278089999999999948e+00 1.440530000000000088e+00 1.597769999999999913e+00 1.750399999999999956e+00 1.910660000000000025e+00 2.095499999999999918e+00 2.300339999999999829e+00 2.516970000000000152e+00 2.742529999999999912e+00
1.010129999999999972e+00 1.164630000000000054e+00 1.371539999999999981e+00 1.581139999999999990e+00 1.783009999999999984e+00 1.982779999999999987e+00 2.199320000000000164e+00 2.447680000000000078e+00 2.720429999999999904e+00 3.005879999999999885e+00 3.299240000000000173e+00
1.010559999999999903e+00 1.194479999999999986e+00 1.444939999999999891e+00 1.692639999999999922e+00 1.935449999999999893e+00 2.192250000000000032e+00 2.485120000000000218e+00 2.806569999999999787e+00 3.146189999999999820e+00 3.491029999999999855e+00 3.838000000000000078e+00
1.008799999999999919e+00 1.107900000000000107e+00 1.240299999999999958e+00 1.379610000000000003e+00 1.514119999999999910e+00 1.643499999999999961e+00 1.781840000000000090e+00 1.941940000000000000e+00 2.121179999999999843e+00 2.310909999999999798e+00 2.509049999999999780e+00
1.008289999999999909e+00 1.090859999999999941e+00 1.203910000000000036e+00 1.323059999999999903e+00 1.437610000000000054e+00 1.548990000000000089e+00 1.671610000000000040e+00 1.815290000000000070e+00 1.973440000000000083e+00 2.139559999999999906e+00 2.309870000000000090e+00
1.006359999999999921e+00 1.015640000000000098e+00 1.026450000000000085e+00 1.037579999999999947e+00 1.048470000000000013e+00 1.057909999999999906e+00 1.065269999999999939e+00 1.072079999999999922e+00 1.080100000000000060e+00 1.089259999999999895e+00 1.099660000000000082e+00
1.006860000000000088e+00 1.031940000000000079e+00 1.062319999999999931e+00 1.095140000000000002e+00 1.128649999999999931e+00 1.159459999999999935e+00 1.187279999999999891e+00 1.217419999999999947e+00 1.252199999999999980e+00 1.291469999999999896e+00 1.335530000000000106e+00
1.006520000000000081e+00 1.021919999999999940e+00 1.040850000000000053e+00 1.060249999999999915e+00 1.079059999999999908e+00 1.095080000000000053e+00 1.108039999999999914e+00 1.122560000000000002e+00 1.140470000000000095e+00 1.162309999999999954e+00 1.186900000000000066e+00
1.007409999999999917e+00 1.053449999999999998e+00 1.112700000000000022e+00 1.177859999999999907e+00 1.242799999999999905e+00 1.302259999999999973e+00 1.360300000000000065e+00 1.427859999999999907e+00 1.506310000000000038e+00 1.592670000000000030e+00 1.684639999999999915e+00
1.007020000000000026e+00 1.041139999999999954e+00 1.084889999999999910e+00 1.131310000000000038e+00 1.176039999999999974e+00 1.214979999999999949e+00 1.255800000000000027e+00 1.307269999999999932e+00 1.368130000000000068e+00 1.435710000000000042e+00 1.506599999999999939e+00
1.006469999999999976e+00 1.019940000000000069e+00 1.035970000000000057e+00 1.052480000000000082e+00 1.068719999999999892e+00 1.083090000000000108e+00 1.095050000000000079e+00 1.107120000000000104e+00 1.120749999999999913e+00 1.136640000000000095e+00 1.154770000000000074e+00
1.008270000000000000e+00 1.090580000000000105e+00 1.204849999999999977e+00 1.326519999999999921e+00 1.443440000000000056e+00 1.555879999999999930e+00 1.678679999999999950e+00 1.821169999999999956e+00 1.977850000000000108e+00 2.142510000000000137e+00 2.312260000000000204e+00
1.007390000000000008e+00 1.053490000000000038e+00 1.111560000000000104e+00 1.174870000000000081e+00 1.236690000000000067e+00 1.292499999999999982e+00 1.352079999999999949e+00 1.424009999999999998e+00 1.506010000000000071e+00 1.595220000000000082e+00 1.688930000000000042e+00
1.006280000000000063e+00 1.012669999999999959e+00 1.019719999999999960e+00 1.026939999999999964e+00 1.033919999999999950e+00 1.040149999999999908e+00 1.045530000000000070e+00 1.050699999999999967e+00 1.056079999999999908e+00 1.061779999999999946e+00 1.067949999999999955e+00
1.008229999999999960e+00 1.088680000000000092e+00 1.196739999999999915e+00 1.310519999999999907e+00 1.418959999999999999e+00 1.523679999999999923e+00 1.641909999999999981e+00 1.781199999999999894e+00 1.933310000000000084e+00 2.093599999999999905e+00 2.257460000000000022e+00
1.011719999999999953e+00 1.251670000000000060e+00 1.569720000000000004e+00 1.882270000000000110e+00 2.191390000000000171e+00 2.527400000000000091e+00 2.907979999999999787e+00 3.322709999999999830e+00 3.750389999999999890e+00 4.183019999999999960e+00 4.621870000000000367e+00
1.008340000000000014e+00 1.093299999999999939e+00 1.209330000000000016e+00 1.331469999999999931e+00 1.448469999999999924e+00 1.562740000000000018e+00 1.690420000000000034e+00 1.840219999999999967e+00 2.003270000000000106e+00 2.174420000000000019e+00 2.349450000000000038e+00
1.006440000000000001e+00 1.018510000000000026e+00 1.032110000000000083e+00 1.045749999999999957e+00 1.058540000000000036e+00 1.069069999999999965e+00 1.078319999999999945e+00 1.088750000000000107e+00 1.101010000000000044e+00 1.115150000000000086e+00 1.130830000000000002e+00
1.010250000000000092e+00 1.178120000000000056e+00 1.401860000000000106e+00 1.624659999999999993e+00 1.840600000000000014e+00 2.067559999999999842e+00 2.328430000000000000e+00 2.619050000000000100e+00 2.925549999999999873e+00 3.238309999999999800e+00 3.555750000000000188e+00
1.007589999999999986e+00 1.058300000000000018e+00 1.123350000000000071e+00 1.197270000000000056e+00 1.272520000000000095e+00 1.342969999999999997e+00 1.410439999999999916e+00 1.483460000000000001e+00 1.565549999999999997e+00 1.656260000000000066e+00 1.754820000000000046e+00
1.007130000000000081e+00 1.042410000000000059e+00 1.085839999999999916e+00 1.133129999999999971e+00 1.180029999999999912e+00 1.221729999999999983e+00 1.263200000000000101e+00 1.312529999999999974e+00 1.370260000000000034e+00 1.433920000000000083e+00 1.502750000000000030e+00
1.007009999999999961e+00 1.037169999999999925e+00 1.074540000000000051e+00 1.115860000000000074e+00 1.158900000000000041e+00 1.199210000000000109e+00 1.235870000000000024e+00 1.273530000000000051e+00 1.315590000000000037e+00 1.363189999999999902e+00 1.414970000000000061e+00
1.009409999999999918e+00 1.138330000000000064e+00 1.313399999999999901e+00 1.491719999999999935e+00 1.662800000000000056e+00 1.837059999999999915e+00 2.035200000000000120e+00 2.260959999999999859e+00 2.502139999999999809e+00 2.750929999999999875e+00 3.004249999999999865e+00
1.006329999999999947e+00 1.014359999999999928e+00 1.023200000000000109e+00 1.032219999999999915e+00 1.040939999999999976e+00 1.048610000000000042e+00 1.055279999999999996e+00 1.061909999999999910e+00 1.069020000000000081e+00 1.076740000000000030e+00 1.085069999999999979e+00
1.006399999999999961e+00 1.017530000000000046e+00 1.030690000000000106e+00 1.043339999999999934e+00 1.054680000000000062e+00 1.063099999999999934e+00 1.069320000000000048e+00 1.077239999999999975e+00 1.087900000000000089e+00 1.101220000000000088e+00 1.116959999999999953e+00
1.007470000000000088e+00 1.057139999999999969e+00 1.123110000000000053e+00 1.195419999999999927e+00 1.265919999999999934e+00 1.330840000000000023e+00 1.397909999999999986e+00 1.478339999999999987e+00 1.570230000000000015e+00 1.669999999999999929e+00 1.773709999999999898e+00
1.007530000000000037e+00 1.056070000000000064e+00 1.118980000000000086e+00 1.191070000000000073e+00 1.264410000000000034e+00 1.333069999999999977e+00 1.398630000000000040e+00 1.469710000000000072e+00 1.550419999999999909e+00 1.639939999999999953e+00 1.736150000000000082e+00
1.007570000000000077e+00 1.058629999999999960e+00 1.125609999999999999e+00 1.201340000000000074e+00 1.277109999999999967e+00 1.347259999999999902e+00 1.416130000000000111e+00 1.493219999999999992e+00 1.581560000000000077e+00 1.678090000000000082e+00 1.782699999999999951e+00
1.007090000000000041e+00 1.041339999999999932e+00 1.083639999999999937e+00 1.129739999999999966e+00 1.175640000000000018e+00 1.216529999999999889e+00 1.257579999999999920e+00 1.306720000000000104e+00 1.363839999999999941e+00 1.427680000000000060e+00 1.495859999999999967e+00
1.008189999999999920e+00 1.087139999999999995e+00 1.195109999999999895e+00 1.308899999999999952e+00 1.417850000000000055e+00 1.523379999999999956e+00 1.640509999999999913e+00 1.777420000000000000e+00 1.928840000000000110e+00 2.087730000000000086e+00 2.251710000000000100e+00
1.006289999999999907e+00 1.013490000000000002e+00 1.021479999999999944e+00 1.029509999999999925e+00 1.037160000000000082e+00 1.043649999999999967e+00 1.048990000000000089e+00 1.054300000000000015e+00 1.060110000000000108e+00 1.066629999999999967e+00 1.073970000000000091e+00
1.009220000000000006e+00 1.128759999999999986e+00 1.292319999999999913e+00 1.460660000000000069e+00 1.622309999999999919e+00 1.783369999999999900e+00 1.962869999999999893e+00 2.167289999999999939e+00 2.389959999999999862e+00 2.621570000000000178e+00 2.857740000000000169e+00
1.007349999999999968e+00 1.052720000000000100e+00 1.110349999999999948e+00 1.172390000000000043e+00 1.231989999999999919e+00 1.285469999999999891e+00 1.341310000000000002e+00 1.409470000000000001e+00 1.488019999999999898e+00 1.573830000000000062e+00 1.663920000000000066e+00
1.006420000000000092e+00 1.017719999999999958e+00 1.030929999999999902e+00 1.044640000000000013e+00 1.058159999999999989e+00 1.070100000000000051e+00 1.080070000000000086e+00 1.089849999999999985e+00 1.100500000000000034e+00 1.112780000000000102e+00 1.126579999999999915e+00
1.008380000000000054e+00 1.091239999999999988e+00 1.203419999999999934e+00 1.325080000000000036e+00 1.442739999999999911e+00 1.554820000000000091e+00 1.671669999999999989e+00 1.806089999999999973e+00 1.956080000000000041e+00 2.117170000000000218e+00 2.285200000000000120e+00
1.009330000000000060e+00 1.128579999999999917e+00 1.287700000000000067e+00 1.452909999999999924e+00 1.611189999999999900e+00 1.764010000000000078e+00 1.926930000000000032e+00 2.114850000000000119e+00 2.323799999999999866e+00 2.543709999999999916e+00 2.774249999999999883e+00
1.010850000000000026e+00 1.210909999999999931e+00 1.477100000000000080e+00 1.738459999999999894e+00 1.993430000000000035e+00 2.265690000000000204e+00 2.579330000000000123e+00 2.922210000000000196e+00 3.280159999999999965e+00 3.642529999999999824e+00 4.011040000000000383e+00
1.009460000000000024e+00 1.138719999999999954e+00 1.312810000000000032e+00 1.489859999999999962e+00 1.659310000000000063e+00 1.829280000000000017e+00 2.019829999999999792e+00 2.239580000000000126e+00 2.476539999999999964e+00 2.722010000000000041e+00 2.972300000000000164e+00
1.008659999999999890e+00 1.108309999999999906e+00 1.245370000000000088e+00 1.387110000000000065e+00 1.522990000000000066e+00 1.658199999999999896e+00 1.811690000000000023e+00 1.989279999999999937e+00 2.178710000000000147e+00 2.377409999999999801e+00 2.579549999999999788e+00
1.006440000000000001e+00 1.018210000000000059e+00 1.032280000000000086e+00 1.047009999999999996e+00 1.061460000000000070e+00 1.074319999999999942e+00 1.085010000000000030e+00 1.095359999999999889e+00 1.106980000000000075e+00 1.120360000000000023e+00 1.135680000000000023e+00
1.007300000000000084e+00 1.048629999999999951e+00 1.101790000000000047e+00 1.160439999999999916e+00 1.218069999999999986e+00 1.269959999999999978e+00 1.322079999999999922e+00 1.383170000000000011e+00 1.454760000000000053e+00 1.534110000000000085e+00 1.618409999999999904e+00
1.006340000000000012e+00 1.015800000000000036e+00 1.026969999999999938e+00 1.037539999999999907e+00 1.046710000000000029e+00 1.052710000000000035e+00 1.056929999999999925e+00 1.062410000000000077e+00 1.070210000000000106e+00 1.080310000000000104e+00 1.092330000000000023e+00
1.008080000000000087e+00 1.079749999999999988e+00 1.175349999999999895e+00 1.279400000000000093e+00 1.380130000000000079e+00 1.474920000000000009e+00 1.574899999999999967e+00 1.692059999999999897e+00 1.823739999999999917e+00 1.963619999999999921e+00 2.110349999999999948e+00
