1.006990000000000052e+00 1.038180000000000103e+00 1.078400000000000025e+00 1.122500000000000053e+00 1.166770000000000085e+00 1.205920000000000103e+00 1.243109999999999937e+00 1.286589999999999900e+00 1.337979999999999947e+00 1.395999999999999908e+00 1.458749999999999991e+00
1.006720000000000059e+00 1.029460000000000042e+00 1.057250000000000023e+00 1.085839999999999916e+00 1.112940000000000040e+00 1.134379999999999944e+00 1.155129999999999990e+00 1.182029999999999914e+00 1.215309999999999890e+00 1.253700000000000037e+00 1.295619999999999994e+00
1.008569999999999967e+00 1.106770000000000032e+00 1.242899999999999894e+00 1.381899999999999906e+00 1.513989999999999947e+00 1.646749999999999936e+00 1.801700000000000079e+00 1.979360000000000008e+00 2.168260000000000076e+00 2.363339999999999996e+00 2.560880000000000045e+00
1.008369999999999989e+00 1.097990000000000022e+00 1.218909999999999938e+00 1.342689999999999939e+00 1.458869999999999889e+00 1.573839999999999906e+00 1.709359999999999991e+00 1.867050000000000098e+00 2.034870000000000179e+00 2.210989999999999789e+00 2.390219999999999789e+00
1.006159999999999943e+00 1.008930000000000105e+00 1.011879999999999891e+00 1.014820000000000055e+00 1.017570000000000086e+00 1.019749999999999934e+00 1.021460000000000035e+00 1.023099999999999898e+00 1.024769999999999959e+00 1.026469999999999994e+00 1.028180000000000094e+00
1.007460000000000022e+00 1.056640000000000024e+00 1.120889999999999942e+00 1.190080000000000027e+00 1.256119999999999903e+00 1.315499999999999892e+00 1.380570000000000075e+00 1.459489999999999954e+00 1.550179999999999891e+00 1.646870000000000056e+00 1.748399999999999954e+00
1.009090000000000042e+00 1.128989999999999938e+00 1.294969999999999954e+00 1.462599999999999900e+00 1.623040000000000038e+00 1.787740000000000107e+00 1.977610000000000090e+00 2.191930000000000156e+00 2.420119999999999827e+00 2.653610000000000024e+00 2.889909999999999979e+00
1.008420000000000094e+00 1.094680000000000097e+00 1.212469999999999937e+00 1.337579999999999991e+00 1.457130000000000036e+00 1.572179999999999911e+00 1.699279999999999902e+00 1.847259999999999902e+00 2.010099999999999998e+00 2.182020000000000071e+00 2.359579999999999789e+00
1.006629999999999914e+00 1.025730000000000031e+00 1.048329999999999984e+00 1.071479999999999988e+00 1.093329999999999913e+00 1.111019999999999897e+00 1.128130000000000077e+00 1.149860000000000104e+00 1.176360000000000072e+00 1.206949999999999967e+00 1.240779999999999994e+00
1.010099999999999998e+00 1.171999999999999931e+00 1.389150000000000107e+00 1.605420000000000069e+00 1.814159999999999995e+00 2.031930000000000014e+00 2.283869999999999845e+00 2.566530000000000200e+00 2.862550000000000150e+00 3.167250000000000121e+00 3.474320000000000075e+00
1.007619999999999960e+00 1.059960000000000013e+00 1.126849999999999907e+00 1.201940000000000008e+00 1.276980000000000004e+00 1.345480000000000009e+00 1.412789999999999990e+00 1.488879999999999981e+00 1.575849999999999973e+00 1.670879999999999921e+00 1.772129999999999983e+00
1.007050000000000001e+00 1.040519999999999889e+00 1.081949999999999967e+00 1.126479999999999926e+00 1.169969999999999954e+00 1.207529999999999992e+00 1.246860000000000079e+00 1.295260000000000078e+00 1.352889999999999926e+00 1.416190000000000060e+00 1.483980000000000077e+00
1.007149999999999990e+00 1.042910000000000004e+00 1.087210000000000010e+00 1.135799999999999921e+00 1.184199999999999919e+00 1.226790000000000047e+00 1.267479999999999940e+00 1.313879999999999937e+00 1.367620000000000058e+00 1.427640000000000020e+00 1.492760000000000087e+00
1.008780000000000010e+00 1.108190000000000008e+00 1.243740000000000068e+00 1.387480000000000047e+00 1.526159999999999961e+00 1.659899999999999931e+00 1.806270000000000042e+00 1.975999999999999979e+00 2.160849999999999937e+00 2.358019999999999783e+00 2.559689999999999799e+00
1.006129999999999969e+00 1.008119999999999905e+00 1.010280000000000067e+00 1.012369999999999992e+00 1.014280000000000070e+00 1.015759999999999996e+00 1.016790000000000083e+00 1.017679999999999918e+00 1.018569999999999975e+00 1.019460000000000033e+00 1.020429999999999948e+00
1.008310000000000040e+00 1.096649999999999903e+00 1.216490000000000071e+00 1.337579999999999991e+00 1.452159999999999895e+00 1.568799999999999972e+00 1.707989999999999897e+00 1.868049999999999988e+00 2.037539999999999907e+00 2.213130000000000042e+00 2.392160000000000064e+00
1.007470000000000088e+00 1.057730000000000059e+00 1.124489999999999990e+00 1.197119999999999962e+00 1.266610000000000014e+00 1.329720000000000013e+00 1.398030000000000106e+00 1.481409999999999894e+00 1.575360000000000094e+00 1.676749999999999963e+00 1.783190000000000053e+00
1.007020000000000026e+00 1.038249999999999895e+00 1.077550000000000008e+00 1.121590000000000087e+00 1.166779999999999928e+00 1.207659999999999956e+00 1.246099999999999985e+00 1.288419999999999899e+00 1.337280000000000024e+00 1.391960000000000086e+00 1.451650000000000107e+00
1.007630000000000026e+00 1.061790000000000012e+00 1.132470000000000088e+00 1.210990000000000011e+00 1.287840000000000096e+00 1.357669999999999932e+00 1.429440000000000044e+00 1.513509999999999911e+00 1.609410000000000007e+00 1.714010000000000034e+00 1.824969999999999981e+00
1.007120000000000015e+00 1.042960000000000109e+00 1.087509999999999977e+00 1.135550000000000059e+00 1.182190000000000074e+00 1.222679999999999989e+00 1.265830000000000011e+00 1.320070000000000077e+00 1.383059999999999956e+00 1.451820000000000110e+00 1.525369999999999893e+00
1.009120000000000017e+00 1.130589999999999984e+00 1.296410000000000062e+00 1.462239999999999984e+00 1.622479999999999922e+00 1.790519999999999889e+00 1.988560000000000105e+00 2.209109999999999907e+00 2.440910000000000135e+00 2.676089999999999858e+00 2.915570000000000217e+00
1.006680000000000019e+00 1.027519999999999989e+00 1.052130000000000010e+00 1.077150000000000052e+00 1.100510000000000099e+00 1.119439999999999991e+00 1.138949999999999907e+00 1.164330000000000087e+00 1.195400000000000018e+00 1.230790000000000051e+00 1.269509999999999916e+00
1.011249999999999982e+00 1.226189999999999891e+00 1.512000000000000011e+00 1.793129999999999891e+00 2.073059999999999903e+00 2.377130000000000187e+00 2.725260000000000016e+00 3.104319999999999968e+00 3.495309999999999917e+00 3.892459999999999809e+00 4.289469999999999672e+00
1.007630000000000026e+00 1.064480000000000093e+00 1.137550000000000061e+00 1.214699999999999891e+00 1.287099999999999911e+00 1.352749999999999897e+00 1.428160000000000096e+00 1.519889999999999963e+00 1.623380000000000045e+00 1.733349999999999946e+00 1.847460000000000102e+00
1.006289999999999907e+00 1.013339999999999907e+00 1.021439999999999904e+00 1.029719999999999969e+00 1.037519999999999998e+00 1.043719999999999981e+00 1.048559999999999937e+00 1.053299999999999903e+00 1.058510000000000062e+00 1.064519999999999911e+00 1.071339999999999959e+00
1.009740000000000082e+00 1.150360000000000049e+00 1.340270000000000072e+00 1.534200000000000008e+00 1.720790000000000042e+00 1.906789999999999985e+00 2.116480000000000139e+00 2.357509999999999994e+00 2.615110000000000046e+00 2.882219999999999782e+00 3.155390000000000139e+00
1.010550000000000059e+00 1.187799999999999967e+00 1.420169999999999932e+00 1.650800000000000045e+00 1.872409999999999908e+00 2.100350000000000161e+00 2.364250000000000185e+00 2.661379999999999857e+00 2.975560000000000205e+00 3.300520000000000120e+00 3.631580000000000030e+00
1.011870000000000047e+00 1.251819999999999933e+00 1.565029999999999921e+00 1.873129999999999962e+00 2.178650000000000198e+00 2.508610000000000007e+00 2.887210000000000054e+00 3.301769999999999872e+00 3.730960000000000054e+00 4.166030000000000122e+00 4.604669999999999597e+00
1.008490000000000109e+00 1.094189999999999996e+00 1.206990000000000007e+00 1.327599999999999891e+00 1.443279999999999896e+00 1.551600000000000090e+00 1.666169999999999929e+00 1.800329999999999986e+00 1.951060000000000016e+00 2.111279999999999824e+00 2.279879999999999907e+00
1.008340000000000014e+00 1.093939999999999912e+00 1.210720000000000018e+00 1.332310000000000105e+00 1.448360000000000092e+00 1.563090000000000090e+00 1.696409999999999973e+00 1.850619999999999932e+00 2.017240000000000144e+00 2.189529999999999976e+00 2.367379999999999818e+00
1.006229999999999958e+00 1.011260000000000048e+00 1.016990000000000061e+00 1.022769999999999957e+00 1.028070000000000039e+00 1.032059999999999977e+00 1.034869999999999957e+00 1.037439999999999918e+00 1.040159999999999973e+00 1.043299999999999894e+00 1.046939999999999982e+00
1.006520000000000081e+00 1.021360000000000046e+00 1.039090000000000069e+00 1.057509999999999950e+00 1.075439999999999952e+00 1.090729999999999977e+00 1.103709999999999969e+00 1.117629999999999901e+00 1.133760000000000101e+00 1.152509999999999923e+00 1.173710000000000031e+00
1.006420000000000092e+00 1.018540000000000001e+00 1.033099999999999907e+00 1.047870000000000079e+00 1.061669999999999892e+00 1.072599999999999998e+00 1.081599999999999895e+00 1.091660000000000075e+00 1.103979999999999961e+00 1.118910000000000071e+00 1.135920000000000041e+00
1.007120000000000015e+00 1.043330000000000091e+00 1.088810000000000056e+00 1.138360000000000039e+00 1.186900000000000066e+00 1.229519999999999946e+00 1.273330000000000073e+00 1.325800000000000090e+00 1.386830000000000007e+00 1.454509999999999970e+00 1.526950000000000029e+00
1.007230000000000070e+00 1.049520000000000008e+00 1.103930000000000078e+00 1.161380000000000079e+00 1.214550000000000018e+00 1.262639999999999985e+00 1.320480000000000098e+00 1.392749999999999932e+00 1.473889999999999922e+00 1.560789999999999900e+00 1.650640000000000107e+00
1.006480000000000041e+00 1.021810000000000107e+00 1.039600000000000080e+00 1.056789999999999896e+00 1.071800000000000086e+00 1.081960000000000033e+00 1.091730000000000089e+00 1.105799999999999894e+00 1.124179999999999957e+00 1.145899999999999919e+00 1.170360000000000067e+00
1.008199999999999985e+00 1.091210000000000013e+00 1.204990000000000006e+00 1.322040000000000104e+00 1.432379999999999987e+00 1.542110000000000092e+00 1.672060000000000102e+00 1.823649999999999993e+00 1.983810000000000073e+00 2.150739999999999874e+00 2.321140000000000203e+00
1.007449999999999957e+00 1.058740000000000014e+00 1.124519999999999964e+00 1.194069999999999965e+00 1.258080000000000087e+00 1.316990000000000105e+00 1.389059999999999961e+00 1.477270000000000083e+00 1.574549999999999894e+00 1.678090000000000082e+00 1.784299999999999997e+00
1.006410000000000027e+00 1.017099999999999893e+00 1.029309999999999947e+00 1.041909999999999892e+00 1.053919999999999968e+00 1.063790000000000013e+00 1.072519999999999918e+00 1.081890000000000018e+00 1.092479999999999896e+00 1.104379999999999917e+00 1.117669999999999941e+00
1.007859999999999978e+00 1.075860000000000039e+00 1.166789999999999994e+00 1.260990000000000055e+00 1.348440000000000083e+00 1.433939999999999992e+00 1.538240000000000052e+00 1.660789999999999988e+00 1.792790000000000106e+00 1.930020000000000069e+00 2.070600000000000218e+00
1.010569999999999968e+00 1.200979999999999936e+00 1.456870000000000109e+00 1.706630000000000091e+00 1.953189999999999982e+00 2.224120000000000097e+00 2.537549999999999972e+00 2.876009999999999955e+00 3.221119999999999983e+00 3.572779999999999845e+00 3.926769999999999872e+00
1.009239999999999915e+00 1.134360000000000035e+00 1.304780000000000051e+00 1.475610000000000088e+00 1.639780000000000015e+00 1.811770000000000103e+00 2.014749999999999819e+00 2.240950000000000220e+00 2.478439999999999976e+00 2.723749999999999893e+00 2.969720000000000137e+00
1.006440000000000001e+00 1.018909999999999982e+00 1.033109999999999973e+00 1.047160000000000091e+00 1.059679999999999955e+00 1.068869999999999987e+00 1.077660000000000062e+00 1.088950000000000085e+00 1.102870000000000017e+00 1.119070000000000009e+00 1.137259999999999938e+00
1.010990000000000055e+00 1.213349999999999929e+00 1.477370000000000072e+00 1.736509999999999998e+00 1.992259999999999920e+00 2.272110000000000074e+00 2.596810000000000063e+00 2.950060000000000127e+00 3.316920000000000091e+00 3.688309999999999977e+00 4.061899999999999622e+00
1.007859999999999978e+00 1.069839999999999902e+00 1.150349999999999984e+00 1.239689999999999959e+00 1.327150000000000052e+00 1.407159999999999966e+00 1.491100000000000092e+00 1.588389999999999969e+00 1.698460000000000081e+00 1.817609999999999948e+00 1.943959999999999910e+00
1.007390000000000008e+00 1.054300000000000015e+00 1.113969999999999905e+00 1.177890000000000104e+00 1.237540000000000084e+00 1.291490000000000027e+00 1.355520000000000058e+00 1.434509999999999952e+00 1.523339999999999916e+00 1.617680000000000007e+00 1.716080000000000050e+00
1.007030000000000092e+00 1.038950000000000040e+00 1.077820000000000000e+00 1.119490000000000096e+00 1.159990000000000077e+00 1.194609999999999950e+00 1.228900000000000103e+00 1.269709999999999894e+00 1.317490000000000050e+00 1.371040000000000036e+00 1.429319999999999924e+00
1.010140000000000038e+00 1.170609999999999928e+00 1.384900000000000020e+00 1.598240000000000105e+00 1.806969999999999965e+00 2.028659999999999908e+00 2.287929999999999797e+00 2.574530000000000207e+00 2.876399999999999846e+00 3.181439999999999824e+00 3.492840000000000167e+00
1.006140000000000034e+00 1.008599999999999941e+00 1.011239999999999917e+00 1.013770000000000060e+00 1.016049999999999898e+00 1.017689999999999984e+00 1.018969999999999931e+00 1.020259999999999945e+00 1.021589999999999998e+00 1.022939999999999960e+00 1.024350000000000094e+00
1.007929999999999993e+00 1.078899999999999970e+00 1.173440000000000039e+00 1.271120000000000028e+00 1.362589999999999968e+00 1.451729999999999965e+00 1.558559999999999945e+00 1.684970000000000079e+00 1.821879999999999944e+00 1.964720000000000022e+00 2.110129999999999839e+00
1.007689999999999975e+00 1.067930000000000046e+00 1.148930000000000007e+00 1.235330000000000039e+00 1.316750000000000087e+00 1.391999999999999904e+00 1.479349999999999943e+00 1.584689999999999932e+00 1.701119999999999965e+00 1.822689999999999921e+00 1.948930000000000051e+00
1.007419999999999982e+00 1.053199999999999914e+00 1.112889999999999935e+00 1.179820000000000091e+00 1.245649999999999924e+00 1.304999999999999938e+00 1.366020000000000012e+00 1.437340000000000062e+00 1.519560000000000022e+00 1.609399999999999942e+00 1.704320000000000057e+00
1.007989999999999942e+00 1.077309999999999990e+00 1.170250000000000012e+00 1.271060000000000079e+00 1.367329999999999934e+00 1.457729999999999970e+00 1.558000000000000052e+00 1.676320000000000032e+00 1.808589999999999920e+00 1.948790000000000022e+00 2.092369999999999841e+00
1.007390000000000008e+00 1.054559999999999942e+00 1.114489999999999981e+00 1.178719999999999990e+00 1.238520000000000065e+00 1.292310000000000070e+00 1.357059999999999933e+00 1.436479999999999979e+00 1.524960000000000093e+00 1.620190000000000019e+00 1.719170000000000087e+00
1.008539999999999992e+00 1.104980000000000073e+00 1.236459999999999892e+00 1.370130000000000070e+00 1.497910000000000075e+00 1.628870000000000040e+00 1.785469999999999891e+00 1.963710000000000067e+00 2.151569999999999983e+00 2.344050000000000189e+00 2.539550000000000196e+00
1.006610000000000005e+00 1.025209999999999955e+00 1.047009999999999996e+00 1.068840000000000012e+00 1.088770000000000016e+00 1.104070000000000107e+00 1.120060000000000056e+00 1.141250000000000098e+00 1.167310000000000070e+00 1.197429999999999994e+00 1.230720000000000036e+00
1.010690000000000088e+00 1.202260000000000106e+00 1.458679999999999977e+00 1.710939999999999905e+00 1.958879999999999955e+00 2.226179999999999826e+00 2.535250000000000004e+00 2.872430000000000039e+00 3.222039999999999793e+00 3.574269999999999836e+00 3.933819999999999872e+00
1.007600000000000051e+00 1.064340000000000064e+00 1.136889999999999956e+00 1.212590000000000057e+00 1.282059999999999977e+00 1.345709999999999962e+00 1.421939999999999982e+00 1.515239999999999920e+00 1.619029999999999969e+00 1.729349999999999943e+00 1.842969999999999997e+00
1.006340000000000012e+00 1.015160000000000062e+00 1.025120000000000031e+00 1.035060000000000091e+00 1.044140000000000068e+00 1.050869999999999971e+00 1.056459999999999955e+00 1.062850000000000072e+00 1.070300000000000029e+00 1.079250000000000043e+00 1.089439999999999964e+00
1.009139999999999926e+00 1.126719999999999944e+00 1.286529999999999951e+00 1.450979999999999936e+00 1.607539999999999969e+00 1.763460000000000027e+00 1.941670000000000007e+00 2.147499999999999964e+00 2.366389999999999993e+00 2.595779999999999976e+00 2.827339999999999964e+00
1.011490000000000000e+00 1.231079999999999952e+00 1.514839999999999964e+00 1.792620000000000102e+00 2.062339999999999840e+00 2.349470000000000169e+00 2.682749999999999968e+00 3.051379999999999981e+00 3.438820000000000210e+00 3.834789999999999921e+00 4.234020000000000117e+00
1.012029999999999985e+00 1.262890000000000068e+00 1.585480000000000000e+00 1.900810000000000111e+00 2.216050000000000075e+00 2.565449999999999786e+00 2.967360000000000220e+00 3.398730000000000029e+00 3.843739999999999934e+00 4.293499999999999872e+00 4.745370000000000310e+00
1.008510000000000018e+00 1.100470000000000059e+00 1.223389999999999977e+00 1.349359999999999893e+00 1.467330000000000023e+00 1.584370000000000056e+00 1.722860000000000058e+00 1.883729999999999905e+00 2.056160000000000210e+00 2.235320000000000196e+00 2.418660000000000032e+00
1.008639999999999981e+00 1.110239999999999894e+00 1.248699999999999921e+00 1.388640000000000096e+00 1.521910000000000096e+00 1.661030000000000006e+00 1.827360000000000095e+00 2.014540000000000219e+00 2.211190000000000211e+00 2.412269999999999914e+00 2.616019999999999790e+00
1.006420000000000092e+00 1.018199999999999994e+00 1.031910000000000105e+00 1.045549999999999979e+00 1.057930000000000037e+00 1.067020000000000080e+00 1.074859999999999927e+00 1.084430000000000005e+00 1.096370000000000067e+00 1.110630000000000006e+00 1.126970000000000027e+00
1.007270000000000110e+00 1.048100000000000032e+00 1.099120000000000097e+00 1.153529999999999944e+00 1.205109999999999904e+00 1.250040000000000040e+00 1.300100000000000033e+00 1.361609999999999987e+00 1.431959999999999900e+00 1.509179999999999966e+00 1.591020000000000101e+00
1.006289999999999907e+00 1.013759999999999994e+00 1.022420000000000107e+00 1.030510000000000037e+00 1.037199999999999900e+00 1.040990000000000082e+00 1.043970000000000065e+00 1.047979999999999912e+00 1.053490000000000038e+00 1.060459999999999958e+00 1.068780000000000063e+00
1.007570000000000077e+00 1.060799999999999965e+00 1.129869999999999930e+00 1.204539999999999944e+00 1.275400000000000089e+00 1.339660000000000073e+00 1.412130000000000107e+00 1.500099999999999989e+00 1.598070000000000102e+00 1.704239999999999977e+00 1.813949999999999951e+00
