2.700219999999999843e+00 2.749810000000000088e+00 2.686669999999999892e+00 2.050650000000000084e+00 1.993009999999999948e+00 2.555940000000000101e+00 2.727170000000000094e+00 2.523480000000000167e+00 2.593949999999999978e+00 2.511690000000000200e+00 2.349790000000000045e+00
1.678679999999999950e+00 1.649010000000000087e+00 1.636959999999999971e+00 1.319280000000000008e+00 1.307960000000000012e+00 1.512019999999999920e+00 1.653289999999999926e+00 1.574060000000000015e+00 1.634889999999999954e+00 1.596629999999999994e+00 1.572279999999999900e+00
4.595360000000000333e+00 3.974400000000000155e+00 3.895070000000000032e+00 2.946889999999999787e+00 2.746620000000000061e+00 2.613440000000000207e+00 2.504680000000000017e+00 3.698479999999999990e+00 4.099389999999999645e+00 3.692610000000000170e+00 3.559569999999999901e+00
4.169539999999999580e+00 3.919360000000000177e+00 4.283459999999999823e+00 2.572000000000000064e+00 2.451490000000000169e+00 3.547860000000000014e+00 4.343779999999999752e+00 3.503569999999999851e+00 4.005110000000000170e+00 3.347949999999999982e+00 3.356679999999999886e+00
1.694620000000000015e+00 1.716199999999999948e+00 1.747889999999999944e+00 1.361320000000000086e+00 1.345650000000000013e+00 1.623760000000000092e+00 1.718199999999999950e+00 1.644249999999999989e+00 1.702390000000000070e+00 1.671750000000000069e+00 1.633129999999999971e+00
4.070890000000000342e+00 3.224359999999999893e+00 4.043050000000000033e+00 2.309610000000000163e+00 2.211699999999999999e+00 2.649160000000000181e+00 3.885829999999999895e+00 3.117980000000000196e+00 3.637760000000000105e+00 3.043649999999999967e+00 3.052849999999999842e+00
5.054490000000000371e+00 4.949580000000000091e+00 4.532420000000000115e+00 3.646300000000000097e+00 3.396650000000000169e+00 3.840749999999999886e+00 5.552509999999999835e+00 3.452659999999999840e+00 4.876579999999999693e+00 4.211969999999999992e+00 4.277009999999999756e+00
3.880339999999999900e+00 3.479900000000000215e+00 4.271239999999999704e+00 2.527940000000000076e+00 2.411779999999999813e+00 3.600929999999999964e+00 2.631359999999999921e+00 3.210920000000000218e+00 3.811900000000000066e+00 1.971330000000000027e+00 3.214550000000000018e+00
2.533729999999999816e+00 2.296940000000000204e+00 2.292580000000000062e+00 1.519479999999999942e+00 1.461549999999999905e+00 2.144270000000000120e+00 2.392380000000000173e+00 2.163899999999999935e+00 2.306059999999999999e+00 2.136420000000000208e+00 2.054129999999999789e+00
5.573669999999999902e+00 5.906539999999999679e+00 6.045989999999999753e+00 3.889930000000000110e+00 3.673029999999999795e+00 4.713149999999999729e+00 6.121489999999999654e+00 3.698090000000000099e+00 5.496380000000000265e+00 2.552599999999999980e+00 4.568260000000000431e+00
3.437800000000000189e+00 3.012630000000000141e+00 3.129000000000000004e+00 1.911510000000000042e+00 1.837520000000000042e+00 2.739980000000000082e+00 3.123180000000000067e+00 2.494299999999999962e+00 2.934579999999999966e+00 2.736130000000000173e+00 2.486400000000000166e+00
3.037980000000000125e+00 3.343669999999999920e+00 3.240310000000000024e+00 2.094549999999999912e+00 2.422000000000000153e+00 2.960729999999999862e+00 4.308419999999999916e+00 2.780209999999999848e+00 3.234570000000000167e+00 2.838579999999999881e+00 2.753150000000000208e+00
2.570710000000000051e+00 2.713309999999999889e+00 2.591270000000000184e+00 1.843900000000000095e+00 1.548699999999999966e+00 2.314519999999999911e+00 2.537420000000000009e+00 2.283749999999999947e+00 2.485170000000000101e+00 2.286290000000000155e+00 2.186830000000000052e+00
3.990159999999999929e+00 3.405120000000000147e+00 3.631769999999999943e+00 3.020880000000000010e+00 2.353099999999999969e+00 3.541840000000000099e+00 3.840949999999999864e+00 3.353569999999999940e+00 3.758739999999999970e+00 3.299049999999999816e+00 3.160320000000000018e+00
1.666770000000000085e+00 1.652449999999999974e+00 1.689319999999999933e+00 1.330969999999999986e+00 1.317379999999999995e+00 1.549299999999999899e+00 1.669079999999999897e+00 1.604330000000000034e+00 1.655739999999999990e+00 1.632249999999999979e+00 1.602020000000000000e+00
2.752369999999999983e+00 3.150469999999999882e+00 3.036840000000000206e+00 1.929850000000000065e+00 1.861450000000000049e+00 2.581059999999999910e+00 2.896049999999999791e+00 2.814550000000000107e+00 2.809009999999999785e+00 2.697789999999999910e+00 2.592630000000000212e+00
3.582089999999999996e+00 3.333029999999999937e+00 3.105410000000000004e+00 2.107569999999999943e+00 2.484799999999999898e+00 2.273050000000000015e+00 2.515859999999999985e+00 2.837720000000000020e+00 3.142259999999999831e+00 2.902590000000000003e+00 2.792530000000000179e+00
2.724660000000000082e+00 2.864790000000000170e+00 2.712169999999999970e+00 1.688669999999999893e+00 1.627380000000000049e+00 2.490899999999999892e+00 2.628909999999999858e+00 2.334569999999999812e+00 2.560970000000000191e+00 2.402000000000000135e+00 2.220829999999999860e+00
3.424619999999999997e+00 3.015340000000000131e+00 3.207399999999999807e+00 1.903569999999999984e+00 1.835429999999999895e+00 2.329969999999999875e+00 2.933019999999999960e+00 2.621039999999999814e+00 2.883630000000000138e+00 2.640280000000000182e+00 2.484630000000000116e+00
2.917559999999999931e+00 2.653820000000000068e+00 2.811380000000000212e+00 1.863550000000000040e+00 1.802740000000000009e+00 2.782169999999999810e+00 3.018079999999999874e+00 2.597640000000000171e+00 2.884110000000000174e+00 2.547330000000000094e+00 2.483449999999999935e+00
4.502909999999999968e+00 4.025179999999999758e+00 3.589319999999999844e+00 2.911750000000000060e+00 2.672200000000000131e+00 2.904009999999999980e+00 2.257719999999999949e+00 3.715120000000000200e+00 2.122440000000000104e+00 3.742070000000000007e+00 2.004150000000000098e+00
2.142430000000000057e+00 2.187609999999999832e+00 2.166129999999999889e+00 1.436649999999999983e+00 1.397610000000000019e+00 1.928620000000000001e+00 2.246859999999999857e+00 2.077449999999999797e+00 2.176940000000000097e+00 2.020579999999999821e+00 1.967770000000000019e+00
6.142940000000000289e+00 7.096449999999999925e+00 6.738769999999999705e+00 5.252880000000000216e+00 4.016460000000000363e+00 3.861069999999999780e+00 3.907129999999999992e+00 4.855380000000000251e+00 3.052189999999999959e+00 4.804909999999999570e+00 6.006359999999999921e+00
3.336869999999999781e+00 3.298410000000000064e+00 2.906989999999999963e+00 2.288520000000000110e+00 2.751949999999999896e+00 2.993850000000000122e+00 4.376800000000000246e+00 3.166059999999999874e+00 3.571950000000000180e+00 3.030030000000000001e+00 3.063079999999999803e+00
1.961510000000000087e+00 1.933110000000000106e+00 2.002740000000000187e+00 1.230450000000000044e+00 1.464590000000000058e+00 1.753649999999999931e+00 1.935359999999999969e+00 1.783209999999999962e+00 1.890759999999999996e+00 1.801719999999999988e+00 1.753390000000000004e+00
5.374060000000000059e+00 4.379120000000000346e+00 3.919290000000000163e+00 3.223899999999999988e+00 3.009640000000000093e+00 3.095839999999999925e+00 4.206419999999999604e+00 2.986390000000000100e+00 4.491010000000000169e+00 3.848650000000000126e+00 2.129750000000000032e+00
6.806400000000000006e+00 5.743350000000000399e+00 5.188259999999999650e+00 4.354540000000000077e+00 4.026950000000000252e+00 3.842080000000000162e+00 5.459590000000000387e+00 3.873829999999999885e+00 5.394420000000000215e+00 2.871410000000000018e+00 4.904090000000000060e+00
6.750530000000000364e+00 7.082530000000000214e+00 5.919330000000000425e+00 4.791570000000000107e+00 4.507719999999999949e+00 4.668370000000000353e+00 4.713790000000000369e+00 5.131219999999999892e+00 6.145019999999999705e+00 3.026450000000000085e+00 5.127379999999999605e+00
4.199209999999999887e+00 4.455420000000000158e+00 3.252229999999999954e+00 2.566819999999999879e+00 2.446720000000000006e+00 3.175110000000000099e+00 3.938870000000000093e+00 3.475960000000000161e+00 2.162739999999999885e+00 3.403589999999999893e+00 3.287840000000000096e+00
3.692369999999999930e+00 3.756530000000000147e+00 3.385909999999999975e+00 2.345060000000000144e+00 2.246500000000000163e+00 2.740019999999999900e+00 2.642920000000000158e+00 3.094800000000000217e+00 3.450359999999999872e+00 1.908020000000000049e+00 1.809730000000000061e+00
2.139499999999999957e+00 2.103429999999999911e+00 2.261940000000000062e+00 1.390239999999999920e+00 1.337839999999999918e+00 1.910900000000000043e+00 2.134160000000000057e+00 1.981149999999999967e+00 2.112719999999999931e+00 1.979749999999999899e+00 1.891359999999999930e+00
2.367119999999999891e+00 2.395109999999999850e+00 2.735689999999999955e+00 1.623390000000000111e+00 1.584940000000000015e+00 2.269390000000000018e+00 2.434229999999999894e+00 2.331970000000000098e+00 2.429739999999999789e+00 2.306379999999999875e+00 2.175800000000000178e+00
1.878489999999999993e+00 1.879769999999999941e+00 1.774839999999999973e+00 1.462029999999999941e+00 1.441810000000000036e+00 1.748140000000000027e+00 1.858910000000000062e+00 1.778550000000000075e+00 1.726860000000000062e+00 1.767840000000000078e+00 1.702239999999999975e+00
2.495169999999999888e+00 2.514489999999999892e+00 2.671100000000000030e+00 1.605949999999999989e+00 1.818980000000000041e+00 2.237190000000000012e+00 2.440389999999999837e+00 2.272839999999999971e+00 2.375160000000000160e+00 2.291920000000000179e+00 2.164270000000000138e+00
2.454930000000000057e+00 2.565449999999999786e+00 2.332759999999999945e+00 1.551739999999999897e+00 1.774960000000000093e+00 2.039969999999999839e+00 2.359830000000000094e+00 2.169900000000000162e+00 2.324209999999999887e+00 2.251729999999999787e+00 2.097620000000000040e+00
2.102399999999999824e+00 2.188899999999999846e+00 2.088290000000000202e+00 1.381850000000000023e+00 1.344049999999999967e+00 1.846260000000000012e+00 2.063719999999999999e+00 2.021910000000000096e+00 2.013259999999999827e+00 1.909499999999999975e+00 1.915049999999999919e+00
3.983839999999999826e+00 4.538890000000000313e+00 4.412110000000000198e+00 2.585529999999999884e+00 2.466839999999999922e+00 3.571200000000000152e+00 2.881689999999999863e+00 3.335420000000000051e+00 3.733179999999999943e+00 3.388139999999999930e+00 3.281750000000000167e+00
3.974190000000000111e+00 4.424979999999999691e+00 3.887389999999999901e+00 2.465310000000000112e+00 2.336549999999999905e+00 2.349559999999999871e+00 3.907480000000000064e+00 3.063719999999999999e+00 2.144429999999999836e+00 3.572200000000000042e+00 3.105809999999999960e+00
1.850149999999999961e+00 1.952260000000000106e+00 1.887550000000000061e+00 1.464939999999999909e+00 1.323120000000000074e+00 1.715060000000000029e+00 1.837779999999999969e+00 1.772960000000000091e+00 1.815919999999999979e+00 1.758089999999999931e+00 1.718860000000000054e+00
3.857450000000000045e+00 3.323679999999999968e+00 4.216700000000000337e+00 2.256120000000000125e+00 2.158949999999999925e+00 2.575909999999999922e+00 3.561669999999999892e+00 3.007839999999999847e+00 1.980469999999999953e+00 3.334929999999999950e+00 2.800769999999999982e+00
6.502100000000000435e+00 6.186200000000000365e+00 6.015959999999999752e+00 5.323509999999999742e+00 4.026139999999999830e+00 4.107610000000000205e+00 5.355970000000000120e+00 3.975389999999999979e+00 3.243320000000000203e+00 5.453359999999999985e+00 2.543219999999999814e+00
4.537729999999999819e+00 4.834170000000000300e+00 4.489559999999999995e+00 2.932319999999999816e+00 2.777480000000000171e+00 3.527489999999999792e+00 2.999480000000000146e+00 3.548919999999999852e+00 4.238540000000000418e+00 4.127110000000000056e+00 2.031789999999999985e+00
2.166720000000000201e+00 2.386600000000000055e+00 2.100509999999999877e+00 1.409419999999999895e+00 1.640330000000000066e+00 1.965680000000000094e+00 2.134189999999999809e+00 1.947689999999999921e+00 2.126819999999999933e+00 2.033279999999999976e+00 1.928320000000000034e+00
6.640839999999999854e+00 5.777660000000000018e+00 6.476429999999999687e+00 4.150599999999999845e+00 3.778579999999999828e+00 3.723050000000000193e+00 5.698170000000000179e+00 4.579550000000000232e+00 5.212869999999999671e+00 5.976370000000000182e+00 2.448139999999999983e+00
3.871150000000000091e+00 3.382359999999999811e+00 3.295199999999999907e+00 2.287739999999999885e+00 2.176120000000000054e+00 3.020480000000000054e+00 4.503960000000000186e+00 2.986730000000000107e+00 1.953659999999999952e+00 3.169070000000000054e+00 2.910309999999999953e+00
2.464280000000000026e+00 2.647419999999999884e+00 2.730640000000000178e+00 1.880730000000000013e+00 1.565730000000000066e+00 2.109199999999999964e+00 2.525599999999999845e+00 2.264969999999999928e+00 2.374299999999999855e+00 2.356889999999999930e+00 2.126419999999999977e+00
3.031540000000000123e+00 3.162360000000000060e+00 3.080389999999999961e+00 1.854749999999999899e+00 1.785509999999999931e+00 2.612579999999999902e+00 2.840980000000000061e+00 2.670240000000000169e+00 2.693270000000000053e+00 2.539190000000000058e+00 2.482320000000000082e+00
4.911030000000000229e+00 4.594780000000000086e+00 4.145760000000000112e+00 3.021580000000000155e+00 2.874779999999999891e+00 3.061850000000000183e+00 4.603130000000000166e+00 2.976960000000000051e+00 4.316959999999999908e+00 4.113979999999999748e+00 3.721610000000000085e+00
1.725929999999999964e+00 1.722439999999999971e+00 1.736250000000000071e+00 1.350130000000000052e+00 1.331469999999999931e+00 1.551919999999999966e+00 1.676099999999999923e+00 1.632560000000000011e+00 1.670290000000000052e+00 1.632560000000000011e+00 1.615830000000000100e+00
3.046600000000000197e+00 3.164140000000000175e+00 2.162630000000000052e+00 1.854249999999999954e+00 1.774219999999999908e+00 2.275170000000000137e+00 2.748369999999999980e+00 2.593620000000000037e+00 2.645589999999999886e+00 2.535350000000000215e+00 2.518510000000000026e+00
3.441600000000000215e+00 3.801569999999999894e+00 3.514740000000000197e+00 2.164149999999999796e+00 2.078749999999999876e+00 2.788180000000000103e+00 3.256219999999999892e+00 2.886460000000000026e+00 3.124659999999999993e+00 2.954330000000000123e+00 2.858880000000000088e+00
3.495999999999999996e+00 3.335459999999999869e+00 2.680159999999999876e+00 2.053030000000000133e+00 1.973600000000000021e+00 2.850499999999999812e+00 3.562619999999999898e+00 2.831580000000000208e+00 2.972309999999999786e+00 2.821779999999999955e+00 2.622180000000000177e+00
3.472850000000000215e+00 3.092179999999999929e+00 3.397409999999999819e+00 2.085069999999999979e+00 2.003249999999999975e+00 2.436850000000000183e+00 4.197370000000000267e+00 2.853279999999999816e+00 3.106399999999999828e+00 2.859539999999999971e+00 2.634370000000000100e+00
3.572430000000000216e+00 3.589480000000000004e+00 3.758030000000000204e+00 2.088960000000000150e+00 1.999800000000000022e+00 2.694290000000000074e+00 3.412490000000000023e+00 2.900739999999999874e+00 3.094819999999999904e+00 3.129929999999999879e+00 2.616210000000000147e+00
4.622519999999999740e+00 4.332539999999999836e+00 4.138659999999999783e+00 2.622479999999999922e+00 2.496620000000000061e+00 3.556960000000000122e+00 3.876030000000000086e+00 3.226739999999999942e+00 2.032680000000000042e+00 3.471330000000000027e+00 3.371570000000000178e+00
2.068369999999999820e+00 2.156649999999999956e+00 2.040109999999999868e+00 1.629950000000000010e+00 1.324989999999999890e+00 1.824179999999999913e+00 2.037840000000000096e+00 1.924530000000000074e+00 2.022139999999999826e+00 1.916949999999999932e+00 1.882430000000000048e+00
6.103189999999999671e+00 6.495770000000000266e+00 4.955350000000000144e+00 3.990569999999999951e+00 3.661340000000000039e+00 3.802519999999999900e+00 3.682370000000000143e+00 3.651310000000000056e+00 2.726519999999999833e+00 2.687759999999999927e+00 4.471799999999999997e+00
3.602110000000000145e+00 3.407690000000000108e+00 2.806080000000000130e+00 2.779520000000000213e+00 2.139029999999999987e+00 2.405800000000000161e+00 3.293870000000000076e+00 2.372770000000000046e+00 3.357060000000000155e+00 3.164880000000000138e+00 2.954579999999999984e+00
2.022120000000000140e+00 2.068290000000000184e+00 2.098520000000000163e+00 1.596799999999999997e+00 1.561379999999999990e+00 1.815229999999999899e+00 2.022689999999999877e+00 1.941799999999999971e+00 1.979459999999999997e+00 1.887000000000000011e+00 1.865010000000000057e+00
5.076290000000000191e+00 5.684669999999999668e+00 5.159299999999999997e+00 3.152420000000000222e+00 2.971699999999999786e+00 3.257270000000000110e+00 5.279160000000000075e+00 3.415239999999999831e+00 4.350039999999999907e+00 2.372300000000000075e+00 2.142650000000000166e+00
6.613990000000000258e+00 6.384019999999999584e+00 5.657009999999999650e+00 4.596980000000000288e+00 4.238330000000000375e+00 4.282070000000000043e+00 4.059319999999999595e+00 4.918009999999999771e+00 3.312069999999999848e+00 3.028669999999999973e+00 5.131009999999999849e+00
7.094509999999999650e+00 7.240020000000000344e+00 5.912840000000000096e+00 4.512470000000000425e+00 4.097859999999999836e+00 3.985189999999999788e+00 4.089590000000000281e+00 4.333140000000000214e+00 5.232929999999999637e+00 5.243179999999999730e+00 4.802570000000000228e+00
4.134330000000000283e+00 4.637100000000000222e+00 3.429539999999999811e+00 2.675489999999999924e+00 3.116870000000000029e+00 2.708559999999999857e+00 2.879370000000000207e+00 3.290010000000000101e+00 3.989399999999999835e+00 3.707590000000000163e+00 4.989760000000000417e+00
4.559020000000000294e+00 4.820739999999999803e+00 3.464620000000000033e+00 2.623549999999999827e+00 2.508389999999999898e+00 3.195329999999999782e+00 3.914750000000000174e+00 3.453800000000000203e+00 3.732470000000000176e+00 3.759520000000000195e+00 3.350999999999999979e+00
2.578689999999999927e+00 2.328030000000000044e+00 2.584600000000000009e+00 1.618300000000000072e+00 1.566589999999999927e+00 2.265169999999999906e+00 2.505930000000000213e+00 2.285010000000000208e+00 2.370789999999999953e+00 2.208889999999999798e+00 2.145210000000000061e+00
3.423760000000000137e+00 3.601529999999999898e+00 3.382839999999999847e+00 2.089980000000000171e+00 2.006609999999999783e+00 2.780909999999999993e+00 3.128219999999999779e+00 2.705499999999999794e+00 3.180149999999999810e+00 2.990880000000000205e+00 2.737690000000000179e+00
1.740730000000000111e+00 1.832810000000000050e+00 1.715260000000000007e+00 1.378290000000000015e+00 1.340009999999999923e+00 1.562019999999999964e+00 1.690039999999999987e+00 1.675750000000000073e+00 1.711519999999999930e+00 1.659999999999999920e+00 1.643429999999999946e+00
3.441089999999999982e+00 3.211100000000000065e+00 2.336710000000000065e+00 1.924949999999999939e+00 1.856899999999999995e+00 1.970569999999999933e+00 2.985869999999999802e+00 2.648109999999999964e+00 2.852380000000000138e+00 2.691629999999999967e+00 2.565469999999999917e+00
