1.007230000000000070e+00 1.047490000000000032e+00 1.100940000000000030e+00 1.160609999999999919e+00 1.220739999999999936e+00 1.277199999999999891e+00 1.330089999999999995e+00 1.387100000000000000e+00 1.454080000000000039e+00 1.530250000000000110e+00 1.612610000000000099e+00
1.006269999999999998e+00 1.012420000000000098e+00 1.019640000000000102e+00 1.027190000000000047e+00 1.034699999999999953e+00 1.041949999999999932e+00 1.048349999999999893e+00 1.053719999999999990e+00 1.058429999999999982e+00 1.063039999999999985e+00 1.068100000000000049e+00
1.007290000000000019e+00 1.048089999999999966e+00 1.101849999999999996e+00 1.163680000000000048e+00 1.227579999999999893e+00 1.289220000000000033e+00 1.346819999999999906e+00 1.404379999999999962e+00 1.467340000000000089e+00 1.538140000000000063e+00 1.616579999999999906e+00
1.008140000000000036e+00 1.085900000000000087e+00 1.193510000000000071e+00 1.307209999999999983e+00 1.416709999999999914e+00 1.521889999999999965e+00 1.632859999999999978e+00 1.760890000000000066e+00 1.906949999999999923e+00 2.060529999999999973e+00 2.220450000000000035e+00
1.006070000000000020e+00 1.006080000000000085e+00 1.006089999999999929e+00 1.006099999999999994e+00 1.006110000000000060e+00 1.006110000000000060e+00 1.006119999999999903e+00 1.006119999999999903e+00 1.006129999999999969e+00 1.006129999999999969e+00 1.006129999999999969e+00
1.007980000000000098e+00 1.079630000000000090e+00 1.177839999999999998e+00 1.281859999999999999e+00 1.382079999999999975e+00 1.477430000000000021e+00 1.576049999999999951e+00 1.691750000000000087e+00 1.823280000000000012e+00 1.964159999999999906e+00 2.110209999999999919e+00
1.009020000000000028e+00 1.123780000000000001e+00 1.286100000000000021e+00 1.453729999999999967e+00 1.615280000000000049e+00 1.774999999999999911e+00 1.945359999999999978e+00 2.139769999999999950e+00 2.353169999999999984e+00 2.578359999999999985e+00 2.805619999999999781e+00
1.008720000000000061e+00 1.108330000000000037e+00 1.247430000000000039e+00 1.393669999999999964e+00 1.534960000000000102e+00 1.673229999999999995e+00 1.818440000000000056e+00 1.984439999999999982e+00 2.168079999999999785e+00 2.364349999999999952e+00 2.565350000000000019e+00
1.006850000000000023e+00 1.032620000000000093e+00 1.064489999999999936e+00 1.099050000000000082e+00 1.134579999999999922e+00 1.167939999999999978e+00 1.197880000000000056e+00 1.228550000000000031e+00 1.264359999999999928e+00 1.305760000000000032e+00 1.351830000000000087e+00
1.010999999999999899e+00 1.203680000000000083e+00 1.463330000000000020e+00 1.725139999999999896e+00 1.980779999999999985e+00 2.244169999999999998e+00 2.532309999999999839e+00 2.857680000000000220e+00 3.206890000000000018e+00 3.568529999999999980e+00 3.938619999999999788e+00
1.007120000000000015e+00 1.039649999999999963e+00 1.078880000000000061e+00 1.123569999999999958e+00 1.172220000000000040e+00 1.222329999999999917e+00 1.270769999999999955e+00 1.316980000000000040e+00 1.362659999999999982e+00 1.409510000000000041e+00 1.459240000000000093e+00
1.007200000000000095e+00 1.046839999999999993e+00 1.098270000000000080e+00 1.154330000000000078e+00 1.209999999999999964e+00 1.261230000000000073e+00 1.310110000000000108e+00 1.366870000000000029e+00 1.435259999999999980e+00 1.512029999999999985e+00 1.593769999999999909e+00
1.006790000000000074e+00 1.028839999999999977e+00 1.054750000000000076e+00 1.083660000000000068e+00 1.114719999999999933e+00 1.147149999999999892e+00 1.178979999999999917e+00 1.209470000000000045e+00 1.238730000000000109e+00 1.267930000000000001e+00 1.298019999999999952e+00
1.009200000000000097e+00 1.126039999999999930e+00 1.288030000000000008e+00 1.458450000000000024e+00 1.623739999999999961e+00 1.786289999999999933e+00 1.956900000000000084e+00 2.149979999999999780e+00 2.363719999999999821e+00 2.590899999999999981e+00 2.824710000000000054e+00
1.006070000000000020e+00 1.006210000000000049e+00 1.006380000000000052e+00 1.006529999999999925e+00 1.006650000000000045e+00 1.006739999999999968e+00 1.006760000000000099e+00 1.006750000000000034e+00 1.006729999999999903e+00 1.006729999999999903e+00 1.006729999999999903e+00
1.006580000000000030e+00 1.023090000000000055e+00 1.043290000000000051e+00 1.064950000000000063e+00 1.086989999999999901e+00 1.108710000000000084e+00 1.128339999999999899e+00 1.145850000000000035e+00 1.163440000000000030e+00 1.183089999999999975e+00 1.205600000000000005e+00
1.007719999999999949e+00 1.063460000000000072e+00 1.136989999999999945e+00 1.221950000000000092e+00 1.309039999999999981e+00 1.393019999999999925e+00 1.472890000000000033e+00 1.553739999999999899e+00 1.642069999999999919e+00 1.741290000000000004e+00 1.847930000000000073e+00
1.006760000000000099e+00 1.028370000000000006e+00 1.054550000000000098e+00 1.084240000000000093e+00 1.116449999999999942e+00 1.149759999999999893e+00 1.182060000000000111e+00 1.212380000000000013e+00 1.241919999999999913e+00 1.271919999999999940e+00 1.304300000000000015e+00
1.007120000000000015e+00 1.040750000000000064e+00 1.083569999999999922e+00 1.132859999999999978e+00 1.185130000000000017e+00 1.236939999999999928e+00 1.285400000000000098e+00 1.331509999999999971e+00 1.379750000000000032e+00 1.432849999999999957e+00 1.492329999999999934e+00
1.007660000000000000e+00 1.066419999999999924e+00 1.146120000000000028e+00 1.231630000000000003e+00 1.314259999999999984e+00 1.391760000000000108e+00 1.470609999999999973e+00 1.564529999999999976e+00 1.672989999999999977e+00 1.790119999999999933e+00 1.911859999999999893e+00
1.007549999999999946e+00 1.058470000000000022e+00 1.126500000000000057e+00 1.203689999999999927e+00 1.281639999999999890e+00 1.356000000000000094e+00 1.426439999999999930e+00 1.498569999999999958e+00 1.580459999999999976e+00 1.671570000000000000e+00 1.771800000000000042e+00
1.006420000000000092e+00 1.017570000000000086e+00 1.030620000000000092e+00 1.044499999999999984e+00 1.058489999999999931e+00 1.072070000000000078e+00 1.084219999999999962e+00 1.095040000000000013e+00 1.105709999999999971e+00 1.117189999999999905e+00 1.130139999999999922e+00
1.008669999999999956e+00 1.099920000000000009e+00 1.223649999999999904e+00 1.361259999999999915e+00 1.497139999999999915e+00 1.628759999999999986e+00 1.757940000000000058e+00 1.894269999999999898e+00 2.045859999999999790e+00 2.211749999999999883e+00 2.390460000000000029e+00
1.007670000000000066e+00 1.062910000000000021e+00 1.134900000000000020e+00 1.215049999999999963e+00 1.295309999999999961e+00 1.371099999999999985e+00 1.443459999999999965e+00 1.522259999999999946e+00 1.612149999999999972e+00 1.711910000000000043e+00 1.819439999999999946e+00
1.006420000000000092e+00 1.017079999999999984e+00 1.029279999999999973e+00 1.042550000000000088e+00 1.056489999999999929e+00 1.070789999999999909e+00 1.084859999999999935e+00 1.098249999999999948e+00 1.111159999999999926e+00 1.123830000000000107e+00 1.136759999999999993e+00
1.007970000000000033e+00 1.072529999999999983e+00 1.157929999999999904e+00 1.256180000000000074e+00 1.356309999999999905e+00 1.453330000000000011e+00 1.545700000000000074e+00 1.638069999999999915e+00 1.737559999999999993e+00 1.848109999999999919e+00 1.967819999999999903e+00
1.008410000000000029e+00 1.089839999999999920e+00 1.199200000000000044e+00 1.322699999999999987e+00 1.445670000000000011e+00 1.564000000000000057e+00 1.677499999999999991e+00 1.793350000000000000e+00 1.918660000000000032e+00 2.057799999999999851e+00 2.209179999999999922e+00
1.009889999999999954e+00 1.157480000000000064e+00 1.361390000000000100e+00 1.569879999999999942e+00 1.772110000000000074e+00 1.974150000000000071e+00 2.194160000000000110e+00 2.441619999999999902e+00 2.711279999999999912e+00 2.993279999999999941e+00 3.281429999999999847e+00
1.008610000000000007e+00 1.098559999999999981e+00 1.218490000000000073e+00 1.348559999999999981e+00 1.476259999999999906e+00 1.598060000000000036e+00 1.719149999999999956e+00 1.852079999999999949e+00 2.003249999999999975e+00 2.167530000000000179e+00 2.342919999999999892e+00
1.008119999999999905e+00 1.081769999999999898e+00 1.183019999999999960e+00 1.294960000000000111e+00 1.404500000000000082e+00 1.509349999999999969e+00 1.614370000000000083e+00 1.730390000000000095e+00 1.861110000000000042e+00 2.003789999999999960e+00 2.154869999999999841e+00
1.006189999999999918e+00 1.009649999999999936e+00 1.013519999999999976e+00 1.017689999999999984e+00 1.021910000000000096e+00 1.025989999999999958e+00 1.029749999999999943e+00 1.032960000000000100e+00 1.035660000000000025e+00 1.038040000000000074e+00 1.040319999999999911e+00
1.006879999999999997e+00 1.033849999999999936e+00 1.068140000000000089e+00 1.105369999999999964e+00 1.143280000000000074e+00 1.178250000000000020e+00 1.209729999999999972e+00 1.243039999999999923e+00 1.283949999999999925e+00 1.331280000000000019e+00 1.383490000000000109e+00
1.006440000000000001e+00 1.018839999999999968e+00 1.034180000000000099e+00 1.050210000000000088e+00 1.066089999999999982e+00 1.080880000000000063e+00 1.092889999999999917e+00 1.103399999999999936e+00 1.114889999999999937e+00 1.128659999999999997e+00 1.144879999999999898e+00
1.007239999999999913e+00 1.045670000000000099e+00 1.094770000000000021e+00 1.150579999999999936e+00 1.209400000000000031e+00 1.266669999999999963e+00 1.320109999999999895e+00 1.372489999999999988e+00 1.429580000000000073e+00 1.492930000000000090e+00 1.562040000000000095e+00
1.006930000000000103e+00 1.036759999999999904e+00 1.075320000000000054e+00 1.117660000000000098e+00 1.160949999999999926e+00 1.201359999999999983e+00 1.237859999999999960e+00 1.276399999999999979e+00 1.322009999999999907e+00 1.374719999999999942e+00 1.432609999999999939e+00
1.006269999999999998e+00 1.013009999999999966e+00 1.020829999999999904e+00 1.029079999999999995e+00 1.037260000000000071e+00 1.045080000000000009e+00 1.051979999999999915e+00 1.057679999999999954e+00 1.062750000000000083e+00 1.067700000000000093e+00 1.073209999999999997e+00
1.007309999999999928e+00 1.049299999999999899e+00 1.104880000000000084e+00 1.168660000000000032e+00 1.234290000000000109e+00 1.297260000000000080e+00 1.356630000000000003e+00 1.416090000000000071e+00 1.481070000000000109e+00 1.554359999999999964e+00 1.635099999999999998e+00
1.007740000000000080e+00 1.069020000000000081e+00 1.150490000000000013e+00 1.237500000000000044e+00 1.322319999999999940e+00 1.401599999999999957e+00 1.481300000000000061e+00 1.575150000000000050e+00 1.683040000000000092e+00 1.801109999999999989e+00 1.923620000000000108e+00
1.006520000000000081e+00 1.020329999999999959e+00 1.036030000000000006e+00 1.052580000000000071e+00 1.069600000000000106e+00 1.086270000000000069e+00 1.101739999999999942e+00 1.117010000000000058e+00 1.133240000000000025e+00 1.150879999999999903e+00 1.169519999999999893e+00
1.008380000000000054e+00 1.095709999999999962e+00 1.214080000000000048e+00 1.336619999999999919e+00 1.454029999999999934e+00 1.566300000000000026e+00 1.683850000000000069e+00 1.821180000000000021e+00 1.975370000000000070e+00 2.140810000000000102e+00 2.313200000000000145e+00
1.009290000000000020e+00 1.136640000000000095e+00 1.315590000000000037e+00 1.499130000000000074e+00 1.676660000000000039e+00 1.852989999999999915e+00 2.044480000000000075e+00 2.259250000000000203e+00 2.493799999999999795e+00 2.738339999999999996e+00 2.987989999999999924e+00
1.008480000000000043e+00 1.099450000000000038e+00 1.225970000000000004e+00 1.359560000000000102e+00 1.489069999999999894e+00 1.614219999999999988e+00 1.745519999999999960e+00 1.895839999999999970e+00 2.063959999999999795e+00 2.241150000000000198e+00 2.425839999999999996e+00
1.006399999999999961e+00 1.017220000000000013e+00 1.029849999999999932e+00 1.042599999999999971e+00 1.054890000000000105e+00 1.065709999999999935e+00 1.074230000000000018e+00 1.082379999999999898e+00 1.092049999999999965e+00 1.103639999999999954e+00 1.117119999999999891e+00
1.010969999999999924e+00 1.206450000000000022e+00 1.471360000000000001e+00 1.737980000000000080e+00 1.999279999999999946e+00 2.267440000000000122e+00 2.561339999999999950e+00 2.889019999999999921e+00 3.243440000000000101e+00 3.606289999999999996e+00 3.974590000000000067e+00
1.007560000000000011e+00 1.056140000000000079e+00 1.117029999999999967e+00 1.186930000000000041e+00 1.260590000000000099e+00 1.332950000000000079e+00 1.401399999999999979e+00 1.467799999999999994e+00 1.536350000000000104e+00 1.610400000000000054e+00 1.691000000000000059e+00
1.006559999999999899e+00 1.023150000000000004e+00 1.043009999999999993e+00 1.063369999999999926e+00 1.083599999999999897e+00 1.101750000000000007e+00 1.116919999999999913e+00 1.132840000000000069e+00 1.152609999999999912e+00 1.176190000000000069e+00 1.203310000000000102e+00
1.006780000000000008e+00 1.028569999999999984e+00 1.054829999999999934e+00 1.084119999999999973e+00 1.115320000000000089e+00 1.147280000000000078e+00 1.177950000000000053e+00 1.206509999999999971e+00 1.233989999999999920e+00 1.261970000000000036e+00 1.291819999999999968e+00
1.009179999999999966e+00 1.124840000000000062e+00 1.283789999999999987e+00 1.451370000000000049e+00 1.614170000000000105e+00 1.774620000000000086e+00 1.941789999999999905e+00 2.130050000000000221e+00 2.339030000000000165e+00 2.561080000000000023e+00 2.790729999999999933e+00
1.006569999999999965e+00 1.022210000000000063e+00 1.040159999999999973e+00 1.058910000000000018e+00 1.077909999999999924e+00 1.096179999999999932e+00 1.112789999999999946e+00 1.129399999999999959e+00 1.147920000000000051e+00 1.168299999999999894e+00 1.190530000000000088e+00
1.006380000000000052e+00 1.016250000000000098e+00 1.027840000000000087e+00 1.039870000000000072e+00 1.051719999999999988e+00 1.062939999999999996e+00 1.072589999999999932e+00 1.080980000000000052e+00 1.089259999999999895e+00 1.098400000000000043e+00 1.108899999999999997e+00
1.006879999999999997e+00 1.033369999999999900e+00 1.066840000000000011e+00 1.104130000000000056e+00 1.143189999999999928e+00 1.181419999999999915e+00 1.216380000000000017e+00 1.249829999999999997e+00 1.285670000000000091e+00 1.326100000000000056e+00 1.371930000000000094e+00
1.007209999999999939e+00 1.044240000000000057e+00 1.091730000000000089e+00 1.146989999999999954e+00 1.205869999999999997e+00 1.264059999999999961e+00 1.318850000000000078e+00 1.371520000000000072e+00 1.425550000000000095e+00 1.485149999999999970e+00 1.550349999999999895e+00
1.007370000000000099e+00 1.050170000000000048e+00 1.105329999999999924e+00 1.169100000000000028e+00 1.235929999999999973e+00 1.301069999999999949e+00 1.362579999999999902e+00 1.422879999999999923e+00 1.487659999999999982e+00 1.559180000000000010e+00 1.638130000000000086e+00
1.006799999999999917e+00 1.030880000000000019e+00 1.060340000000000060e+00 1.091809999999999947e+00 1.123820000000000041e+00 1.153629999999999933e+00 1.179859999999999909e+00 1.207780000000000076e+00 1.241710000000000091e+00 1.281409999999999938e+00 1.325339999999999963e+00
1.007640000000000091e+00 1.062419999999999920e+00 1.136379999999999946e+00 1.219530000000000003e+00 1.302310000000000079e+00 1.381180000000000074e+00 1.456599999999999895e+00 1.536899999999999933e+00 1.627869999999999928e+00 1.730069999999999997e+00 1.839569999999999927e+00
1.006340000000000012e+00 1.014950000000000019e+00 1.024909999999999988e+00 1.035239999999999938e+00 1.045509999999999939e+00 1.055320000000000036e+00 1.063819999999999988e+00 1.071159999999999890e+00 1.078219999999999956e+00 1.085879999999999956e+00 1.094370000000000065e+00
1.008650000000000047e+00 1.099690000000000056e+00 1.223209999999999908e+00 1.360219999999999985e+00 1.495330000000000048e+00 1.625459999999999905e+00 1.754059999999999953e+00 1.890779999999999905e+00 2.042260000000000186e+00 2.208099999999999952e+00 2.385149999999999881e+00
1.007390000000000008e+00 1.052070000000000061e+00 1.108840000000000048e+00 1.171859999999999902e+00 1.235610000000000097e+00 1.295619999999999994e+00 1.351310000000000011e+00 1.410009999999999986e+00 1.476890000000000036e+00 1.552580000000000071e+00 1.635070000000000023e+00
1.006229999999999958e+00 1.011190000000000033e+00 1.016780000000000017e+00 1.022809999999999997e+00 1.028950000000000031e+00 1.035039999999999960e+00 1.040750000000000064e+00 1.045860000000000012e+00 1.050450000000000106e+00 1.054659999999999931e+00 1.058680000000000065e+00
1.008219999999999894e+00 1.082030000000000047e+00 1.180369999999999919e+00 1.292980000000000018e+00 1.406789999999999985e+00 1.516890000000000072e+00 1.622840000000000060e+00 1.730450000000000044e+00 1.847290000000000099e+00 1.974979999999999958e+00 2.113770000000000149e+00
1.008159999999999945e+00 1.080140000000000100e+00 1.176530000000000076e+00 1.286189999999999944e+00 1.396209999999999951e+00 1.502310000000000034e+00 1.603660000000000085e+00 1.706050000000000066e+00 1.817209999999999992e+00 1.941179999999999906e+00 2.075610000000000177e+00
1.009679999999999911e+00 1.148989999999999956e+00 1.339800000000000102e+00 1.535130000000000106e+00 1.724159999999999915e+00 1.911540000000000017e+00 2.113030000000000186e+00 2.341099999999999959e+00 2.591120000000000090e+00 2.853310000000000013e+00 3.121160000000000156e+00
1.008329999999999949e+00 1.087809999999999944e+00 1.192879999999999940e+00 1.307060000000000111e+00 1.419419999999999904e+00 1.525959999999999983e+00 1.629580000000000028e+00 1.742869999999999919e+00 1.871760000000000090e+00 2.013739999999999863e+00 2.164759999999999796e+00
1.008590000000000098e+00 1.100610000000000088e+00 1.227270000000000083e+00 1.364719999999999933e+00 1.499290000000000012e+00 1.629280000000000062e+00 1.761349999999999971e+00 1.906840000000000090e+00 2.070489999999999942e+00 2.247100000000000097e+00 2.431820000000000093e+00
1.006259999999999932e+00 1.012170000000000014e+00 1.019120000000000026e+00 1.026529999999999943e+00 1.033979999999999899e+00 1.041190000000000060e+00 1.047649999999999970e+00 1.053139999999999965e+00 1.057919999999999972e+00 1.062389999999999946e+00 1.066969999999999974e+00
1.006720000000000059e+00 1.028170000000000028e+00 1.054429999999999978e+00 1.082689999999999930e+00 1.112039999999999917e+00 1.140339999999999909e+00 1.165610000000000035e+00 1.190609999999999946e+00 1.218790000000000040e+00 1.250780000000000003e+00 1.286520000000000108e+00
1.006340000000000012e+00 1.015330000000000066e+00 1.026299999999999990e+00 1.037679999999999936e+00 1.048729999999999940e+00 1.058740000000000014e+00 1.066599999999999993e+00 1.072969999999999979e+00 1.079660000000000064e+00 1.087530000000000108e+00 1.097029999999999950e+00
1.006869999999999932e+00 1.032159999999999966e+00 1.063199999999999923e+00 1.097730000000000095e+00 1.134449999999999958e+00 1.170909999999999895e+00 1.204630000000000090e+00 1.237069999999999892e+00 1.270969999999999933e+00 1.308389999999999942e+00 1.349539999999999962e+00
