3.091569999999999929e+00 2.802039999999999864e+00 1.691410000000000080e+00 2.691069999999999851e+00 2.572769999999999779e+00 2.560470000000000024e+00 2.606660000000000199e+00 2.526159999999999961e+00 2.361400000000000166e+00 2.255650000000000155e+00 2.069550000000000001e+00
1.735910000000000064e+00 1.681640000000000024e+00 1.326170000000000071e+00 1.665739999999999998e+00 1.653100000000000014e+00 1.649370000000000003e+00 1.641380000000000061e+00 1.633059999999999956e+00 1.604090000000000016e+00 1.594489999999999963e+00 1.564610000000000056e+00
2.435869999999999980e+00 3.003429999999999822e+00 1.896320000000000006e+00 2.869600000000000151e+00 2.775999999999999801e+00 2.847789999999999822e+00 2.916830000000000034e+00 3.015610000000000124e+00 2.649270000000000014e+00 2.571369999999999933e+00 2.315770000000000106e+00
4.821970000000000312e+00 3.700419999999999821e+00 2.139029999999999987e+00 3.388939999999999841e+00 3.161560000000000148e+00 3.071390000000000065e+00 3.235700000000000021e+00 3.497419999999999973e+00 3.027519999999999989e+00 2.968140000000000001e+00 2.520469999999999988e+00
1.722750000000000004e+00 1.674160000000000093e+00 1.312599999999999989e+00 1.646150000000000002e+00 1.631939999999999946e+00 1.644249999999999989e+00 1.623550000000000049e+00 1.633310000000000040e+00 1.592200000000000060e+00 1.591520000000000046e+00 1.550470000000000015e+00
4.272160000000000402e+00 2.695349999999999913e+00 2.517539999999999889e+00 3.404129999999999878e+00 3.191660000000000164e+00 3.094019999999999992e+00 3.211530000000000218e+00 3.311139999999999972e+00 2.910379999999999967e+00 2.847989999999999799e+00 2.538710000000000022e+00
4.354449999999999932e+00 4.023069999999999702e+00 2.939410000000000078e+00 4.592850000000000321e+00 3.821460000000000079e+00 4.343270000000000408e+00 4.114499999999999602e+00 2.305239999999999956e+00 2.283549999999999969e+00 2.056070000000000064e+00 3.155569999999999986e+00
3.922140000000000182e+00 3.491220000000000212e+00 2.182650000000000201e+00 3.383410000000000029e+00 2.470330000000000137e+00 2.396869999999999834e+00 3.403979999999999784e+00 3.413800000000000168e+00 3.050050000000000150e+00 2.997809999999999864e+00 2.646040000000000170e+00
1.994289999999999896e+00 1.903510000000000035e+00 1.138300000000000090e+00 1.851930000000000076e+00 1.840680000000000094e+00 1.841970000000000107e+00 1.810489999999999933e+00 1.817239999999999966e+00 1.740869999999999918e+00 1.715470000000000050e+00 1.651860000000000106e+00
6.171750000000000291e+00 4.886879999999999669e+00 3.124800000000000022e+00 5.034639999999999560e+00 4.203809999999999825e+00 4.419950000000000045e+00 2.870260000000000034e+00 4.777960000000000207e+00 4.032680000000000042e+00 4.020920000000000272e+00 3.250379999999999825e+00
2.474540000000000184e+00 3.389679999999999804e+00 1.857089999999999907e+00 3.056179999999999897e+00 2.800800000000000178e+00 2.811119999999999841e+00 3.037059999999999871e+00 3.031289999999999818e+00 2.685249999999999915e+00 2.624810000000000088e+00 2.356219999999999981e+00
4.350710000000000299e+00 3.007270000000000110e+00 1.831520000000000037e+00 2.767380000000000173e+00 2.787520000000000220e+00 2.858449999999999935e+00 2.731079999999999952e+00 2.867830000000000101e+00 2.603139999999999787e+00 2.462000000000000188e+00 2.220880000000000187e+00
2.570040000000000102e+00 2.471150000000000180e+00 1.660709999999999908e+00 2.370179999999999954e+00 2.327770000000000117e+00 2.320089999999999986e+00 2.359410000000000007e+00 2.400700000000000056e+00 2.194430000000000103e+00 2.115289999999999893e+00 1.959549999999999903e+00
4.903780000000000250e+00 4.270150000000000112e+00 3.000970000000000137e+00 4.273550000000000182e+00 3.530019999999999936e+00 3.755170000000000119e+00 3.856640000000000068e+00 2.140330000000000066e+00 3.482439999999999980e+00 3.396450000000000191e+00 2.962709999999999955e+00
1.683840000000000003e+00 1.624670000000000059e+00 1.292729999999999935e+00 1.611869999999999914e+00 1.599769999999999914e+00 1.616810000000000080e+00 1.596519999999999939e+00 1.605199999999999960e+00 1.573029999999999928e+00 1.571630000000000082e+00 1.536610000000000031e+00
3.676099999999999923e+00 2.826610000000000067e+00 1.758140000000000036e+00 2.572020000000000195e+00 2.519060000000000077e+00 2.697130000000000027e+00 2.547979999999999912e+00 2.792469999999999786e+00 2.527000000000000135e+00 2.418470000000000120e+00 2.171180000000000110e+00
3.195289999999999964e+00 2.974070000000000213e+00 1.777840000000000087e+00 2.804359999999999964e+00 2.677200000000000024e+00 2.675720000000000098e+00 2.779110000000000191e+00 2.792590000000000128e+00 2.491470000000000073e+00 2.418359999999999843e+00 2.187380000000000102e+00
2.559019999999999850e+00 2.379410000000000025e+00 1.584300000000000042e+00 2.294179999999999886e+00 2.253610000000000113e+00 2.269629999999999814e+00 2.200140000000000207e+00 2.235819999999999919e+00 2.054739999999999789e+00 1.995489999999999986e+00 1.885510000000000019e+00
3.529339999999999922e+00 2.894280000000000186e+00 2.058289999999999953e+00 3.107940000000000147e+00 7.083070000000000199e+00 2.839230000000000143e+00 2.920479999999999965e+00 2.940640000000000143e+00 2.546759999999999913e+00 2.523060000000000080e+00 2.279780000000000140e+00
5.113430000000000142e+00 3.496430000000000149e+00 2.158840000000000092e+00 2.702030000000000154e+00 3.390890000000000182e+00 3.340209999999999901e+00 3.345950000000000202e+00 3.482229999999999936e+00 3.112159999999999815e+00 2.968539999999999957e+00 2.603800000000000114e+00
3.086580000000000101e+00 3.014349999999999863e+00 1.919680000000000053e+00 3.017749999999999932e+00 2.867929999999999868e+00 3.029370000000000118e+00 2.902699999999999836e+00 3.071379999999999999e+00 2.734090000000000131e+00 2.637270000000000003e+00 2.323669999999999902e+00
1.917329999999999979e+00 1.802880000000000038e+00 1.394079999999999986e+00 1.775050000000000017e+00 1.753449999999999953e+00 1.767039999999999944e+00 1.734680000000000000e+00 1.735379999999999923e+00 1.688620000000000010e+00 1.664649999999999963e+00 1.617879999999999985e+00
3.905899999999999928e+00 3.400679999999999925e+00 2.572630000000000194e+00 3.154469999999999885e+00 2.848390000000000200e+00 4.002200000000000202e+00 2.479979999999999851e+00 4.157930000000000348e+00 3.559670000000000112e+00 3.519550000000000178e+00 3.021780000000000133e+00
3.087489999999999846e+00 2.674840000000000106e+00 1.725770000000000026e+00 2.093809999999999949e+00 2.519509999999999916e+00 2.672180000000000000e+00 2.718469999999999942e+00 2.793569999999999887e+00 2.483820000000000139e+00 2.401149999999999896e+00 2.124089999999999812e+00
1.802689999999999904e+00 1.760219999999999896e+00 1.353239999999999998e+00 1.722250000000000059e+00 1.708809999999999940e+00 1.708509999999999973e+00 1.685449999999999893e+00 1.681289999999999951e+00 1.642670000000000075e+00 1.630470000000000086e+00 1.589429999999999898e+00
5.459710000000000285e+00 4.439840000000000231e+00 2.701849999999999863e+00 4.471720000000000361e+00 3.667380000000000084e+00 4.021060000000000301e+00 4.339430000000000121e+00 4.421809999999999796e+00 2.248670000000000169e+00 2.042390000000000150e+00 3.205880000000000063e+00
3.956179999999999808e+00 3.779209999999999958e+00 2.899379999999999846e+00 4.162480000000000402e+00 4.454030000000000378e+00 3.217509999999999870e+00 4.380959999999999965e+00 4.845130000000000159e+00 4.001450000000000173e+00 4.016650000000000276e+00 3.228800000000000114e+00
5.080980000000000274e+00 4.825040000000000440e+00 4.520480000000000054e+00 5.537740000000000329e+00 4.127010000000000289e+00 4.638169999999999682e+00 5.249480000000000146e+00 5.676919999999999966e+00 4.723760000000000403e+00 4.758259999999999934e+00 2.350530000000000008e+00
3.529819999999999958e+00 2.507589999999999986e+00 1.972920000000000007e+00 3.280819999999999848e+00 2.945040000000000102e+00 3.069850000000000190e+00 3.191930000000000156e+00 3.128159999999999830e+00 2.808209999999999873e+00 2.753239999999999910e+00 2.440640000000000143e+00
4.733340000000000103e+00 3.709680000000000089e+00 2.792569999999999997e+00 2.881619999999999848e+00 3.436869999999999870e+00 3.317839999999999900e+00 3.485459999999999781e+00 3.609599999999999920e+00 3.222599999999999909e+00 3.121950000000000003e+00 2.671190000000000175e+00
1.733950000000000102e+00 1.687640000000000029e+00 1.322889999999999899e+00 1.665659999999999918e+00 1.652290000000000036e+00 1.649610000000000021e+00 1.642959999999999976e+00 1.626829999999999998e+00 1.597150000000000070e+00 1.587560000000000082e+00 1.562510000000000066e+00
3.157890000000000086e+00 2.700950000000000184e+00 1.646479999999999944e+00 2.606100000000000083e+00 2.471359999999999779e+00 2.482619999999999827e+00 2.567590000000000039e+00 2.528529999999999944e+00 2.355269999999999975e+00 2.259110000000000174e+00 2.054840000000000000e+00
1.804920000000000080e+00 1.717519999999999936e+00 1.377259999999999929e+00 1.759309999999999929e+00 1.728520000000000056e+00 1.745640000000000081e+00 1.698769999999999891e+00 1.695000000000000062e+00 1.653049999999999908e+00 1.629289999999999905e+00 1.586829999999999963e+00
2.836219999999999963e+00 2.540880000000000027e+00 1.743519999999999959e+00 2.612220000000000208e+00 2.474740000000000162e+00 2.543610000000000149e+00 2.508370000000000211e+00 2.541139999999999954e+00 2.321680000000000188e+00 2.217960000000000154e+00 2.036490000000000133e+00
2.280769999999999964e+00 3.308800000000000185e+00 1.894600000000000062e+00 2.962509999999999977e+00 2.930969999999999853e+00 2.695050000000000168e+00 2.572909999999999808e+00 3.003499999999999837e+00 2.409289999999999932e+00 2.612379999999999924e+00 2.187600000000000211e+00
2.002139999999999809e+00 2.002429999999999932e+00 1.194260000000000099e+00 1.900740000000000096e+00 1.857620000000000049e+00 1.914169999999999927e+00 1.880670000000000064e+00 1.862309999999999910e+00 1.789050000000000029e+00 1.742280000000000051e+00 1.698909999999999920e+00
3.442520000000000024e+00 3.108470000000000066e+00 1.918160000000000087e+00 3.304800000000000182e+00 2.871269999999999989e+00 2.609929999999999861e+00 2.803729999999999833e+00 3.122739999999999849e+00 2.698539999999999939e+00 2.626780000000000115e+00 2.275069999999999926e+00
2.573119999999999852e+00 3.345779999999999976e+00 2.137659999999999894e+00 3.210700000000000109e+00 2.307939999999999880e+00 3.263819999999999943e+00 3.169309999999999850e+00 3.660079999999999778e+00 2.893110000000000070e+00 2.978320000000000078e+00 2.493290000000000006e+00
2.067210000000000214e+00 2.009380000000000166e+00 1.491619999999999946e+00 1.925259999999999971e+00 1.862400000000000055e+00 1.892579999999999929e+00 1.835590000000000055e+00 1.886579999999999924e+00 1.783740000000000103e+00 1.769630000000000036e+00 1.689419999999999922e+00
3.385120000000000129e+00 3.254389999999999894e+00 2.003989999999999938e+00 3.087889999999999802e+00 2.633239999999999803e+00 2.985079999999999956e+00 2.920539999999999914e+00 3.323269999999999946e+00 2.839620000000000033e+00 2.803279999999999994e+00 2.416459999999999830e+00
7.379719999999999835e+00 5.755230000000000068e+00 5.726110000000000255e+00 5.277459999999999596e+00 6.281390000000000029e+00 6.013419999999999987e+00 3.824539999999999829e+00 7.833249999999999602e+00 3.135740000000000194e+00 5.814560000000000173e+00 2.585409999999999986e+00
5.012470000000000425e+00 5.930119999999999614e+00 2.801639999999999908e+00 4.137410000000000032e+00 3.109760000000000080e+00 3.229119999999999990e+00 2.511109999999999953e+00 4.275730000000000253e+00 3.249400000000000066e+00 3.678040000000000198e+00 2.945160000000000000e+00
1.813039999999999985e+00 1.764270000000000005e+00 1.361520000000000064e+00 1.717510000000000092e+00 1.694649999999999990e+00 1.749090000000000034e+00 1.678909999999999902e+00 1.715279999999999916e+00 1.635480000000000045e+00 1.630759999999999987e+00 1.589539999999999953e+00
4.250939999999999941e+00 4.223329999999999806e+00 3.371239999999999792e+00 3.863399999999999945e+00 2.979610000000000092e+00 2.992280000000000051e+00 4.203369999999999607e+00 5.432559999999999611e+00 4.035090000000000288e+00 4.353650000000000020e+00 3.271549999999999958e+00
2.841390000000000082e+00 3.753060000000000063e+00 2.039359999999999840e+00 3.141739999999999977e+00 3.166119999999999823e+00 2.931639999999999802e+00 3.230820000000000025e+00 3.262020000000000142e+00 2.904319999999999791e+00 2.838919999999999888e+00 2.465259999999999785e+00
2.471600000000000019e+00 2.398169999999999913e+00 1.515290000000000026e+00 2.302239999999999842e+00 2.152519999999999989e+00 2.288800000000000168e+00 2.230700000000000127e+00 2.306529999999999969e+00 2.126300000000000079e+00 2.065869999999999873e+00 1.911310000000000064e+00
2.772980000000000000e+00 2.663139999999999841e+00 1.694909999999999917e+00 2.390379999999999949e+00 2.407360000000000166e+00 2.404760000000000009e+00 2.419810000000000016e+00 2.463960000000000150e+00 2.253649999999999931e+00 2.159450000000000092e+00 1.992550000000000043e+00
4.188839999999999897e+00 4.147739999999999760e+00 3.325089999999999879e+00 4.924409999999999954e+00 4.687039999999999651e+00 3.300969999999999960e+00 2.772009999999999863e+00 2.589030000000000165e+00 2.536900000000000155e+00 4.261790000000000411e+00 2.659640000000000004e+00
1.737679999999999891e+00 1.739279999999999937e+00 1.352549999999999919e+00 1.689759999999999929e+00 1.657739999999999991e+00 1.684099999999999930e+00 1.649380000000000068e+00 1.677969999999999962e+00 1.625990000000000046e+00 1.627000000000000002e+00 1.578699999999999992e+00
2.482909999999999950e+00 2.403239999999999821e+00 1.482809999999999961e+00 2.227619999999999933e+00 2.139409999999999812e+00 2.344840000000000035e+00 2.187100000000000044e+00 2.288580000000000059e+00 2.119829999999999881e+00 2.044659999999999922e+00 1.882619999999999960e+00
2.982940000000000147e+00 3.239749999999999908e+00 2.189579999999999860e+00 2.739059999999999828e+00 2.931560000000000166e+00 2.836419999999999941e+00 2.985040000000000138e+00 3.057440000000000158e+00 2.693299999999999805e+00 2.568130000000000024e+00 2.306059999999999999e+00
2.641570000000000196e+00 3.574339999999999851e+00 2.121340000000000003e+00 3.244600000000000151e+00 3.417330000000000201e+00 3.260829999999999895e+00 3.445460000000000189e+00 3.408409999999999940e+00 2.991280000000000161e+00 2.919960000000000111e+00 2.568130000000000024e+00
4.216779999999999973e+00 4.134199999999999875e+00 2.374820000000000153e+00 3.200990000000000002e+00 3.641869999999999941e+00 3.501770000000000049e+00 3.719520000000000159e+00 3.801089999999999858e+00 3.365839999999999943e+00 3.224110000000000031e+00 2.803529999999999855e+00
3.266539999999999999e+00 3.185169999999999835e+00 2.004649999999999821e+00 3.017009999999999970e+00 2.708180000000000032e+00 3.401530000000000165e+00 2.996560000000000112e+00 3.272829999999999906e+00 2.860599999999999810e+00 2.741519999999999957e+00 2.453250000000000153e+00
4.043829999999999814e+00 3.675539999999999807e+00 2.222939999999999916e+00 3.410820000000000185e+00 2.840120000000000200e+00 3.460399999999999920e+00 3.175990000000000091e+00 3.741999999999999993e+00 3.144140000000000157e+00 3.022800000000000153e+00 2.518530000000000157e+00
2.085059999999999913e+00 2.018609999999999793e+00 1.230029999999999957e+00 1.894139999999999935e+00 1.890290000000000026e+00 1.983780000000000099e+00 1.897440000000000015e+00 1.918879999999999919e+00 1.819579999999999975e+00 1.788680000000000048e+00 1.714699999999999891e+00
3.740000000000000213e+00 5.053950000000000387e+00 2.831459999999999866e+00 3.356559999999999988e+00 3.134049999999999780e+00 4.339579999999999771e+00 2.672390000000000043e+00 4.623730000000000118e+00 3.899869999999999948e+00 2.087680000000000202e+00 1.983510000000000106e+00
3.828619999999999912e+00 3.386050000000000004e+00 2.181179999999999897e+00 3.227110000000000145e+00 3.025630000000000042e+00 3.478610000000000202e+00 3.165379999999999860e+00 5.673549999999999649e+00 2.931919999999999860e+00 3.117179999999999840e+00 2.536129999999999995e+00
2.082689999999999930e+00 2.009819999999999940e+00 1.480509999999999993e+00 1.932269999999999932e+00 1.870919999999999916e+00 1.917799999999999949e+00 1.886670000000000069e+00 1.878919999999999924e+00 1.794869999999999965e+00 1.768769999999999953e+00 1.696909999999999918e+00
6.091739999999999711e+00 4.983050000000000423e+00 3.125789999999999846e+00 3.233460000000000001e+00 4.841050000000000075e+00 3.430320000000000036e+00 5.183119999999999727e+00 5.041820000000000412e+00 4.227820000000000356e+00 4.200389999999999624e+00 3.441870000000000207e+00
4.758200000000000429e+00 4.408940000000000303e+00 2.738030000000000186e+00 3.656449999999999978e+00 3.187590000000000146e+00 4.000840000000000174e+00 4.261899999999999800e+00 4.620190000000000019e+00 3.829180000000000028e+00 3.853029999999999955e+00 3.110279999999999934e+00
5.343460000000000321e+00 5.182010000000000005e+00 4.280910000000000437e+00 4.688839999999999897e+00 5.824830000000000396e+00 5.406419999999999781e+00 3.327949999999999964e+00 7.857009999999999827e+00 2.913959999999999884e+00 5.227579999999999671e+00 2.344939999999999802e+00
2.516099999999999781e+00 3.027610000000000134e+00 1.907899999999999929e+00 2.948360000000000092e+00 3.060639999999999805e+00 2.865270000000000206e+00 2.784730000000000150e+00 3.048900000000000166e+00 2.584569999999999812e+00 2.649430000000000174e+00 2.335719999999999796e+00
4.063880000000000159e+00 2.985749999999999904e+00 2.233969999999999789e+00 3.342099999999999849e+00 3.454480000000000217e+00 2.396020000000000039e+00 3.175980000000000025e+00 3.688880000000000159e+00 2.983579999999999899e+00 3.080960000000000143e+00 2.521959999999999980e+00
1.882479999999999931e+00 1.845380000000000020e+00 1.385329999999999950e+00 1.722790000000000044e+00 1.740350000000000064e+00 1.749390000000000001e+00 1.756809999999999983e+00 1.711119999999999974e+00 1.678320000000000034e+00 1.639850000000000030e+00 1.616479999999999917e+00
2.416850000000000165e+00 2.353279999999999816e+00 1.448890000000000011e+00 2.264889999999999848e+00 2.188050000000000050e+00 2.189299999999999802e+00 2.073100000000000165e+00 2.157010000000000094e+00 2.009939999999999838e+00 1.984099999999999975e+00 1.913170000000000037e+00
1.840880000000000072e+00 1.799530000000000074e+00 1.390400000000000080e+00 1.765770000000000062e+00 1.755659999999999998e+00 1.736560000000000104e+00 1.684239999999999959e+00 1.709859999999999935e+00 1.644479999999999942e+00 1.633080000000000087e+00 1.605839999999999934e+00
2.882870000000000044e+00 3.088699999999999779e+00 2.065220000000000056e+00 2.764909999999999979e+00 2.742989999999999817e+00 2.715749999999999886e+00 2.702690000000000037e+00 2.852850000000000108e+00 2.540239999999999831e+00 2.437980000000000036e+00 2.205020000000000202e+00
