2.101570000000000160e+00 2.016309999999999825e+00 1.932439999999999936e+00 1.850039999999999907e+00 1.769090000000000051e+00 1.689370000000000038e+00 1.610659999999999981e+00 1.532629999999999937e+00 1.455140000000000100e+00 1.378249999999999975e+00 1.302400000000000002e+00 1.228699999999999903e+00 1.159980000000000011e+00 1.101669999999999927e+00 1.058170000000000055e+00 1.028459999999999930e+00
1.376970000000000027e+00 1.347339999999999982e+00 1.318419999999999925e+00 1.290159999999999973e+00 1.262469999999999981e+00 1.235200000000000076e+00 1.208339999999999970e+00 1.181980000000000031e+00 1.156369999999999898e+00 1.131899999999999906e+00 1.108950000000000102e+00 1.087830000000000075e+00 1.068619999999999903e+00 1.051430000000000087e+00 1.037190000000000056e+00 1.026219999999999910e+00
2.351640000000000175e+00 2.249439999999999884e+00 2.148699999999999832e+00 2.049459999999999837e+00 1.951629999999999976e+00 1.854980000000000073e+00 1.759109999999999951e+00 1.663620000000000099e+00 1.568189999999999973e+00 1.472820000000000018e+00 1.377869999999999928e+00 1.284249999999999892e+00 1.194590000000000041e+00 1.116770000000000040e+00 1.060370000000000035e+00 1.023859999999999992e+00
1.790440000000000031e+00 1.728320000000000078e+00 1.667350000000000110e+00 1.607560000000000100e+00 1.548929999999999918e+00 1.491340000000000110e+00 1.434520000000000017e+00 1.378249999999999975e+00 1.322480000000000100e+00 1.267500000000000071e+00 1.214020000000000099e+00 1.163229999999999986e+00 1.117019999999999902e+00 1.077080000000000037e+00 1.045460000000000056e+00 1.023360000000000047e+00
1.107720000000000038e+00 1.100980000000000070e+00 1.094519999999999937e+00 1.088310000000000111e+00 1.082310000000000105e+00 1.076449999999999907e+00 1.070689999999999920e+00 1.065039999999999987e+00 1.059479999999999977e+00 1.054019999999999957e+00 1.048680000000000057e+00 1.043509999999999938e+00 1.038540000000000019e+00 1.033900000000000041e+00 1.029740000000000100e+00 1.026119999999999921e+00
2.257660000000000000e+00 2.160890000000000200e+00 2.065630000000000077e+00 1.971970000000000001e+00 1.879890000000000061e+00 1.789169999999999927e+00 1.699400000000000022e+00 1.610239999999999894e+00 1.521579999999999933e+00 1.433540000000000036e+00 1.346500000000000030e+00 1.261390000000000011e+00 1.180670000000000108e+00 1.110789999999999944e+00 1.058440000000000047e+00 1.023490000000000011e+00
4.057680000000000398e+00 3.827749999999999986e+00 3.600490000000000190e+00 3.376279999999999948e+00 3.155390000000000139e+00 2.937870000000000203e+00 2.723469999999999835e+00 2.511559999999999793e+00 2.301449999999999996e+00 2.092620000000000147e+00 1.884919999999999929e+00 1.678420000000000023e+00 1.473740000000000050e+00 1.276820000000000066e+00 1.119909999999999961e+00 1.026820000000000066e+00
2.613729999999999887e+00 2.489320000000000199e+00 2.366740000000000066e+00 2.246160000000000156e+00 2.127609999999999779e+00 2.010949999999999793e+00 1.895790000000000086e+00 1.781770000000000076e+00 1.668590000000000018e+00 1.556200000000000028e+00 1.444830000000000059e+00 1.335159999999999902e+00 1.229570000000000052e+00 1.137129999999999974e+00 1.069120000000000070e+00 1.024189999999999934e+00
1.509449999999999958e+00 1.468229999999999924e+00 1.427899999999999947e+00 1.388460000000000027e+00 1.349849999999999994e+00 1.311949999999999950e+00 1.274589999999999890e+00 1.237740000000000062e+00 1.201549999999999896e+00 1.166520000000000001e+00 1.133410000000000029e+00 1.103129999999999944e+00 1.076310000000000100e+00 1.053209999999999980e+00 1.034440000000000026e+00 1.020280000000000076e+00
3.310690000000000133e+00 3.135240000000000027e+00 2.962260000000000115e+00 2.791970000000000063e+00 2.624559999999999782e+00 2.460039999999999782e+00 2.298029999999999795e+00 2.137950000000000017e+00 1.979200000000000070e+00 1.821550000000000002e+00 1.665040000000000076e+00 1.509989999999999943e+00 1.357490000000000085e+00 1.213270000000000071e+00 1.099699999999999900e+00 1.029479999999999951e+00
2.062100000000000044e+00 1.979559999999999986e+00 1.898519999999999985e+00 1.818959999999999910e+00 1.740709999999999980e+00 1.663489999999999913e+00 1.586920000000000108e+00 1.510750000000000037e+00 1.434940000000000104e+00 1.359809999999999963e+00 1.286210000000000075e+00 1.215859999999999941e+00 1.151810000000000000e+00 1.097560000000000091e+00 1.055849999999999955e+00 1.025609999999999911e+00
1.210059999999999913e+00 1.192620000000000013e+00 1.175820000000000087e+00 1.159669999999999979e+00 1.144139999999999935e+00 1.129210000000000047e+00 1.114859999999999962e+00 1.101140000000000008e+00 1.088090000000000002e+00 1.075800000000000090e+00 1.064289999999999958e+00 1.053509999999999946e+00 1.043439999999999923e+00 1.034149999999999903e+00 1.026119999999999921e+00 1.019830000000000014e+00
1.566940000000000000e+00 1.521919999999999940e+00 1.477850000000000108e+00 1.434609999999999941e+00 1.392079999999999984e+00 1.350090000000000012e+00 1.308519999999999905e+00 1.267400000000000082e+00 1.227030000000000065e+00 1.187969999999999970e+00 1.151040000000000063e+00 1.117159999999999931e+00 1.087069999999999981e+00 1.061160000000000103e+00 1.040019999999999945e+00 1.023519999999999985e+00
2.816460000000000186e+00 2.676109999999999989e+00 2.537889999999999979e+00 2.401990000000000069e+00 2.268499999999999961e+00 2.137309999999999821e+00 2.008070000000000022e+00 1.880349999999999966e+00 1.753800000000000026e+00 1.628209999999999935e+00 1.503700000000000037e+00 1.380810000000000093e+00 1.261689999999999978e+00 1.155790000000000095e+00 1.076989999999999892e+00 1.025020000000000042e+00
1.067029999999999923e+00 1.063849999999999962e+00 1.060769999999999991e+00 1.057770000000000099e+00 1.054840000000000000e+00 1.051940000000000097e+00 1.049050000000000038e+00 1.046189999999999953e+00 1.043339999999999934e+00 1.040510000000000046e+00 1.037730000000000041e+00 1.034999999999999920e+00 1.032340000000000035e+00 1.029809999999999892e+00 1.027519999999999989e+00 1.025500000000000078e+00
1.504930000000000101e+00 1.464269999999999960e+00 1.424569999999999892e+00 1.385769999999999946e+00 1.347800000000000109e+00 1.310489999999999933e+00 1.273700000000000054e+00 1.237500000000000044e+00 1.202069999999999972e+00 1.167890000000000095e+00 1.135729999999999906e+00 1.106389999999999985e+00 1.080359999999999987e+00 1.057690000000000019e+00 1.039120000000000044e+00 1.024739999999999984e+00
1.805320000000000036e+00 1.742040000000000033e+00 1.679969999999999963e+00 1.619099999999999984e+00 1.559299999999999908e+00 1.500340000000000007e+00 1.441990000000000105e+00 1.384069999999999911e+00 1.326589999999999936e+00 1.269919999999999938e+00 1.214930000000000065e+00 1.163300000000000001e+00 1.117359999999999909e+00 1.078789999999999916e+00 1.048629999999999951e+00 1.026429999999999954e+00
1.528159999999999963e+00 1.485989999999999922e+00 1.444660000000000055e+00 1.404120000000000035e+00 1.364260000000000028e+00 1.324950000000000072e+00 1.286040000000000072e+00 1.247509999999999897e+00 1.209580000000000100e+00 1.172749999999999959e+00 1.137909999999999977e+00 1.106119999999999992e+00 1.078289999999999971e+00 1.054699999999999971e+00 1.035879999999999912e+00 1.021439999999999904e+00
1.684739999999999904e+00 1.630270000000000108e+00 1.576899999999999968e+00 1.524610000000000021e+00 1.473289999999999988e+00 1.422730000000000050e+00 1.372730000000000006e+00 1.323199999999999932e+00 1.274259999999999948e+00 1.226329999999999920e+00 1.180369999999999919e+00 1.137890000000000068e+00 1.100489999999999968e+00 1.068950000000000067e+00 1.043840000000000101e+00 1.024629999999999930e+00
1.345800000000000107e+00 1.317530000000000090e+00 1.290040000000000076e+00 1.263319999999999999e+00 1.237330000000000041e+00 1.212020000000000097e+00 1.187319999999999931e+00 1.163300000000000001e+00 1.140179999999999971e+00 1.118290000000000006e+00 1.098019999999999996e+00 1.079429999999999890e+00 1.062550000000000106e+00 1.047360000000000069e+00 1.034450000000000092e+00 1.024499999999999966e+00
1.871699999999999919e+00 1.803250000000000020e+00 1.736050000000000093e+00 1.670120000000000049e+00 1.605369999999999964e+00 1.541649999999999965e+00 1.478679999999999994e+00 1.416239999999999943e+00 1.354249999999999954e+00 1.292990000000000084e+00 1.233340000000000103e+00 1.176879999999999926e+00 1.125920000000000032e+00 1.082589999999999941e+00 1.048659999999999926e+00 1.024450000000000083e+00
1.422539999999999916e+00 1.388339999999999907e+00 1.354989999999999917e+00 1.322459999999999969e+00 1.290659999999999918e+00 1.259509999999999907e+00 1.228890000000000038e+00 1.198900000000000077e+00 1.169780000000000042e+00 1.142020000000000035e+00 1.116100000000000092e+00 1.092419999999999947e+00 1.071139999999999981e+00 1.052359999999999962e+00 1.036750000000000060e+00 1.024489999999999901e+00
2.748709999999999987e+00 2.615270000000000206e+00 2.483890000000000153e+00 2.354709999999999859e+00 2.227710000000000079e+00 2.102669999999999817e+00 1.979190000000000005e+00 1.856689999999999952e+00 1.734709999999999974e+00 1.613089999999999913e+00 1.492189999999999905e+00 1.372949999999999893e+00 1.257910000000000084e+00 1.154930000000000012e+00 1.077939999999999898e+00 1.027330000000000076e+00
2.082190000000000207e+00 1.998199999999999976e+00 1.915669999999999984e+00 1.834629999999999983e+00 1.755030000000000090e+00 1.676719999999999988e+00 1.599320000000000075e+00 1.522480000000000055e+00 1.445999999999999952e+00 1.370079999999999965e+00 1.295390000000000041e+00 1.223389999999999977e+00 1.156740000000000101e+00 1.099099999999999966e+00 1.054499999999999993e+00 1.023819999999999952e+00
1.202309999999999990e+00 1.186280000000000001e+00 1.170779999999999932e+00 1.155799999999999939e+00 1.141299999999999981e+00 1.127240000000000020e+00 1.113620000000000054e+00 1.100500000000000034e+00 1.087960000000000038e+00 1.076079999999999925e+00 1.064899999999999958e+00 1.054440000000000044e+00 1.044720000000000093e+00 1.035770000000000080e+00 1.028000000000000025e+00 1.021709999999999896e+00
3.188899999999999846e+00 3.021570000000000089e+00 2.856910000000000061e+00 2.695069999999999855e+00 2.536029999999999784e+00 2.379599999999999937e+00 2.225280000000000147e+00 2.072439999999999838e+00 1.920469999999999899e+00 1.769090000000000051e+00 1.618389999999999995e+00 1.469130000000000047e+00 1.323779999999999957e+00 1.191619999999999902e+00 1.091180000000000039e+00 1.025719999999999965e+00
3.449089999999999989e+00 3.260269999999999779e+00 3.074650000000000105e+00 2.892500000000000071e+00 2.713870000000000005e+00 2.538619999999999877e+00 2.366229999999999833e+00 2.196050000000000058e+00 2.027429999999999843e+00 1.860020000000000007e+00 1.693850000000000078e+00 1.529430000000000067e+00 1.368479999999999919e+00 1.219039999999999901e+00 1.102950000000000097e+00 1.026569999999999983e+00
4.150719999999999743e+00 3.911369999999999791e+00 3.675069999999999837e+00 3.442180000000000017e+00 3.212969999999999882e+00 2.987600000000000033e+00 2.765839999999999854e+00 2.547140000000000182e+00 2.330820000000000114e+00 2.116429999999999811e+00 1.903950000000000031e+00 1.693689999999999918e+00 1.486639999999999961e+00 1.287940000000000085e+00 1.126829999999999998e+00 1.028350000000000097e+00
2.428780000000000161e+00 2.317099999999999937e+00 2.207359999999999989e+00 2.099680000000000213e+00 1.994050000000000100e+00 1.890279999999999960e+00 1.788040000000000074e+00 1.686879999999999935e+00 1.586449999999999916e+00 1.486650000000000027e+00 1.387850000000000028e+00 1.291039999999999965e+00 1.199340000000000073e+00 1.120419999999999972e+00 1.061169999999999947e+00 1.020380000000000065e+00
2.878579999999999917e+00 2.734410000000000007e+00 2.592400000000000038e+00 2.452760000000000051e+00 2.315609999999999946e+00 2.180880000000000152e+00 2.048189999999999955e+00 1.917000000000000037e+00 1.786780000000000035e+00 1.657289999999999930e+00 1.528739999999999988e+00 1.401880000000000015e+00 1.279069999999999929e+00 1.168520000000000003e+00 1.084799999999999986e+00 1.029870000000000063e+00
1.286059999999999981e+00 1.263689999999999980e+00 1.241950000000000109e+00 1.220750000000000002e+00 1.200020000000000087e+00 1.179710000000000036e+00 1.159799999999999942e+00 1.140409999999999924e+00 1.121709999999999985e+00 1.103890000000000038e+00 1.087169999999999970e+00 1.071690000000000031e+00 1.057569999999999899e+00 1.044969999999999954e+00 1.034450000000000092e+00 1.026140000000000052e+00
1.487179999999999946e+00 1.447759999999999936e+00 1.409249999999999892e+00 1.371639999999999970e+00 1.334859999999999935e+00 1.298759999999999915e+00 1.263249999999999984e+00 1.228310000000000013e+00 1.194139999999999979e+00 1.161140000000000061e+00 1.129920000000000035e+00 1.101269999999999971e+00 1.075660000000000061e+00 1.053609999999999935e+00 1.036089999999999955e+00 1.022750000000000048e+00
1.260829999999999895e+00 1.239950000000000108e+00 1.219749999999999890e+00 1.200250000000000039e+00 1.181370000000000031e+00 1.163049999999999917e+00 1.145229999999999970e+00 1.127950000000000008e+00 1.111329999999999929e+00 1.095509999999999984e+00 1.080580000000000096e+00 1.066619999999999902e+00 1.053649999999999975e+00 1.041989999999999972e+00 1.032429999999999959e+00 1.025120000000000031e+00
1.579569999999999919e+00 1.533050000000000024e+00 1.487510000000000110e+00 1.442900000000000071e+00 1.399140000000000050e+00 1.356039999999999912e+00 1.313469999999999915e+00 1.271369999999999889e+00 1.229910000000000059e+00 1.189599999999999991e+00 1.151380000000000070e+00 1.116549999999999931e+00 1.086079999999999934e+00 1.060089999999999977e+00 1.039060000000000095e+00 1.022780000000000022e+00
1.371950000000000003e+00 1.341590000000000060e+00 1.312049999999999939e+00 1.283300000000000107e+00 1.255300000000000082e+00 1.227929999999999966e+00 1.201119999999999965e+00 1.174900000000000055e+00 1.149410000000000043e+00 1.124970000000000026e+00 1.102020000000000000e+00 1.080940000000000012e+00 1.061890000000000001e+00 1.045069999999999943e+00 1.031530000000000058e+00 1.021460000000000035e+00
1.274070000000000036e+00 1.251829999999999998e+00 1.230269999999999975e+00 1.209379999999999900e+00 1.189079999999999915e+00 1.169319999999999915e+00 1.150069999999999926e+00 1.131320000000000103e+00 1.113199999999999967e+00 1.095920000000000005e+00 1.079669999999999908e+00 1.064559999999999951e+00 1.050599999999999978e+00 1.037779999999999925e+00 1.027099999999999902e+00 1.019239999999999924e+00
2.464379999999999793e+00 2.352510000000000101e+00 2.242319999999999869e+00 2.133910000000000196e+00 2.027280000000000193e+00 1.922239999999999949e+00 1.818380000000000107e+00 1.715170000000000083e+00 1.612209999999999921e+00 1.509400000000000075e+00 1.407030000000000003e+00 1.306040000000000090e+00 1.209060000000000024e+00 1.124339999999999895e+00 1.062599999999999989e+00 1.022650000000000059e+00
1.599110000000000031e+00 1.551320000000000032e+00 1.504559999999999897e+00 1.458830000000000071e+00 1.414080000000000004e+00 1.370100000000000096e+00 1.326710000000000056e+00 1.283789999999999987e+00 1.241370000000000084e+00 1.199889999999999901e+00 1.160090000000000066e+00 1.123099999999999987e+00 1.090030000000000054e+00 1.061379999999999990e+00 1.038180000000000103e+00 1.021600000000000064e+00
1.055080000000000018e+00 1.052789999999999893e+00 1.050570000000000004e+00 1.048389999999999933e+00 1.046240000000000059e+00 1.044089999999999963e+00 1.041930000000000023e+00 1.039760000000000018e+00 1.037579999999999947e+00 1.035390000000000033e+00 1.033220000000000027e+00 1.031069999999999931e+00 1.028950000000000031e+00 1.026920000000000055e+00 1.025050000000000017e+00 1.023360000000000047e+00
1.907100000000000017e+00 1.837320000000000064e+00 1.768890000000000073e+00 1.701850000000000085e+00 1.636139999999999928e+00 1.571490000000000054e+00 1.507470000000000088e+00 1.443780000000000063e+00 1.380270000000000108e+00 1.317180000000000017e+00 1.254960000000000075e+00 1.194709999999999939e+00 1.138700000000000045e+00 1.090209999999999901e+00 1.052689999999999904e+00 1.027030000000000109e+00
4.084299999999999820e+00 3.851529999999999898e+00 3.621620000000000061e+00 3.394979999999999887e+00 3.171829999999999927e+00 2.952259999999999884e+00 2.736009999999999831e+00 2.522600000000000176e+00 2.311269999999999936e+00 2.101389999999999869e+00 1.892630000000000035e+00 1.684849999999999959e+00 1.478180000000000049e+00 1.277870000000000061e+00 1.119329999999999936e+00 1.025430000000000064e+00
2.512649999999999828e+00 2.396409999999999929e+00 2.282000000000000028e+00 2.169550000000000090e+00 2.059060000000000112e+00 1.950360000000000094e+00 1.842989999999999906e+00 1.736490000000000089e+00 1.630509999999999904e+00 1.524960000000000093e+00 1.420150000000000023e+00 1.316940000000000000e+00 1.217759999999999954e+00 1.130160000000000053e+00 1.064959999999999907e+00 1.022229999999999972e+00
1.149170000000000025e+00 1.137380000000000058e+00 1.126139999999999919e+00 1.115450000000000053e+00 1.105269999999999975e+00 1.095509999999999984e+00 1.086090000000000000e+00 1.076950000000000074e+00 1.068100000000000049e+00 1.059560000000000057e+00 1.051350000000000007e+00 1.043500000000000094e+00 1.036010000000000097e+00 1.028990000000000071e+00 1.022939999999999960e+00 1.018310000000000048e+00
3.424040000000000195e+00 3.238189999999999902e+00 3.054980000000000029e+00 2.874730000000000008e+00 2.697649999999999881e+00 2.523740000000000094e+00 2.352660000000000196e+00 2.183920000000000083e+00 2.016919999999999824e+00 1.851399999999999935e+00 1.687389999999999946e+00 1.525360000000000049e+00 1.366700000000000026e+00 1.217090000000000005e+00 1.099900000000000100e+00 1.026950000000000029e+00
1.819849999999999968e+00 1.754639999999999977e+00 1.690679999999999961e+00 1.627899999999999903e+00 1.566179999999999906e+00 1.505319999999999991e+00 1.445070000000000077e+00 1.385359999999999925e+00 1.326230000000000020e+00 1.268110000000000070e+00 1.211889999999999912e+00 1.159550000000000081e+00 1.113680000000000003e+00 1.075819999999999999e+00 1.046110000000000095e+00 1.023239999999999927e+00
1.079010000000000025e+00 1.074189999999999978e+00 1.069630000000000081e+00 1.065290000000000070e+00 1.061120000000000063e+00 1.057029999999999914e+00 1.052980000000000027e+00 1.048929999999999918e+00 1.044890000000000096e+00 1.040859999999999896e+00 1.036880000000000024e+00 1.032969999999999944e+00 1.029190000000000049e+00 1.025600000000000067e+00 1.022410000000000041e+00 1.019789999999999974e+00
1.559039999999999981e+00 1.515039999999999942e+00 1.471989999999999910e+00 1.429810000000000025e+00 1.388360000000000039e+00 1.347480000000000011e+00 1.306999999999999940e+00 1.266850000000000032e+00 1.227219999999999978e+00 1.188609999999999944e+00 1.151839999999999975e+00 1.117949999999999999e+00 1.087800000000000100e+00 1.061669999999999892e+00 1.040440000000000031e+00 1.024540000000000006e+00
2.967859999999999943e+00 2.816840000000000011e+00 2.668079999999999785e+00 2.521819999999999951e+00 2.378190000000000026e+00 2.237119999999999997e+00 2.098180000000000156e+00 1.960869999999999891e+00 1.824650000000000105e+00 1.689249999999999918e+00 1.554789999999999894e+00 1.421810000000000018e+00 1.292059999999999986e+00 1.173699999999999966e+00 1.084279999999999911e+00 1.027279999999999971e+00
1.085690000000000044e+00 1.080880000000000063e+00 1.076270000000000060e+00 1.071819999999999995e+00 1.067490000000000050e+00 1.063209999999999988e+00 1.058939999999999992e+00 1.054680000000000062e+00 1.050429999999999975e+00 1.046210000000000084e+00 1.042040000000000077e+00 1.037940000000000085e+00 1.033949999999999925e+00 1.030159999999999965e+00 1.026769999999999960e+00 1.023840000000000083e+00
1.179929999999999923e+00 1.166039999999999965e+00 1.152709999999999901e+00 1.139930000000000110e+00 1.127639999999999976e+00 1.115779999999999994e+00 1.104270000000000085e+00 1.093120000000000092e+00 1.082370000000000054e+00 1.072049999999999947e+00 1.062230000000000008e+00 1.052910000000000013e+00 1.044130000000000003e+00 1.035989999999999966e+00 1.029020000000000046e+00 1.023530000000000051e+00
1.684960000000000013e+00 1.630810000000000093e+00 1.577760000000000051e+00 1.525789999999999980e+00 1.474830000000000085e+00 1.424670000000000103e+00 1.375070000000000014e+00 1.325860000000000039e+00 1.277109999999999967e+00 1.229179999999999939e+00 1.182849999999999957e+00 1.139659999999999895e+00 1.101269999999999971e+00 1.068650000000000100e+00 1.043069999999999942e+00 1.024699999999999944e+00
1.905180000000000096e+00 1.833450000000000024e+00 1.763030000000000097e+00 1.693929999999999936e+00 1.625990000000000046e+00 1.559039999999999981e+00 1.492779999999999996e+00 1.427049999999999930e+00 1.361839999999999939e+00 1.297479999999999967e+00 1.234839999999999938e+00 1.175939999999999985e+00 1.123960000000000070e+00 1.081129999999999924e+00 1.048040000000000083e+00 1.023209999999999953e+00
1.615240000000000009e+00 1.565970000000000084e+00 1.517700000000000049e+00 1.470390000000000086e+00 1.423929999999999918e+00 1.378190000000000026e+00 1.332999999999999963e+00 1.288289999999999935e+00 1.244169999999999998e+00 1.201040000000000108e+00 1.159729999999999928e+00 1.121620000000000061e+00 1.088200000000000056e+00 1.060240000000000071e+00 1.038229999999999986e+00 1.021779999999999911e+00
1.483170000000000099e+00 1.443820000000000103e+00 1.405419999999999892e+00 1.367979999999999974e+00 1.331399999999999917e+00 1.295570000000000110e+00 1.260310000000000041e+00 1.225610000000000088e+00 1.191689999999999916e+00 1.158949999999999925e+00 1.128230000000000066e+00 1.100270000000000081e+00 1.075460000000000083e+00 1.053670000000000107e+00 1.035590000000000011e+00 1.022210000000000063e+00
2.268860000000000099e+00 2.170960000000000001e+00 2.074549999999999894e+00 1.979780000000000095e+00 1.886630000000000029e+00 1.794950000000000045e+00 1.704399999999999915e+00 1.614619999999999944e+00 1.525379999999999958e+00 1.436730000000000063e+00 1.348919999999999897e+00 1.262820000000000054e+00 1.181140000000000079e+00 1.111059999999999937e+00 1.059549999999999992e+00 1.024990000000000068e+00
1.258469999999999978e+00 1.237700000000000022e+00 1.217580000000000107e+00 1.198080000000000034e+00 1.179140000000000077e+00 1.160709999999999908e+00 1.142740000000000089e+00 1.125280000000000058e+00 1.108479999999999910e+00 1.092489999999999961e+00 1.077479999999999993e+00 1.063420000000000032e+00 1.050340000000000051e+00 1.038350000000000106e+00 1.028329999999999966e+00 1.020890000000000075e+00
2.933860000000000134e+00 2.785559999999999814e+00 2.639400000000000190e+00 2.495639999999999858e+00 2.354319999999999968e+00 2.215359999999999996e+00 2.078370000000000051e+00 1.942860000000000031e+00 1.808449999999999891e+00 1.675000000000000044e+00 1.542589999999999906e+00 1.411769999999999969e+00 1.284499999999999975e+00 1.169939999999999980e+00 1.084699999999999998e+00 1.029269999999999907e+00
1.898700000000000054e+00 1.828680000000000083e+00 1.759880000000000111e+00 1.692379999999999995e+00 1.626069999999999904e+00 1.560769999999999991e+00 1.496159999999999934e+00 1.431999999999999940e+00 1.368139999999999912e+00 1.304750000000000076e+00 1.242450000000000054e+00 1.182450000000000001e+00 1.127170000000000005e+00 1.079760000000000053e+00 1.043269999999999920e+00 1.018960000000000088e+00
1.197810000000000041e+00 1.182309999999999972e+00 1.167399999999999993e+00 1.153059999999999974e+00 1.139240000000000030e+00 1.125879999999999992e+00 1.112940000000000040e+00 1.100430000000000019e+00 1.088430000000000009e+00 1.076989999999999892e+00 1.066119999999999957e+00 1.055830000000000046e+00 1.046119999999999939e+00 1.037009999999999987e+00 1.029190000000000049e+00 1.023190000000000044e+00
2.893660000000000121e+00 2.749109999999999943e+00 2.606860000000000177e+00 2.467029999999999834e+00 2.329649999999999999e+00 2.194519999999999804e+00 2.061150000000000038e+00 1.928889999999999993e+00 1.797160000000000091e+00 1.665699999999999958e+00 1.534669999999999979e+00 1.404870000000000063e+00 1.278829999999999911e+00 1.165110000000000090e+00 1.080279999999999907e+00 1.025539999999999896e+00
3.648960000000000203e+00 3.443109999999999893e+00 3.240699999999999914e+00 3.042050000000000143e+00 2.847309999999999786e+00 2.656400000000000095e+00 2.468970000000000109e+00 2.284380000000000077e+00 2.101960000000000051e+00 1.921270000000000033e+00 1.742180000000000062e+00 1.564840000000000009e+00 1.390339999999999909e+00 1.226580000000000004e+00 1.099939999999999918e+00 1.018990000000000062e+00
4.016919999999999824e+00 3.786820000000000075e+00 3.559699999999999864e+00 3.335960000000000036e+00 3.115829999999999878e+00 2.899389999999999912e+00 2.686360000000000081e+00 2.476269999999999971e+00 2.268629999999999924e+00 2.063009999999999788e+00 1.859290000000000109e+00 1.657599999999999962e+00 1.458830000000000071e+00 1.268389999999999906e+00 1.116929999999999978e+00 1.024950000000000028e+00
2.324980000000000047e+00 2.221299999999999830e+00 2.119510000000000005e+00 2.019750000000000156e+00 1.921969999999999956e+00 1.825970000000000093e+00 1.731360000000000010e+00 1.637750000000000039e+00 1.544829999999999925e+00 1.452569999999999917e+00 1.361390000000000100e+00 1.272410000000000041e+00 1.188430000000000097e+00 1.115799999999999903e+00 1.060599999999999987e+00 1.022410000000000041e+00
2.612379999999999924e+00 2.487899999999999778e+00 2.365289999999999893e+00 2.244730000000000114e+00 2.126310000000000144e+00 2.009910000000000085e+00 1.895210000000000061e+00 1.781749999999999945e+00 1.669040000000000079e+00 1.556899999999999951e+00 1.445470000000000033e+00 1.335530000000000106e+00 1.229559999999999986e+00 1.135739999999999972e+00 1.065849999999999964e+00 1.020860000000000101e+00
1.182590000000000030e+00 1.168919999999999959e+00 1.155739999999999990e+00 1.143019999999999925e+00 1.130700000000000038e+00 1.118740000000000068e+00 1.107120000000000104e+00 1.095809999999999951e+00 1.084840000000000027e+00 1.074289999999999967e+00 1.064219999999999944e+00 1.054729999999999945e+00 1.045870000000000077e+00 1.037730000000000041e+00 1.030799999999999939e+00 1.025330000000000075e+00
1.368120000000000003e+00 1.338330000000000020e+00 1.309350000000000014e+00 1.281139999999999946e+00 1.253630000000000022e+00 1.226699999999999902e+00 1.200280000000000014e+00 1.174439999999999928e+00 1.149429999999999952e+00 1.125650000000000039e+00 1.103550000000000031e+00 1.083380000000000010e+00 1.065220000000000056e+00 1.049199999999999910e+00 1.035979999999999901e+00 1.025609999999999911e+00
1.100279999999999925e+00 1.093739999999999934e+00 1.087520000000000042e+00 1.081620000000000026e+00 1.075949999999999962e+00 1.070429999999999993e+00 1.064999999999999947e+00 1.059649999999999981e+00 1.054349999999999898e+00 1.049120000000000053e+00 1.043959999999999999e+00 1.038920000000000066e+00 1.034049999999999914e+00 1.029549999999999965e+00 1.025779999999999914e+00 1.022790000000000088e+00
1.984930000000000083e+00 1.906819999999999959e+00 1.830209999999999892e+00 1.755149999999999988e+00 1.681550000000000100e+00 1.609189999999999898e+00 1.537779999999999925e+00 1.467140000000000111e+00 1.397189999999999932e+00 1.328249999999999931e+00 1.261020000000000030e+00 1.197179999999999911e+00 1.139539999999999997e+00 1.091120000000000090e+00 1.053670000000000107e+00 1.026059999999999972e+00
