1.432700000000000085e+00 1.398930000000000007e+00 1.365739999999999954e+00 1.333059999999999912e+00 1.300789999999999891e+00 1.268860000000000099e+00 1.237349999999999950e+00 1.206409999999999982e+00 1.176360000000000072e+00 1.147590000000000110e+00 1.120630000000000015e+00 1.095920000000000005e+00 1.073830000000000062e+00 1.054840000000000000e+00 1.039579999999999949e+00 1.027770000000000072e+00
1.147540000000000004e+00 1.137019999999999920e+00 1.126800000000000024e+00 1.116849999999999898e+00 1.107189999999999896e+00 1.097809999999999953e+00 1.088729999999999976e+00 1.079990000000000006e+00 1.071620000000000017e+00 1.063620000000000010e+00 1.056000000000000050e+00 1.048789999999999889e+00 1.042019999999999946e+00 1.035849999999999937e+00 1.030510000000000037e+00 1.025949999999999918e+00
1.855520000000000058e+00 1.790720000000000089e+00 1.726720000000000033e+00 1.663350000000000106e+00 1.600440000000000085e+00 1.537809999999999899e+00 1.475340000000000096e+00 1.413000000000000034e+00 1.350910000000000055e+00 1.289349999999999996e+00 1.228979999999999961e+00 1.171359999999999957e+00 1.119660000000000100e+00 1.077469999999999928e+00 1.045989999999999975e+00 1.023369999999999891e+00
1.666959999999999997e+00 1.614929999999999977e+00 1.563690000000000024e+00 1.513200000000000101e+00 1.463330000000000020e+00 1.413910000000000000e+00 1.364849999999999897e+00 1.316170000000000062e+00 1.268059999999999965e+00 1.221009999999999929e+00 1.175890000000000102e+00 1.134130000000000082e+00 1.097269999999999968e+00 1.066130000000000022e+00 1.041590000000000016e+00 1.023239999999999927e+00
1.144930000000000003e+00 1.134379999999999944e+00 1.124200000000000088e+00 1.114389999999999992e+00 1.104959999999999942e+00 1.095879999999999965e+00 1.087159999999999904e+00 1.078829999999999956e+00 1.070869999999999989e+00 1.063269999999999937e+00 1.056040000000000090e+00 1.049169999999999936e+00 1.042710000000000026e+00 1.036669999999999980e+00 1.031160000000000077e+00 1.026180000000000092e+00
1.764429999999999943e+00 1.705570000000000030e+00 1.647540000000000004e+00 1.590189999999999992e+00 1.533379999999999965e+00 1.476920000000000011e+00 1.420719999999999983e+00 1.364840000000000053e+00 1.309490000000000043e+00 1.255060000000000064e+00 1.202299999999999924e+00 1.152760000000000007e+00 1.108740000000000059e+00 1.071970000000000089e+00 1.043779999999999930e+00 1.022969999999999935e+00
2.876850000000000129e+00 2.736650000000000027e+00 2.598279999999999923e+00 2.461669999999999803e+00 2.326700000000000212e+00 2.192979999999999929e+00 2.060099999999999820e+00 1.927740000000000009e+00 1.795670000000000099e+00 1.663880000000000026e+00 1.532580000000000053e+00 1.402349999999999985e+00 1.275709999999999900e+00 1.162639999999999896e+00 1.079269999999999952e+00 1.025590000000000002e+00
1.996150000000000091e+00 1.919019999999999948e+00 1.843040000000000012e+00 1.768059999999999965e+00 1.693929999999999936e+00 1.620419999999999972e+00 1.547400000000000109e+00 1.474849999999999994e+00 1.402859999999999996e+00 1.331749999999999989e+00 1.262199999999999989e+00 1.196029999999999927e+00 1.136919999999999931e+00 1.088400000000000034e+00 1.051269999999999927e+00 1.023590000000000000e+00
1.255840000000000067e+00 1.235190000000000010e+00 1.214990000000000014e+00 1.195219999999999949e+00 1.175920000000000076e+00 1.157129999999999992e+00 1.138940000000000063e+00 1.121510000000000007e+00 1.104989999999999917e+00 1.089480000000000004e+00 1.074980000000000047e+00 1.061509999999999954e+00 1.049039999999999973e+00 1.037690000000000001e+00 1.027979999999999894e+00 1.020029999999999992e+00
2.993279999999999941e+00 2.842340000000000089e+00 2.693620000000000125e+00 2.547089999999999854e+00 2.402610000000000134e+00 2.259830000000000005e+00 2.118349999999999955e+00 1.977819999999999911e+00 1.838079999999999936e+00 1.699149999999999938e+00 1.561250000000000027e+00 1.425189999999999957e+00 1.294019999999999948e+00 1.177009999999999890e+00 1.088549999999999907e+00 1.029220000000000024e+00
1.790259999999999962e+00 1.728280000000000038e+00 1.667180000000000106e+00 1.606840000000000046e+00 1.547099999999999920e+00 1.487800000000000011e+00 1.428879999999999928e+00 1.370419999999999972e+00 1.312720000000000109e+00 1.256420000000000092e+00 1.202820000000000000e+00 1.153950000000000031e+00 1.111609999999999987e+00 1.076459999999999972e+00 1.048119999999999941e+00 1.025349999999999984e+00
1.254680000000000017e+00 1.233929999999999971e+00 1.213640000000000052e+00 1.193780000000000063e+00 1.174350000000000005e+00 1.155399999999999983e+00 1.137029999999999985e+00 1.119410000000000016e+00 1.102719999999999922e+00 1.087089999999999890e+00 1.072610000000000063e+00 1.059239999999999959e+00 1.047009999999999996e+00 1.036200000000000010e+00 1.027179999999999982e+00 1.019879999999999898e+00
1.554419999999999913e+00 1.510739999999999972e+00 1.467659999999999965e+00 1.425049999999999928e+00 1.382810000000000095e+00 1.340870000000000006e+00 1.299239999999999950e+00 1.258119999999999905e+00 1.217899999999999983e+00 1.179310000000000080e+00 1.143310000000000048e+00 1.110910000000000064e+00 1.082729999999999970e+00 1.058920000000000083e+00 1.039400000000000102e+00 1.023509999999999920e+00
2.173169999999999824e+00 2.083320000000000061e+00 1.994790000000000063e+00 1.907440000000000024e+00 1.821129999999999916e+00 1.735559999999999992e+00 1.650509999999999922e+00 1.565809999999999924e+00 1.481489999999999974e+00 1.397729999999999917e+00 1.315080000000000027e+00 1.235069999999999890e+00 1.162029999999999896e+00 1.101879999999999971e+00 1.056829999999999936e+00 1.024319999999999897e+00
1.163419999999999899e+00 1.151110000000000078e+00 1.139229999999999965e+00 1.127769999999999939e+00 1.116719999999999935e+00 1.106090000000000018e+00 1.095890000000000031e+00 1.086119999999999974e+00 1.076810000000000045e+00 1.067960000000000020e+00 1.059560000000000057e+00 1.051649999999999974e+00 1.044259999999999966e+00 1.037460000000000049e+00 1.031279999999999974e+00 1.025670000000000082e+00
1.356980000000000075e+00 1.328340000000000076e+00 1.300249999999999906e+00 1.272680000000000033e+00 1.245600000000000041e+00 1.219060000000000032e+00 1.193130000000000024e+00 1.168050000000000033e+00 1.144120000000000026e+00 1.121660000000000101e+00 1.100850000000000106e+00 1.081760000000000055e+00 1.064319999999999933e+00 1.048720000000000097e+00 1.035479999999999956e+00 1.024610000000000021e+00
2.153509999999999813e+00 2.066390000000000171e+00 1.980429999999999913e+00 1.895459999999999923e+00 1.811339999999999950e+00 1.727829999999999977e+00 1.644689999999999985e+00 1.561739999999999906e+00 1.478979999999999961e+00 1.396600000000000064e+00 1.315110000000000001e+00 1.235859999999999959e+00 1.162879999999999914e+00 1.102749999999999897e+00 1.058289999999999953e+00 1.026799999999999935e+00
1.517870000000000053e+00 1.477149999999999963e+00 1.436949999999999950e+00 1.397189999999999932e+00 1.357769999999999921e+00 1.318629999999999969e+00 1.279760000000000009e+00 1.241309999999999913e+00 1.203610000000000069e+00 1.167289999999999939e+00 1.133229999999999960e+00 1.102500000000000036e+00 1.075860000000000039e+00 1.053569999999999895e+00 1.035700000000000065e+00 1.021449999999999969e+00
1.762729999999999908e+00 1.703950000000000076e+00 1.645999999999999908e+00 1.588750000000000107e+00 1.532040000000000068e+00 1.475689999999999946e+00 1.419599999999999973e+00 1.363779999999999992e+00 1.308419999999999916e+00 1.253929999999999989e+00 1.201240000000000085e+00 1.152099999999999902e+00 1.108840000000000048e+00 1.073250000000000037e+00 1.045679999999999943e+00 1.024710000000000010e+00
1.800829999999999931e+00 1.738830000000000098e+00 1.677750000000000075e+00 1.617480000000000029e+00 1.557930000000000037e+00 1.498860000000000081e+00 1.440150000000000041e+00 1.381780000000000008e+00 1.323930000000000051e+00 1.267060000000000075e+00 1.212120000000000086e+00 1.160749999999999948e+00 1.115289999999999893e+00 1.077010000000000023e+00 1.047060000000000102e+00 1.025009999999999977e+00
1.733179999999999943e+00 1.677640000000000020e+00 1.622819999999999929e+00 1.568589999999999929e+00 1.514790000000000081e+00 1.461240000000000094e+00 1.407810000000000006e+00 1.354489999999999972e+00 1.301469999999999905e+00 1.249149999999999983e+00 1.198390000000000066e+00 1.150539999999999896e+00 1.107529999999999903e+00 1.071479999999999988e+00 1.044010000000000105e+00 1.024259999999999948e+00
1.222969999999999891e+00 1.205200000000000049e+00 1.187850000000000072e+00 1.170970000000000066e+00 1.154590000000000005e+00 1.138759999999999994e+00 1.123539999999999983e+00 1.109029999999999960e+00 1.095339999999999980e+00 1.082500000000000018e+00 1.070519999999999916e+00 1.059399999999999897e+00 1.049139999999999961e+00 1.039770000000000083e+00 1.031500000000000083e+00 1.024280000000000079e+00
3.125210000000000043e+00 2.962660000000000071e+00 2.802550000000000097e+00 2.644890000000000185e+00 2.489529999999999799e+00 2.336230000000000029e+00 2.184629999999999850e+00 2.034400000000000208e+00 1.885320000000000107e+00 1.737319999999999975e+00 1.590529999999999999e+00 1.445710000000000051e+00 1.306629999999999958e+00 1.184839999999999893e+00 1.092279999999999918e+00 1.027930000000000010e+00
1.527349999999999985e+00 1.486329999999999929e+00 1.445959999999999912e+00 1.406139999999999946e+00 1.366780000000000106e+00 1.327769999999999895e+00 1.289090000000000069e+00 1.250850000000000017e+00 1.213340000000000085e+00 1.177040000000000086e+00 1.142589999999999995e+00 1.110759999999999970e+00 1.082189999999999985e+00 1.057549999999999990e+00 1.037949999999999928e+00 1.023209999999999953e+00
1.465780000000000083e+00 1.429259999999999975e+00 1.393229999999999968e+00 1.357599999999999918e+00 1.322289999999999965e+00 1.287230000000000096e+00 1.252510000000000012e+00 1.218329999999999913e+00 1.185119999999999951e+00 1.153459999999999930e+00 1.124000000000000110e+00 1.097259999999999902e+00 1.073350000000000026e+00 1.052559999999999940e+00 1.035549999999999971e+00 1.022029999999999994e+00
2.499049999999999994e+00 2.385639999999999983e+00 2.273880000000000123e+00 2.163619999999999877e+00 2.054660000000000153e+00 1.946639999999999926e+00 1.839199999999999946e+00 1.732080000000000064e+00 1.625159999999999938e+00 1.518540000000000001e+00 1.412670000000000092e+00 1.308980000000000032e+00 1.211750000000000105e+00 1.129550000000000054e+00 1.068070000000000075e+00 1.024950000000000028e+00
2.926680000000000170e+00 2.780489999999999906e+00 2.636620000000000186e+00 2.494959999999999845e+00 2.355329999999999924e+00 2.217340000000000089e+00 2.080550000000000122e+00 1.944579999999999975e+00 1.809190000000000076e+00 1.674330000000000096e+00 1.540180000000000105e+00 1.407520000000000104e+00 1.279700000000000060e+00 1.168050000000000033e+00 1.083949999999999969e+00 1.025949999999999918e+00
3.392749999999999932e+00 3.212260000000000115e+00 3.034260000000000179e+00 2.858800000000000008e+00 2.685810000000000031e+00 2.514969999999999928e+00 2.345839999999999925e+00 2.178100000000000147e+00 2.011410000000000142e+00 1.845720000000000027e+00 1.681089999999999973e+00 1.517849999999999921e+00 1.357909999999999950e+00 1.211189999999999989e+00 1.099779999999999980e+00 1.027570000000000094e+00
2.288469999999999782e+00 2.189340000000000064e+00 2.091680000000000206e+00 1.995339999999999892e+00 1.900160000000000071e+00 1.805860000000000021e+00 1.712129999999999930e+00 1.618810000000000082e+00 1.525849999999999929e+00 1.433449999999999891e+00 1.342170000000000085e+00 1.253740000000000077e+00 1.173019999999999952e+00 1.106640000000000068e+00 1.056550000000000100e+00 1.020240000000000036e+00
1.752539999999999987e+00 1.695009999999999906e+00 1.638339999999999907e+00 1.582400000000000029e+00 1.527060000000000084e+00 1.472150000000000070e+00 1.417550000000000088e+00 1.363229999999999942e+00 1.309339999999999948e+00 1.256269999999999998e+00 1.204739999999999922e+00 1.156169999999999920e+00 1.112849999999999895e+00 1.076899999999999968e+00 1.049139999999999961e+00 1.028589999999999893e+00
1.230969999999999898e+00 1.213389999999999969e+00 1.196159999999999890e+00 1.179280000000000106e+00 1.162709999999999910e+00 1.146500000000000075e+00 1.130730000000000013e+00 1.115480000000000027e+00 1.100859999999999950e+00 1.086989999999999901e+00 1.073979999999999935e+00 1.061900000000000066e+00 1.050850000000000062e+00 1.041050000000000031e+00 1.032839999999999980e+00 1.026080000000000103e+00
1.247749999999999915e+00 1.228029999999999955e+00 1.208739999999999926e+00 1.189869999999999983e+00 1.171410000000000062e+00 1.153380000000000072e+00 1.135890000000000066e+00 1.119059999999999944e+00 1.103080000000000060e+00 1.088000000000000078e+00 1.073900000000000077e+00 1.060829999999999940e+00 1.048969999999999958e+00 1.038620000000000099e+00 1.029879999999999907e+00 1.022499999999999964e+00
1.056650000000000089e+00 1.054570000000000007e+00 1.052499999999999991e+00 1.050429999999999975e+00 1.048329999999999984e+00 1.046180000000000110e+00 1.043989999999999974e+00 1.041749999999999954e+00 1.039490000000000025e+00 1.037199999999999900e+00 1.034890000000000088e+00 1.032580000000000053e+00 1.030289999999999928e+00 1.028149999999999897e+00 1.026329999999999965e+00 1.024869999999999948e+00
1.809579999999999966e+00 1.746709999999999985e+00 1.684749999999999970e+00 1.623569999999999958e+00 1.563039999999999985e+00 1.502999999999999892e+00 1.443300000000000027e+00 1.383930000000000105e+00 1.325069999999999970e+00 1.267120000000000024e+00 1.211049999999999960e+00 1.158779999999999921e+00 1.112919999999999909e+00 1.075069999999999970e+00 1.045560000000000045e+00 1.023050000000000015e+00
1.511670000000000069e+00 1.471049999999999969e+00 1.431230000000000002e+00 1.392160000000000064e+00 1.353809999999999958e+00 1.316100000000000048e+00 1.278890000000000082e+00 1.242189999999999905e+00 1.206110000000000015e+00 1.171030000000000015e+00 1.137559999999999905e+00 1.106579999999999897e+00 1.078859999999999930e+00 1.054750000000000076e+00 1.035250000000000004e+00 1.021589999999999998e+00
1.336349999999999927e+00 1.309190000000000076e+00 1.282589999999999897e+00 1.256490000000000107e+00 1.230860000000000065e+00 1.205640000000000045e+00 1.180870000000000086e+00 1.156749999999999945e+00 1.133499999999999952e+00 1.111480000000000024e+00 1.091040000000000010e+00 1.072349999999999914e+00 1.055539999999999923e+00 1.040820000000000078e+00 1.028810000000000002e+00 1.019330000000000069e+00
1.716669999999999918e+00 1.661710000000000020e+00 1.607620000000000049e+00 1.554310000000000080e+00 1.501679999999999904e+00 1.449489999999999945e+00 1.397510000000000030e+00 1.345650000000000013e+00 1.293940000000000090e+00 1.242699999999999916e+00 1.192620000000000013e+00 1.145180000000000087e+00 1.102740000000000054e+00 1.067390000000000061e+00 1.040540000000000020e+00 1.021840000000000082e+00
2.038590000000000124e+00 1.958390000000000075e+00 1.879359999999999919e+00 1.801530000000000076e+00 1.724869999999999903e+00 1.649240000000000039e+00 1.574319999999999942e+00 1.499919999999999920e+00 1.425999999999999934e+00 1.352729999999999988e+00 1.280629999999999935e+00 1.210970000000000102e+00 1.146609999999999907e+00 1.091860000000000053e+00 1.049970000000000070e+00 1.022029999999999994e+00
1.176279999999999992e+00 1.162260000000000071e+00 1.148730000000000029e+00 1.135699999999999932e+00 1.123210000000000042e+00 1.111269999999999980e+00 1.099909999999999943e+00 1.089120000000000088e+00 1.078880000000000061e+00 1.069180000000000019e+00 1.060040000000000093e+00 1.051469999999999905e+00 1.043500000000000094e+00 1.036149999999999904e+00 1.029490000000000016e+00 1.023560000000000025e+00
1.963649999999999896e+00 1.889920000000000044e+00 1.817420000000000035e+00 1.746150000000000091e+00 1.676099999999999923e+00 1.607050000000000090e+00 1.538610000000000033e+00 1.470560000000000089e+00 1.402870000000000061e+00 1.335779999999999967e+00 1.269779999999999909e+00 1.205889999999999906e+00 1.146160000000000068e+00 1.094100000000000072e+00 1.053830000000000044e+00 1.027050000000000018e+00
4.537790000000000212e+00 4.272029999999999994e+00 4.009339999999999904e+00 3.750049999999999883e+00 3.494499999999999940e+00 3.242849999999999788e+00 2.994689999999999852e+00 2.749600000000000044e+00 2.506990000000000052e+00 2.266439999999999788e+00 2.027820000000000178e+00 1.791060000000000096e+00 1.556510000000000060e+00 1.328030000000000044e+00 1.138030000000000097e+00 1.025949999999999918e+00
3.150990000000000180e+00 2.988210000000000033e+00 2.827550000000000008e+00 2.669109999999999872e+00 2.513040000000000163e+00 2.359230000000000160e+00 2.207219999999999960e+00 2.056540000000000035e+00 1.906859999999999999e+00 1.758000000000000007e+00 1.610069999999999890e+00 1.463549999999999907e+00 1.320040000000000102e+00 1.186779999999999946e+00 1.085309999999999997e+00 1.022890000000000077e+00
1.128870000000000040e+00 1.119140000000000024e+00 1.109869999999999912e+00 1.101020000000000110e+00 1.092559999999999976e+00 1.084410000000000096e+00 1.076510000000000078e+00 1.068829999999999947e+00 1.061379999999999990e+00 1.054159999999999986e+00 1.047190000000000065e+00 1.040450000000000097e+00 1.033970000000000056e+00 1.027819999999999956e+00 1.022410000000000041e+00 1.018289999999999917e+00
3.673210000000000086e+00 3.469030000000000058e+00 3.267539999999999889e+00 3.068989999999999885e+00 2.873670000000000169e+00 2.681599999999999984e+00 2.492340000000000000e+00 2.305499999999999883e+00 2.120719999999999938e+00 1.937880000000000047e+00 1.756999999999999895e+00 1.578279999999999905e+00 1.403129999999999988e+00 1.238339999999999996e+00 1.108219999999999983e+00 1.027230000000000087e+00
1.624989999999999934e+00 1.575309999999999988e+00 1.526420000000000110e+00 1.478250000000000064e+00 1.430660000000000043e+00 1.383550000000000058e+00 1.336859999999999937e+00 1.290669999999999984e+00 1.245249999999999968e+00 1.201140000000000096e+00 1.159540000000000015e+00 1.121920000000000028e+00 1.089480000000000004e+00 1.062370000000000037e+00 1.040459999999999940e+00 1.023020000000000040e+00
1.231459999999999999e+00 1.212639999999999940e+00 1.194439999999999946e+00 1.176840000000000108e+00 1.159799999999999942e+00 1.143310000000000048e+00 1.127329999999999943e+00 1.111949999999999994e+00 1.097239999999999993e+00 1.083299999999999930e+00 1.070200000000000040e+00 1.057930000000000037e+00 1.046440000000000037e+00 1.035860000000000003e+00 1.026820000000000066e+00 1.019959999999999978e+00
1.564489999999999936e+00 1.520289999999999919e+00 1.476769999999999916e+00 1.433850000000000069e+00 1.391399999999999970e+00 1.349320000000000075e+00 1.307520000000000016e+00 1.266100000000000003e+00 1.225340000000000096e+00 1.185859999999999914e+00 1.148679999999999923e+00 1.114989999999999926e+00 1.085609999999999964e+00 1.060650000000000093e+00 1.040429999999999966e+00 1.024559999999999915e+00
3.143330000000000179e+00 2.980659999999999865e+00 2.820160000000000000e+00 2.662020000000000053e+00 2.506369999999999987e+00 2.353149999999999853e+00 2.201880000000000059e+00 2.052119999999999944e+00 1.903450000000000086e+00 1.755689999999999973e+00 1.608959999999999946e+00 1.463729999999999976e+00 1.321700000000000097e+00 1.190439999999999943e+00 1.090070000000000094e+00 1.027439999999999909e+00
1.210369999999999946e+00 1.193419999999999925e+00 1.177019999999999955e+00 1.161200000000000010e+00 1.145979999999999999e+00 1.131380000000000052e+00 1.117439999999999989e+00 1.104170000000000096e+00 1.091569999999999929e+00 1.079660000000000064e+00 1.068429999999999991e+00 1.057909999999999906e+00 1.048119999999999941e+00 1.039139999999999953e+00 1.031090000000000062e+00 1.024029999999999996e+00
1.432819999999999983e+00 1.398470000000000102e+00 1.364829999999999988e+00 1.331830000000000069e+00 1.299420000000000019e+00 1.267519999999999980e+00 1.236089999999999911e+00 1.205249999999999932e+00 1.175280000000000102e+00 1.146560000000000024e+00 1.119569999999999954e+00 1.094700000000000006e+00 1.072270000000000056e+00 1.052650000000000086e+00 1.036410000000000053e+00 1.023840000000000083e+00
1.613969999999999905e+00 1.566289999999999960e+00 1.519430000000000058e+00 1.473300000000000054e+00 1.427810000000000024e+00 1.382770000000000055e+00 1.338070000000000093e+00 1.293690000000000007e+00 1.249749999999999917e+00 1.206650000000000000e+00 1.165259999999999962e+00 1.126859999999999973e+00 1.092799999999999994e+00 1.063870000000000093e+00 1.041009999999999991e+00 1.024610000000000021e+00
1.767980000000000107e+00 1.707109999999999905e+00 1.647219999999999906e+00 1.588230000000000031e+00 1.530010000000000092e+00 1.472390000000000088e+00 1.415240000000000054e+00 1.358570000000000055e+00 1.302599999999999980e+00 1.247829999999999995e+00 1.195470000000000033e+00 1.147559999999999913e+00 1.106100000000000083e+00 1.071779999999999955e+00 1.044510000000000050e+00 1.023090000000000055e+00
1.647839999999999971e+00 1.596819999999999906e+00 1.546610000000000040e+00 1.497149999999999981e+00 1.448329999999999895e+00 1.399999999999999911e+00 1.352070000000000105e+00 1.304540000000000033e+00 1.257579999999999920e+00 1.211649999999999894e+00 1.167689999999999895e+00 1.127250000000000085e+00 1.091869999999999896e+00 1.062400000000000011e+00 1.039230000000000098e+00 1.021819999999999951e+00
1.992229999999999945e+00 1.915289999999999937e+00 1.839530000000000109e+00 1.764979999999999993e+00 1.691610000000000058e+00 1.619280000000000053e+00 1.547670000000000101e+00 1.476609999999999978e+00 1.406060000000000088e+00 1.336200000000000054e+00 1.267530000000000046e+00 1.201389999999999958e+00 1.140679999999999916e+00 1.089229999999999920e+00 1.049569999999999892e+00 1.022720000000000073e+00
1.557109999999999994e+00 1.513200000000000101e+00 1.470069999999999988e+00 1.427650000000000086e+00 1.385860000000000092e+00 1.344559999999999977e+00 1.303630000000000067e+00 1.263120000000000021e+00 1.223240000000000105e+00 1.184439999999999937e+00 1.147559999999999913e+00 1.113760000000000083e+00 1.084070000000000089e+00 1.059090000000000087e+00 1.039260000000000073e+00 1.024240000000000039e+00
1.129539999999999988e+00 1.120009999999999950e+00 1.110829999999999984e+00 1.101990000000000025e+00 1.093450000000000033e+00 1.085199999999999942e+00 1.077220000000000066e+00 1.069499999999999895e+00 1.062049999999999939e+00 1.054890000000000105e+00 1.048049999999999926e+00 1.041549999999999976e+00 1.035439999999999916e+00 1.029840000000000089e+00 1.024950000000000028e+00 1.020759999999999890e+00
2.281369999999999898e+00 2.183040000000000092e+00 2.086320000000000174e+00 1.991130000000000067e+00 1.897389999999999910e+00 1.804810000000000025e+00 1.713030000000000053e+00 1.621839999999999948e+00 1.531179999999999986e+00 1.441200000000000037e+00 1.352479999999999905e+00 1.266429999999999945e+00 1.186320000000000041e+00 1.117809999999999970e+00 1.065479999999999983e+00 1.028610000000000024e+00
1.526319999999999899e+00 1.484089999999999909e+00 1.442649999999999988e+00 1.401969999999999938e+00 1.361960000000000059e+00 1.322519999999999918e+00 1.283530000000000060e+00 1.245049999999999990e+00 1.207300000000000040e+00 1.170730000000000048e+00 1.136109999999999953e+00 1.104370000000000074e+00 1.076310000000000100e+00 1.052189999999999959e+00 1.032769999999999966e+00 1.018580000000000041e+00
1.628400000000000070e+00 1.579749999999999988e+00 1.531879999999999908e+00 1.484650000000000025e+00 1.437920000000000087e+00 1.391510000000000025e+00 1.345299999999999940e+00 1.299330000000000096e+00 1.253859999999999975e+00 1.209470000000000045e+00 1.167159999999999975e+00 1.128179999999999961e+00 1.093669999999999920e+00 1.064279999999999893e+00 1.041099999999999914e+00 1.023679999999999923e+00
2.637399999999999967e+00 2.512980000000000214e+00 2.390470000000000095e+00 2.269870000000000054e+00 2.151050000000000129e+00 2.033700000000000063e+00 1.917319999999999913e+00 1.801509999999999945e+00 1.685990000000000100e+00 1.570670000000000011e+00 1.455869999999999997e+00 1.342750000000000110e+00 1.234909999999999952e+00 1.141629999999999923e+00 1.072149999999999936e+00 1.025279999999999969e+00
3.232720000000000038e+00 3.059820000000000206e+00 2.889769999999999950e+00 2.722630000000000106e+00 2.558330000000000215e+00 2.396570000000000089e+00 2.236889999999999823e+00 2.078829999999999956e+00 1.921999999999999931e+00 1.766250000000000098e+00 1.611790000000000056e+00 1.459629999999999983e+00 1.313269999999999937e+00 1.183619999999999894e+00 1.085139999999999993e+00 1.018559999999999910e+00
4.258230000000000182e+00 4.013359999999999594e+00 3.771310000000000162e+00 3.532399999999999984e+00 3.296879999999999811e+00 3.064830000000000165e+00 2.835830000000000073e+00 2.609449999999999825e+00 2.385289999999999910e+00 2.163060000000000205e+00 1.942660000000000053e+00 1.724069999999999991e+00 1.508010000000000073e+00 1.299120000000000053e+00 1.127000000000000002e+00 1.025160000000000071e+00
2.640340000000000131e+00 2.514089999999999936e+00 2.389790000000000081e+00 2.267520000000000202e+00 2.147310000000000052e+00 2.028999999999999915e+00 1.912160000000000082e+00 1.796470000000000011e+00 1.681580000000000075e+00 1.567350000000000021e+00 1.454059999999999908e+00 1.342649999999999899e+00 1.235899999999999999e+00 1.141480000000000050e+00 1.070109999999999895e+00 1.022729999999999917e+00
2.108940000000000037e+00 2.023050000000000015e+00 1.938479999999999981e+00 1.855229999999999935e+00 1.773290000000000033e+00 1.692490000000000050e+00 1.612510000000000110e+00 1.533099999999999907e+00 1.454129999999999923e+00 1.375690000000000079e+00 1.298319999999999919e+00 1.223400000000000043e+00 1.154169999999999918e+00 1.095220000000000082e+00 1.050389999999999935e+00 1.020299999999999985e+00
1.095699999999999896e+00 1.090160000000000018e+00 1.084770000000000012e+00 1.079499999999999904e+00 1.074310000000000098e+00 1.069190000000000085e+00 1.064100000000000046e+00 1.059080000000000021e+00 1.054119999999999946e+00 1.049239999999999950e+00 1.044470000000000010e+00 1.039860000000000007e+00 1.035479999999999956e+00 1.031479999999999952e+00 1.028049999999999908e+00 1.025209999999999955e+00
1.585420000000000051e+00 1.538699999999999957e+00 1.492939999999999934e+00 1.448080000000000034e+00 1.404020000000000046e+00 1.360640000000000072e+00 1.317819999999999991e+00 1.275590000000000002e+00 1.234180000000000055e+00 1.194059999999999899e+00 1.156050000000000022e+00 1.121289999999999898e+00 1.090649999999999897e+00 1.064310000000000089e+00 1.042699999999999960e+00 1.025889999999999969e+00
1.110039999999999916e+00 1.102619999999999933e+00 1.095550000000000024e+00 1.088770000000000016e+00 1.082270000000000065e+00 1.075949999999999962e+00 1.069770000000000110e+00 1.063709999999999933e+00 1.057779999999999943e+00 1.051960000000000006e+00 1.046270000000000033e+00 1.040710000000000024e+00 1.035320000000000018e+00 1.030270000000000019e+00 1.026040000000000063e+00 1.022799999999999931e+00
1.928099999999999925e+00 1.854889999999999928e+00 1.782960000000000100e+00 1.712239999999999984e+00 1.642609999999999904e+00 1.573860000000000037e+00 1.505789999999999962e+00 1.438320000000000043e+00 1.371559999999999890e+00 1.305900000000000061e+00 1.242390000000000105e+00 1.183030000000000026e+00 1.130489999999999995e+00 1.086619999999999919e+00 1.052119999999999944e+00 1.026010000000000089e+00
