3.596560000000000201e+00 3.103130000000000166e+00 2.769219999999999793e+00 3.025490000000000013e+00 2.878709999999999880e+00 2.388290000000000024e+00 2.861069999999999780e+00 2.536579999999999835e+00 1.700919999999999987e+00 2.498749999999999805e+00 2.216169999999999973e+00
2.243189999999999795e+00 2.043179999999999996e+00 2.039870000000000072e+00 2.149480000000000057e+00 2.100130000000000052e+00 1.827609999999999957e+00 2.147330000000000183e+00 1.904870000000000063e+00 1.958439999999999959e+00 1.831760000000000055e+00 1.772489999999999899e+00
4.298239999999999839e+00 3.377369999999999983e+00 4.088599999999999568e+00 2.716190000000000104e+00 4.424730000000000274e+00 2.313250000000000028e+00 4.055439999999999934e+00 3.270799999999999930e+00 3.665119999999999933e+00 3.358719999999999928e+00 2.919119999999999937e+00
4.169459999999999944e+00 3.422649999999999970e+00 2.987039999999999917e+00 3.202729999999999855e+00 4.091169999999999973e+00 2.369099999999999984e+00 3.645360000000000156e+00 2.470899999999999874e+00 3.355449999999999822e+00 3.310410000000000075e+00 2.756270000000000220e+00
1.606689999999999952e+00 1.590260000000000007e+00 1.603990000000000027e+00 1.698139999999999983e+00 1.622770000000000046e+00 1.529500000000000082e+00 1.643380000000000063e+00 1.552079999999999904e+00 1.589220000000000077e+00 1.568279999999999896e+00 1.524580000000000046e+00
3.750199999999999978e+00 3.370969999999999800e+00 3.588610000000000078e+00 4.615879999999999761e+00 2.650529999999999831e+00 2.890089999999999826e+00 3.592550000000000132e+00 3.133690000000000087e+00 4.659130000000000216e+00 3.170479999999999965e+00 2.539460000000000051e+00
3.597999999999999865e+00 3.643959999999999866e+00 3.552560000000000162e+00 3.258189999999999920e+00 4.851840000000000153e+00 3.172569999999999890e+00 2.350740000000000052e+00 3.756029999999999980e+00 4.027219999999999800e+00 3.776110000000000078e+00 3.012309999999999821e+00
3.606469999999999843e+00 3.560659999999999936e+00 4.165610000000000035e+00 4.850299999999999834e+00 4.074220000000000397e+00 2.767090000000000050e+00 4.130910000000000082e+00 3.524340000000000028e+00 5.158050000000000246e+00 3.658760000000000012e+00 2.948090000000000099e+00
2.061510000000000176e+00 2.003979999999999873e+00 2.024039999999999839e+00 2.235209999999999919e+00 2.072950000000000070e+00 1.759090000000000042e+00 2.047899999999999832e+00 1.861629999999999896e+00 1.894430000000000058e+00 1.821819999999999995e+00 1.735449999999999937e+00
5.213530000000000442e+00 6.589310000000000223e+00 4.924349999999999561e+00 7.703140000000000320e+00 4.419959999999999667e+00 3.743729999999999780e+00 3.365489999999999871e+00 4.136210000000000164e+00 5.330689999999999706e+00 5.072770000000000223e+00 2.608389999999999986e+00
4.422229999999999883e+00 3.649540000000000006e+00 3.592960000000000154e+00 4.643830000000000346e+00 3.658049999999999802e+00 2.784139999999999837e+00 2.063899999999999846e+00 2.976119999999999877e+00 3.275490000000000013e+00 3.085310000000000219e+00 2.691819999999999879e+00
2.710519999999999818e+00 2.408910000000000107e+00 2.357340000000000213e+00 2.880199999999999871e+00 2.477120000000000211e+00 2.045900000000000052e+00 2.361479999999999801e+00 2.140179999999999971e+00 2.222739999999999938e+00 2.137049999999999894e+00 1.910989999999999966e+00
3.097069999999999990e+00 2.706609999999999960e+00 2.513739999999999863e+00 2.786140000000000061e+00 2.552430000000000199e+00 2.237239999999999895e+00 2.631359999999999921e+00 2.230960000000000054e+00 2.322010000000000129e+00 2.220190000000000108e+00 2.069879999999999942e+00
4.538039999999999630e+00 4.556180000000000341e+00 3.509489999999999998e+00 3.033030000000000115e+00 3.145750000000000046e+00 3.122900000000000009e+00 2.488199999999999967e+00 3.611629999999999896e+00 5.061860000000000248e+00 2.074619999999999909e+00 2.045659999999999812e+00
1.585110000000000019e+00 1.570799999999999974e+00 1.584529999999999994e+00 1.680849999999999955e+00 1.603359999999999896e+00 1.518620000000000081e+00 1.627590000000000092e+00 1.542000000000000037e+00 1.580209999999999892e+00 1.560170000000000057e+00 1.515980000000000105e+00
3.061170000000000169e+00 2.905009999999999870e+00 3.131860000000000088e+00 4.870219999999999771e+00 3.345279999999999809e+00 2.353099999999999969e+00 3.156820000000000181e+00 2.551079999999999792e+00 2.686430000000000096e+00 2.527690000000000214e+00 2.363710000000000200e+00
4.045130000000000337e+00 3.596260000000000012e+00 3.331999999999999851e+00 3.785159999999999858e+00 2.705490000000000173e+00 2.729089999999999794e+00 3.465500000000000025e+00 2.982159999999999922e+00 3.058660000000000156e+00 2.844510000000000094e+00 2.540210000000000079e+00
4.450969999999999871e+00 3.995760000000000201e+00 3.272590000000000110e+00 5.199559999999999960e+00 2.749649999999999928e+00 3.157319999999999904e+00 3.427020000000000177e+00 3.116000000000000103e+00 3.241540000000000088e+00 3.056239999999999846e+00 2.629140000000000033e+00
3.825359999999999872e+00 3.934250000000000025e+00 3.081280000000000019e+00 4.048650000000000304e+00 3.425209999999999866e+00 2.870060000000000056e+00 3.366120000000000001e+00 2.826540000000000052e+00 3.040039999999999853e+00 2.901679999999999815e+00 2.571800000000000086e+00
4.141160000000000174e+00 3.083629999999999871e+00 2.908409999999999940e+00 4.767610000000000348e+00 3.002540000000000209e+00 3.049049999999999816e+00 3.743090000000000028e+00 3.150360000000000049e+00 3.503820000000000157e+00 3.354560000000000208e+00 2.694119999999999848e+00
3.973360000000000003e+00 3.786259999999999959e+00 3.406789999999999985e+00 5.321950000000000180e+00 4.893019999999999925e+00 2.322989999999999888e+00 4.054780000000000051e+00 2.835249999999999826e+00 4.723309999999999675e+00 3.387070000000000025e+00 2.859309999999999796e+00
2.475350000000000161e+00 2.553420000000000023e+00 2.473430000000000017e+00 2.645659999999999901e+00 2.542460000000000164e+00 2.069160000000000110e+00 2.563870000000000093e+00 2.147600000000000176e+00 2.180820000000000203e+00 2.117199999999999971e+00 1.985330000000000039e+00
5.745320000000000427e+00 6.085009999999999586e+00 6.065249999999999808e+00 6.057109999999999772e+00 6.457749999999999879e+00 3.535759999999999792e+00 5.793929999999999580e+00 4.376019999999999577e+00 5.283760000000000012e+00 4.963750000000000107e+00 3.732819999999999805e+00
2.092400000000000038e+00 2.733800000000000008e+00 2.821860000000000035e+00 3.179920000000000080e+00 2.909790000000000099e+00 2.351140000000000008e+00 2.825860000000000039e+00 2.461520000000000152e+00 2.448830000000000062e+00 2.358420000000000183e+00 2.198560000000000070e+00
2.030609999999999804e+00 1.975079999999999947e+00 1.990189999999999904e+00 2.083040000000000003e+00 1.952499999999999902e+00 1.784710000000000019e+00 1.956679999999999975e+00 1.808980000000000032e+00 1.821309999999999985e+00 1.770429999999999948e+00 1.688299999999999912e+00
6.338870000000000005e+00 5.565129999999999910e+00 5.447729999999999961e+00 6.134870000000000267e+00 4.003079999999999750e+00 3.223050000000000193e+00 3.023130000000000095e+00 4.339360000000000106e+00 4.614679999999999893e+00 4.426129999999999676e+00 3.540410000000000057e+00
6.403719999999999857e+00 4.980410000000000004e+00 4.606230000000000047e+00 4.119019999999999904e+00 4.077770000000000117e+00 3.427090000000000192e+00 6.406329999999999636e+00 4.023710000000000342e+00 5.763840000000000074e+00 2.492599999999999927e+00 3.764079999999999870e+00
5.419579999999999842e+00 4.902389999999999581e+00 5.581949999999999967e+00 6.859840000000000160e+00 6.154259999999999842e+00 3.539520000000000000e+00 3.231549999999999923e+00 3.615110000000000046e+00 2.964490000000000069e+00 2.569859999999999811e+00 3.838490000000000180e+00
3.106660000000000199e+00 4.034810000000000230e+00 2.837140000000000217e+00 2.526930000000000121e+00 3.622489999999999988e+00 2.358929999999999971e+00 3.634539999999999882e+00 3.026759999999999895e+00 2.016389999999999905e+00 3.192029999999999923e+00 2.628989999999999938e+00
4.348819999999999908e+00 3.731320000000000192e+00 3.861409999999999787e+00 4.493549999999999933e+00 4.744069999999999787e+00 2.271040000000000170e+00 2.146619999999999973e+00 3.168699999999999850e+00 3.444690000000000030e+00 3.306989999999999874e+00 2.811170000000000169e+00
2.584280000000000133e+00 2.336959999999999926e+00 2.249070000000000125e+00 2.427849999999999842e+00 2.261779999999999902e+00 1.998459999999999903e+00 2.337250000000000050e+00 2.061269999999999936e+00 2.100560000000000205e+00 1.952050000000000063e+00 1.878910000000000080e+00
2.547899999999999832e+00 2.744310000000000027e+00 2.578390000000000182e+00 2.857530000000000125e+00 2.634430000000000049e+00 2.257260000000000044e+00 2.636620000000000186e+00 2.370490000000000208e+00 2.414540000000000131e+00 2.219380000000000130e+00 2.036739999999999995e+00
1.749470000000000081e+00 1.828940000000000010e+00 1.723070000000000102e+00 1.812070000000000070e+00 1.810619999999999896e+00 1.601750000000000007e+00 1.782030000000000003e+00 1.672180000000000000e+00 1.641289999999999916e+00 1.650579999999999936e+00 1.596459999999999990e+00
2.505430000000000046e+00 3.187079999999999913e+00 2.593879999999999963e+00 3.330999999999999961e+00 3.046879999999999811e+00 2.430340000000000167e+00 3.050520000000000120e+00 2.552200000000000024e+00 2.669989999999999863e+00 2.502099999999999991e+00 2.300079999999999902e+00
2.441269999999999829e+00 2.197490000000000165e+00 2.215959999999999930e+00 2.519509999999999916e+00 2.495639999999999858e+00 2.167149999999999910e+00 2.179339999999999833e+00 1.809500000000000108e+00 2.029279999999999973e+00 1.995540000000000092e+00 1.844060000000000032e+00
2.263630000000000031e+00 2.042149999999999910e+00 2.099279999999999813e+00 2.123180000000000067e+00 2.254770000000000163e+00 1.841110000000000024e+00 2.214189999999999880e+00 1.949019999999999975e+00 1.883720000000000061e+00 1.907599999999999962e+00 1.829790000000000028e+00
3.417739999999999778e+00 4.220040000000000013e+00 3.350140000000000118e+00 2.593119999999999870e+00 4.383230000000000182e+00 2.466600000000000126e+00 4.115569999999999951e+00 3.215510000000000090e+00 2.076130000000000031e+00 3.439499999999999780e+00 2.903830000000000133e+00
3.631219999999999892e+00 3.719889999999999919e+00 3.577980000000000160e+00 3.857619999999999827e+00 3.736229999999999940e+00 3.044690000000000119e+00 3.754440000000000222e+00 2.055410000000000181e+00 3.484609999999999985e+00 3.203780000000000072e+00 2.541739999999999888e+00
1.787500000000000089e+00 1.768520000000000092e+00 1.777649999999999952e+00 1.839830000000000076e+00 1.817110000000000003e+00 1.678930000000000033e+00 1.780769999999999964e+00 1.633340000000000014e+00 1.655070000000000041e+00 1.663070000000000048e+00 1.589290000000000092e+00
3.237089999999999801e+00 2.789950000000000152e+00 3.497370000000000090e+00 4.278229999999999755e+00 4.249349999999999739e+00 3.180489999999999817e+00 3.408910000000000107e+00 2.580849999999999866e+00 3.172029999999999905e+00 3.023820000000000174e+00 2.458029999999999937e+00
5.361069999999999780e+00 6.122040000000000148e+00 4.825350000000000250e+00 6.880650000000000155e+00 6.554260000000000197e+00 4.808430000000000426e+00 3.351280000000000037e+00 3.088379999999999903e+00 4.956599999999999895e+00 5.105550000000000033e+00 3.638250000000000206e+00
4.064879999999999605e+00 4.387450000000000294e+00 4.158000000000000362e+00 3.153519999999999879e+00 4.671380000000000088e+00 3.991410000000000124e+00 3.959690000000000154e+00 2.740499999999999936e+00 2.277730000000000032e+00 3.735069999999999890e+00 2.888279999999999959e+00
2.067369999999999930e+00 1.943440000000000056e+00 1.939570000000000016e+00 1.971670000000000034e+00 2.100249999999999950e+00 1.860770000000000035e+00 2.013459999999999805e+00 1.736569999999999947e+00 1.847129999999999939e+00 1.805539999999999923e+00 1.685910000000000020e+00
5.518659999999999677e+00 5.206330000000000346e+00 5.215530000000000221e+00 7.372200000000000308e+00 6.095060000000000144e+00 4.248879999999999768e+00 3.526580000000000048e+00 3.361580000000000013e+00 5.963449999999999918e+00 2.735630000000000006e+00 2.659370000000000012e+00
3.301250000000000018e+00 3.069970000000000088e+00 2.936640000000000139e+00 3.458260000000000112e+00 3.062149999999999928e+00 2.657140000000000057e+00 3.014170000000000016e+00 2.365429999999999922e+00 2.634189999999999809e+00 2.548000000000000043e+00 2.309579999999999966e+00
3.094710000000000072e+00 2.299760000000000026e+00 3.147040000000000060e+00 3.748880000000000212e+00 3.806439999999999824e+00 2.890919999999999934e+00 1.843520000000000048e+00 2.402060000000000084e+00 3.011410000000000142e+00 2.675229999999999997e+00 2.297740000000000116e+00
2.647619999999999862e+00 2.279799999999999827e+00 2.326220000000000176e+00 2.442390000000000061e+00 2.452249999999999819e+00 2.032230000000000203e+00 2.421829999999999927e+00 2.073179999999999801e+00 2.074770000000000003e+00 2.089939999999999909e+00 1.938390000000000057e+00
3.913569999999999993e+00 4.124520000000000408e+00 4.409860000000000113e+00 5.650319999999999787e+00 3.791879999999999917e+00 4.107899999999999885e+00 2.676829999999999821e+00 2.555210000000000203e+00 2.493590000000000195e+00 4.230909999999999727e+00 2.258140000000000036e+00
1.706499999999999906e+00 1.647990000000000066e+00 1.673399999999999999e+00 1.742820000000000036e+00 1.757279999999999953e+00 1.608360000000000012e+00 1.689200000000000035e+00 1.555739999999999901e+00 1.602319999999999967e+00 1.602789999999999937e+00 1.546580000000000066e+00
3.104870000000000019e+00 2.845639999999999947e+00 2.652420000000000222e+00 3.016700000000000159e+00 3.703479999999999883e+00 2.444179999999999797e+00 3.049529999999999852e+00 2.318330000000000002e+00 2.439270000000000049e+00 2.462779999999999969e+00 2.241429999999999811e+00
3.527519999999999989e+00 3.130209999999999937e+00 3.409310000000000063e+00 3.523439999999999905e+00 2.094920000000000115e+00 2.761239999999999917e+00 4.699340000000000295e+00 2.765099999999999891e+00 2.800069999999999837e+00 2.926680000000000170e+00 2.552210000000000090e+00
3.078059999999999796e+00 2.605910000000000171e+00 2.769449999999999967e+00 3.308600000000000207e+00 2.937730000000000175e+00 2.509510000000000129e+00 2.964379999999999793e+00 2.372939999999999827e+00 2.528070000000000039e+00 2.422070000000000167e+00 2.226739999999999942e+00
2.970169999999999977e+00 2.708860000000000046e+00 3.471189999999999998e+00 3.923579999999999846e+00 3.889209999999999834e+00 2.165470000000000006e+00 3.511169999999999902e+00 2.819739999999999913e+00 2.974479999999999791e+00 2.997720000000000162e+00 2.572070000000000078e+00
3.623009999999999842e+00 3.237470000000000070e+00 3.424830000000000041e+00 3.942579999999999973e+00 3.800539999999999807e+00 2.918590000000000018e+00 3.213400000000000034e+00 2.422759999999999803e+00 3.025409999999999933e+00 2.783189999999999831e+00 2.337410000000000210e+00
3.761000000000000121e+00 3.394559999999999800e+00 2.757249999999999979e+00 3.974880000000000191e+00 2.688870000000000093e+00 3.236000000000000210e+00 3.847059999999999924e+00 2.721369999999999845e+00 3.107009999999999827e+00 3.184660000000000046e+00 2.655380000000000074e+00
2.362499999999999822e+00 2.139050000000000118e+00 2.240359999999999907e+00 2.230370000000000186e+00 2.364520000000000177e+00 1.963740000000000041e+00 2.273149999999999782e+00 1.931349999999999900e+00 1.942520000000000024e+00 1.966020000000000101e+00 1.853939999999999921e+00
4.615009999999999835e+00 4.285759999999999792e+00 4.055609999999999715e+00 3.562980000000000036e+00 5.768839999999999968e+00 3.443929999999999936e+00 5.353979999999999961e+00 3.106590000000000185e+00 2.615930000000000089e+00 4.540680000000000049e+00 3.402050000000000018e+00
3.103909999999999947e+00 2.261210000000000164e+00 2.911560000000000148e+00 2.105620000000000047e+00 3.348170000000000091e+00 2.556919999999999860e+00 3.208509999999999973e+00 2.365409999999999791e+00 2.754919999999999813e+00 2.652060000000000084e+00 2.270840000000000192e+00
2.097119999999999873e+00 1.983889999999999931e+00 2.030180000000000096e+00 2.057770000000000099e+00 2.093020000000000103e+00 1.813779999999999948e+00 2.072200000000000042e+00 1.848759999999999959e+00 1.803180000000000005e+00 1.825180000000000025e+00 1.757130000000000081e+00
5.522710000000000008e+00 4.461739999999999817e+00 3.518460000000000143e+00 5.177469999999999573e+00 3.437019999999999964e+00 2.990629999999999900e+00 4.856810000000000294e+00 3.017520000000000202e+00 4.084529999999999994e+00 4.117779999999999774e+00 3.228390000000000093e+00
6.248050000000000104e+00 4.978699999999999903e+00 5.134459999999999802e+00 4.126839999999999620e+00 5.046219999999999928e+00 3.740720000000000045e+00 6.257979999999999876e+00 4.268970000000000375e+00 2.842200000000000060e+00 5.067569999999999908e+00 3.810350000000000126e+00
7.936230000000000118e+00 5.570210000000000328e+00 5.325619999999999798e+00 4.878049999999999997e+00 5.220950000000000202e+00 5.777639999999999887e+00 6.074340000000000295e+00 3.483680000000000110e+00 5.466899999999999871e+00 5.398089999999999833e+00 2.828609999999999847e+00
3.535099999999999909e+00 3.161890000000000089e+00 4.048429999999999751e+00 4.824580000000000091e+00 4.688979999999999926e+00 3.415160000000000196e+00 3.943509999999999849e+00 3.024799999999999933e+00 3.482769999999999921e+00 3.569209999999999994e+00 2.808289999999999953e+00
2.984440000000000204e+00 3.448040000000000216e+00 3.631440000000000001e+00 4.442980000000000373e+00 4.537029999999999674e+00 3.263490000000000002e+00 3.859879999999999978e+00 2.130790000000000184e+00 2.106510000000000105e+00 3.358200000000000074e+00 2.747669999999999835e+00
2.290329999999999977e+00 2.106759999999999966e+00 2.110419999999999963e+00 2.199030000000000040e+00 2.233690000000000175e+00 1.868120000000000003e+00 2.189010000000000122e+00 1.909119999999999928e+00 1.898470000000000102e+00 1.910809999999999897e+00 1.812789999999999901e+00
2.676270000000000149e+00 2.606199999999999850e+00 2.679749999999999854e+00 3.005700000000000038e+00 2.910299999999999887e+00 2.759970000000000034e+00 2.654310000000000169e+00 2.116639999999999855e+00 2.333099999999999952e+00 2.325759999999999827e+00 2.070110000000000117e+00
1.923510000000000053e+00 1.753500000000000059e+00 1.885909999999999975e+00 1.957200000000000051e+00 1.979910000000000059e+00 1.780340000000000034e+00 1.844319999999999959e+00 1.664509999999999934e+00 1.716210000000000013e+00 1.689670000000000005e+00 1.620689999999999964e+00
2.129799999999999915e+00 2.758989999999999831e+00 2.787329999999999863e+00 3.243009999999999948e+00 3.577560000000000073e+00 2.571340000000000181e+00 2.940840000000000121e+00 2.371750000000000025e+00 2.488230000000000164e+00 2.433170000000000055e+00 2.193280000000000118e+00
