1.724830000000000085e+00 2.771180000000000199e+00 2.481160000000000032e+00 2.621100000000000207e+00 1.549549999999999983e+00 2.390690000000000204e+00 2.209210000000000118e+00 2.075279999999999792e+00 2.333130000000000148e+00 2.241849999999999898e+00 2.161589999999999900e+00
1.265940000000000065e+00 1.974129999999999940e+00 1.874610000000000110e+00 2.002029999999999976e+00 1.325159999999999894e+00 1.926190000000000069e+00 1.729510000000000103e+00 1.719279999999999919e+00 1.858749999999999902e+00 1.756310000000000038e+00 1.651080000000000103e+00
3.020459999999999923e+00 4.189379999999999882e+00 4.165949999999999598e+00 4.171719999999999651e+00 2.994209999999999816e+00 2.651510000000000034e+00 2.695600000000000218e+00 2.671110000000000095e+00 3.999950000000000117e+00 3.690280000000000005e+00 4.866010000000000169e+00
2.298039999999999861e+00 3.608049999999999979e+00 3.288829999999999920e+00 2.274340000000000028e+00 1.968849999999999989e+00 3.351360000000000117e+00 2.916399999999999881e+00 2.621589999999999865e+00 3.092429999999999790e+00 2.855919999999999792e+00 2.737130000000000063e+00
1.246439999999999992e+00 1.874370000000000092e+00 1.888319999999999999e+00 1.928169999999999940e+00 1.428870000000000084e+00 1.862530000000000019e+00 1.727130000000000054e+00 1.674139999999999961e+00 1.802079999999999904e+00 1.780540000000000012e+00 1.759470000000000089e+00
2.171819999999999862e+00 3.210820000000000007e+00 3.037970000000000059e+00 3.167240000000000055e+00 1.904579999999999940e+00 3.376129999999999853e+00 2.768349999999999866e+00 2.500230000000000175e+00 2.875440000000000218e+00 2.823710000000000164e+00 2.610489999999999977e+00
3.098650000000000126e+00 4.930489999999999817e+00 4.353909999999999947e+00 3.304269999999999818e+00 2.575289999999999857e+00 4.276600000000000179e+00 3.036529999999999951e+00 2.601570000000000160e+00 4.116979999999999862e+00 3.651120000000000143e+00 3.443890000000000118e+00
2.592239999999999878e+00 4.216219999999999857e+00 3.122749999999999915e+00 3.807449999999999779e+00 2.186199999999999921e+00 3.824879999999999836e+00 3.212769999999999904e+00 2.287690000000000001e+00 2.027249999999999996e+00 3.228940000000000143e+00 2.882719999999999949e+00
1.493559999999999999e+00 2.212610000000000188e+00 2.203019999999999978e+00 2.208359999999999879e+00 1.421319999999999917e+00 2.132540000000000102e+00 1.966290000000000093e+00 1.895329999999999959e+00 2.070250000000000146e+00 1.995460000000000012e+00 1.974990000000000023e+00
3.126609999999999889e+00 3.974839999999999929e+00 4.302669999999999995e+00 3.739869999999999806e+00 2.570619999999999905e+00 4.326030000000000264e+00 3.262000000000000011e+00 2.622860000000000191e+00 4.155240000000000045e+00 3.737499999999999822e+00 3.365180000000000060e+00
1.842489999999999961e+00 2.169490000000000141e+00 2.627439999999999998e+00 3.012610000000000010e+00 1.624109999999999943e+00 2.759279999999999955e+00 2.373780000000000001e+00 2.283009999999999984e+00 2.515540000000000109e+00 2.449699999999999989e+00 2.359239999999999782e+00
1.972169999999999979e+00 2.777620000000000200e+00 2.787799999999999834e+00 2.919869999999999965e+00 1.995200000000000085e+00 2.976490000000000080e+00 2.000550000000000050e+00 2.288860000000000117e+00 2.642700000000000049e+00 2.562059999999999782e+00 2.359109999999999818e+00
1.921920000000000073e+00 2.854690000000000172e+00 2.922050000000000036e+00 3.032340000000000035e+00 1.906800000000000050e+00 2.994990000000000041e+00 2.397619999999999862e+00 2.384170000000000122e+00 2.666319999999999801e+00 2.600309999999999899e+00 2.255580000000000140e+00
2.839770000000000127e+00 4.433970000000000411e+00 4.154449999999999754e+00 4.436910000000000132e+00 2.376059999999999839e+00 4.158439999999999692e+00 3.356040000000000134e+00 3.080989999999999895e+00 3.605100000000000193e+00 1.967629999999999990e+00 3.167069999999999830e+00
1.412560000000000038e+00 1.807790000000000008e+00 1.733109999999999928e+00 1.802009999999999890e+00 1.367080000000000073e+00 1.747900000000000009e+00 1.635080000000000089e+00 1.594170000000000087e+00 1.712749999999999995e+00 1.692849999999999966e+00 1.675079999999999902e+00
2.203409999999999869e+00 3.433840000000000003e+00 3.300409999999999844e+00 3.107409999999999783e+00 1.906279999999999974e+00 3.187399999999999789e+00 2.705470000000000041e+00 2.681680000000000064e+00 3.018979999999999997e+00 2.915470000000000006e+00 2.733290000000000219e+00
2.330090000000000217e+00 3.497850000000000126e+00 3.401539999999999786e+00 3.478409999999999780e+00 2.002650000000000041e+00 3.279059999999999864e+00 2.795389999999999819e+00 2.761699999999999822e+00 3.175209999999999866e+00 3.034199999999999786e+00 2.685779999999999834e+00
1.524380000000000068e+00 2.197449999999999903e+00 2.232549999999999812e+00 2.397499999999999964e+00 1.630989999999999940e+00 2.218859999999999832e+00 1.945060000000000011e+00 1.915340000000000042e+00 2.083790000000000031e+00 2.008220000000000116e+00 1.989980000000000082e+00
2.092029999999999834e+00 3.322519999999999918e+00 3.029440000000000133e+00 3.334360000000000213e+00 2.008210000000000051e+00 2.298719999999999875e+00 2.571149999999999824e+00 2.206529999999999880e+00 2.843049999999999855e+00 2.759399999999999853e+00 2.571309999999999985e+00
2.045319999999999805e+00 2.809709999999999930e+00 3.103810000000000180e+00 2.787500000000000089e+00 1.953130000000000033e+00 3.110320000000000196e+00 2.601700000000000124e+00 2.381079999999999863e+00 2.739399999999999835e+00 2.637420000000000098e+00 2.441650000000000098e+00
3.303620000000000001e+00 4.010650000000000048e+00 3.737659999999999982e+00 4.771749999999999936e+00 2.594840000000000035e+00 4.205280000000000129e+00 2.971820000000000128e+00 3.446450000000000014e+00 4.218609999999999971e+00 3.820650000000000102e+00 3.535330000000000084e+00
1.578959999999999919e+00 2.061519999999999797e+00 1.909200000000000008e+00 2.036410000000000053e+00 1.172579999999999956e+00 1.952099999999999946e+00 1.763940000000000063e+00 1.748150000000000093e+00 1.872600000000000042e+00 1.806270000000000042e+00 1.795039999999999969e+00
3.806579999999999853e+00 4.550259999999999749e+00 4.265530000000000044e+00 3.895439999999999792e+00 2.920230000000000103e+00 3.519540000000000113e+00 4.076380000000000337e+00 3.842639999999999834e+00 4.633000000000000007e+00 4.281880000000000130e+00 5.436679999999999957e+00
2.131400000000000183e+00 3.464449999999999807e+00 3.104159999999999808e+00 3.290430000000000188e+00 1.852700000000000014e+00 3.119099999999999984e+00 2.126020000000000021e+00 2.477259999999999796e+00 2.971130000000000049e+00 2.721070000000000100e+00 2.619400000000000173e+00
1.834310000000000107e+00 2.515979999999999883e+00 2.197610000000000063e+00 2.521920000000000162e+00 1.535979999999999901e+00 2.344679999999999875e+00 1.998850000000000016e+00 2.014619999999999855e+00 2.177340000000000053e+00 2.101970000000000116e+00 1.906509999999999927e+00
3.212810000000000166e+00 4.280050000000000132e+00 3.750779999999999781e+00 4.702219999999999622e+00 2.535320000000000018e+00 4.497989999999999711e+00 2.837340000000000195e+00 3.385720000000000063e+00 4.125689999999999635e+00 3.857079999999999842e+00 5.076489999999999725e+00
4.975710000000000299e+00 6.382419999999999760e+00 5.437149999999999928e+00 6.358839999999999826e+00 3.887649999999999828e+00 6.014050000000000118e+00 4.083000000000000185e+00 4.078409999999999869e+00 5.572919999999999874e+00 5.350240000000000329e+00 9.842959999999999710e+00
5.208470000000000155e+00 7.571270000000000167e+00 5.774420000000000108e+00 5.075370000000000381e+00 4.031900000000000261e+00 4.519660000000000011e+00 5.267660000000000231e+00 3.824720000000000120e+00 5.912349999999999994e+00 2.862789999999999946e+00 4.782890000000000086e+00
2.891290000000000138e+00 4.240339999999999776e+00 4.423530000000000406e+00 4.093079999999999607e+00 2.388230000000000075e+00 2.714459999999999873e+00 2.710469999999999935e+00 2.743269999999999875e+00 3.795510000000000161e+00 3.542790000000000106e+00 3.155689999999999884e+00
3.173789999999999889e+00 3.949069999999999858e+00 4.294970000000000176e+00 4.362440000000000317e+00 2.523950000000000138e+00 4.296280000000000321e+00 3.104159999999999808e+00 2.652340000000000142e+00 4.127500000000000391e+00 2.102100000000000080e+00 3.390130000000000088e+00
1.357299999999999951e+00 2.146009999999999973e+00 1.979270000000000085e+00 2.137220000000000120e+00 1.215640000000000054e+00 1.994860000000000078e+00 1.826040000000000108e+00 1.804910000000000014e+00 1.927419999999999911e+00 1.834310000000000107e+00 1.762739999999999974e+00
1.625969999999999915e+00 2.454889999999999795e+00 2.411750000000000060e+00 2.521819999999999951e+00 1.455799999999999983e+00 2.371970000000000134e+00 2.118170000000000108e+00 1.955109999999999904e+00 2.144639999999999880e+00 2.131009999999999849e+00 2.094850000000000101e+00
1.655750000000000055e+00 2.170640000000000125e+00 1.969899999999999984e+00 2.233709999999999862e+00 1.544419999999999904e+00 1.871899999999999897e+00 1.812289999999999957e+00 1.809250000000000025e+00 1.932460000000000067e+00 1.867729999999999890e+00 1.842789999999999928e+00
1.830179999999999918e+00 4.170810000000000350e+00 2.597820000000000018e+00 2.935080000000000133e+00 1.621259999999999923e+00 2.593179999999999819e+00 2.352910000000000057e+00 2.257350000000000190e+00 2.459810000000000052e+00 2.409209999999999852e+00 2.233340000000000103e+00
2.004669999999999952e+00 2.573970000000000091e+00 3.025770000000000071e+00 3.455929999999999946e+00 2.144600000000000062e+00 2.986130000000000173e+00 3.594720000000000137e+00 2.214220000000000077e+00 2.661999999999999922e+00 2.643339999999999801e+00 2.347830000000000084e+00
1.248699999999999921e+00 1.933130000000000015e+00 1.891350000000000087e+00 1.928620000000000001e+00 1.327870000000000106e+00 1.899610000000000021e+00 1.744180000000000064e+00 1.688870000000000093e+00 1.838740000000000041e+00 1.752410000000000023e+00 1.734979999999999967e+00
2.453860000000000152e+00 3.827449999999999797e+00 3.701449999999999907e+00 3.334010000000000140e+00 2.104220000000000201e+00 3.390709999999999891e+00 2.908160000000000078e+00 2.373580000000000023e+00 1.955759999999999943e+00 3.196919999999999984e+00 2.934849999999999959e+00
1.779500000000000082e+00 2.789909999999999890e+00 2.177970000000000184e+00 2.756629999999999914e+00 1.581650000000000000e+00 2.441969999999999974e+00 1.629829999999999890e+00 2.058489999999999931e+00 2.354680000000000106e+00 2.283879999999999910e+00 2.315069999999999961e+00
1.400309999999999944e+00 1.751339999999999897e+00 1.721309999999999896e+00 1.771309999999999940e+00 1.341420000000000057e+00 1.691400000000000015e+00 1.591299999999999937e+00 1.551979999999999915e+00 1.659359999999999946e+00 1.641389999999999905e+00 1.618409999999999904e+00
2.449489999999999945e+00 4.138980000000000103e+00 3.141379999999999839e+00 3.646920000000000162e+00 2.087579999999999991e+00 3.207160000000000011e+00 2.899680000000000035e+00 2.109049999999999869e+00 3.348640000000000061e+00 3.017729999999999801e+00 2.874909999999999854e+00
5.235590000000000188e+00 7.084629999999999761e+00 5.661620000000000097e+00 6.306160000000000210e+00 4.756949999999999790e+00 6.036959999999999660e+00 4.026939999999999742e+00 3.575019999999999865e+00 5.308919999999999639e+00 5.082869999999999777e+00 4.908339999999999925e+00
3.279780000000000140e+00 4.742499999999999716e+00 4.265240000000000364e+00 4.643169999999999575e+00 2.519080000000000208e+00 2.739090000000000025e+00 2.861509999999999998e+00 3.116319999999999979e+00 3.714309999999999778e+00 3.759819999999999940e+00 3.252380000000000049e+00
1.357320000000000082e+00 2.038569999999999993e+00 2.053059999999999885e+00 2.131069999999999798e+00 1.243130000000000068e+00 1.955950000000000077e+00 1.799099999999999921e+00 1.724059999999999926e+00 1.870570000000000066e+00 1.824689999999999923e+00 1.858039999999999914e+00
4.803160000000000096e+00 6.831430000000000113e+00 5.975979999999999848e+00 4.763729999999999798e+00 3.653929999999999900e+00 3.877409999999999801e+00 3.757029999999999870e+00 3.356609999999999872e+00 5.157370000000000232e+00 2.596169999999999867e+00 6.636009999999999742e+00
2.145929999999999893e+00 3.509980000000000100e+00 3.202479999999999993e+00 3.202290000000000081e+00 1.872970000000000024e+00 3.171829999999999927e+00 2.680060000000000109e+00 2.438870000000000093e+00 2.857439999999999980e+00 2.796730000000000160e+00 2.497900000000000009e+00
1.859599999999999920e+00 2.966790000000000038e+00 2.754770000000000163e+00 2.804699999999999971e+00 1.648760000000000003e+00 2.581430000000000113e+00 2.275589999999999780e+00 2.172839999999999883e+00 2.511789999999999967e+00 2.390620000000000189e+00 2.343189999999999884e+00
1.830249999999999932e+00 2.810220000000000162e+00 2.699219999999999953e+00 2.570160000000000000e+00 1.627820000000000045e+00 2.898509999999999920e+00 2.375680000000000014e+00 2.235320000000000196e+00 2.570870000000000211e+00 2.512570000000000192e+00 2.375910000000000188e+00
4.089559999999999640e+00 4.971059999999999590e+00 4.819429999999999659e+00 4.641820000000000057e+00 3.212880000000000180e+00 3.221649999999999903e+00 4.109320000000000306e+00 3.029770000000000074e+00 2.671940000000000204e+00 4.426999999999999602e+00 2.185700000000000198e+00
1.271509999999999918e+00 1.526950000000000029e+00 1.515320000000000000e+00 1.571830000000000060e+00 1.242990000000000039e+00 1.529330000000000078e+00 1.457529999999999992e+00 1.434700000000000086e+00 1.538610000000000033e+00 1.528639999999999999e+00 1.522450000000000081e+00
1.609350000000000058e+00 2.379989999999999828e+00 2.193280000000000118e+00 2.537760000000000016e+00 1.718110000000000026e+00 2.322449999999999903e+00 1.973999999999999977e+00 1.972599999999999909e+00 2.112659999999999982e+00 2.080830000000000179e+00 2.081710000000000171e+00
2.273789999999999978e+00 3.952770000000000117e+00 2.887659999999999894e+00 3.418550000000000200e+00 1.974960000000000049e+00 3.474169999999999980e+00 2.179139999999999855e+00 2.528270000000000017e+00 2.984379999999999811e+00 2.969700000000000006e+00 2.696410000000000196e+00
2.122170000000000112e+00 3.603120000000000100e+00 2.914039999999999964e+00 2.339020000000000099e+00 2.119580000000000020e+00 3.206760000000000055e+00 2.728340000000000209e+00 1.912069999999999936e+00 2.809590000000000032e+00 2.748530000000000140e+00 2.500989999999999824e+00
2.444830000000000059e+00 4.033839999999999648e+00 3.355879999999999974e+00 3.576639999999999819e+00 2.089039999999999786e+00 3.717569999999999819e+00 2.926309999999999967e+00 2.754910000000000192e+00 3.259990000000000165e+00 3.150990000000000180e+00 2.812650000000000095e+00
1.811739999999999906e+00 2.899880000000000013e+00 2.884720000000000173e+00 2.725190000000000001e+00 1.607760000000000078e+00 2.507190000000000030e+00 2.192989999999999995e+00 2.072290000000000187e+00 2.441040000000000099e+00 2.304339999999999833e+00 2.343649999999999789e+00
3.042359999999999953e+00 4.377080000000000304e+00 4.245230000000000281e+00 4.345349999999999824e+00 2.383160000000000167e+00 4.688620000000000232e+00 2.474979999999999958e+00 3.007509999999999906e+00 3.488329999999999931e+00 3.360920000000000130e+00 3.189220000000000166e+00
1.387480000000000047e+00 1.729149999999999965e+00 1.711559999999999970e+00 1.753940000000000055e+00 1.336729999999999974e+00 1.685329999999999995e+00 1.577550000000000008e+00 1.544620000000000104e+00 1.656949999999999923e+00 1.641950000000000021e+00 1.633650000000000047e+00
3.498790000000000067e+00 4.354529999999999568e+00 3.877229999999999954e+00 4.924699999999999633e+00 2.706580000000000208e+00 3.438569999999999904e+00 2.891049999999999898e+00 2.709459999999999980e+00 2.352069999999999883e+00 2.118209999999999926e+00 3.525009999999999977e+00
1.874370000000000092e+00 2.331970000000000098e+00 2.807069999999999954e+00 2.930410000000000181e+00 1.921049999999999924e+00 2.773099999999999898e+00 2.325359999999999872e+00 2.201700000000000212e+00 2.534609999999999808e+00 2.496770000000000156e+00 2.434769999999999879e+00
1.450309999999999988e+00 2.158589999999999787e+00 2.229890000000000150e+00 2.205249999999999932e+00 1.318070000000000075e+00 2.165540000000000020e+00 1.962639999999999940e+00 1.879709999999999992e+00 2.047039999999999971e+00 1.966329999999999911e+00 1.958269999999999955e+00
3.136229999999999851e+00 4.262400000000000411e+00 3.978390000000000093e+00 3.259349999999999969e+00 2.491639999999999855e+00 4.447659999999999947e+00 3.091990000000000016e+00 3.199250000000000149e+00 3.884999999999999787e+00 3.768149999999999888e+00 3.393029999999999990e+00
4.563299999999999912e+00 6.561580000000000190e+00 5.528640000000000221e+00 4.190120000000000289e+00 3.529430000000000067e+00 5.356250000000000178e+00 4.660969999999999835e+00 3.493240000000000123e+00 5.020410000000000039e+00 4.838530000000000442e+00 5.958289999999999864e+00
5.191900000000000404e+00 6.132889999999999731e+00 6.629879999999999995e+00 6.920759999999999579e+00 3.986759999999999859e+00 4.118430000000000035e+00 3.967389999999999972e+00 3.592849999999999877e+00 3.198230000000000128e+00 2.737010000000000165e+00 6.697610000000000063e+00
3.377050000000000107e+00 4.740269999999999762e+00 3.858810000000000073e+00 4.733799999999999564e+00 2.651219999999999910e+00 4.499719999999999942e+00 3.128369999999999873e+00 2.652969999999999828e+00 4.079060000000000130e+00 3.917940000000000200e+00 3.451080000000000148e+00
3.876910000000000078e+00 4.715939999999999799e+00 5.146169999999999689e+00 5.154700000000000060e+00 3.066949999999999843e+00 5.509500000000000064e+00 3.092960000000000154e+00 2.845749999999999780e+00 4.434759999999999813e+00 2.245439999999999880e+00 3.802929999999999922e+00
1.246750000000000025e+00 1.912320000000000020e+00 1.914039999999999964e+00 1.954309999999999992e+00 1.431319999999999926e+00 1.887420000000000098e+00 1.735239999999999894e+00 1.683759999999999923e+00 1.810140000000000082e+00 1.732830000000000092e+00 1.762610000000000010e+00
2.110850000000000115e+00 2.739230000000000054e+00 3.024729999999999919e+00 2.499559999999999782e+00 1.843059999999999921e+00 2.925619999999999887e+00 2.629440000000000222e+00 2.385530000000000150e+00 2.765979999999999883e+00 2.779209999999999958e+00 2.398629999999999818e+00
1.397850000000000037e+00 2.174059999999999881e+00 1.992769999999999930e+00 2.246780000000000221e+00 1.280089999999999950e+00 2.076210000000000111e+00 1.856789999999999941e+00 1.672299999999999898e+00 1.934949999999999948e+00 1.881720000000000059e+00 1.834119999999999973e+00
2.127899999999999903e+00 3.775490000000000013e+00 3.010930000000000106e+00 3.248419999999999863e+00 1.854850000000000110e+00 2.673900000000000166e+00 2.592610000000000081e+00 2.374979999999999869e+00 2.831739999999999924e+00 2.779609999999999914e+00 2.516449999999999854e+00
