1.757130000000000081e+00 1.697990000000000110e+00 1.639960000000000084e+00 1.583050000000000068e+00 1.527139999999999942e+00 1.472040000000000015e+00 1.417559999999999931e+00 1.363520000000000065e+00 1.309940000000000104e+00 1.257120000000000015e+00 1.205729999999999968e+00 1.157110000000000083e+00 1.113329999999999931e+00 1.076449999999999907e+00 1.048310000000000075e+00 1.028100000000000014e+00
1.102629999999999999e+00 1.096360000000000001e+00 1.090300000000000047e+00 1.084410000000000096e+00 1.078650000000000109e+00 1.073010000000000019e+00 1.067460000000000075e+00 1.062030000000000030e+00 1.056710000000000038e+00 1.051530000000000076e+00 1.046499999999999986e+00 1.041630000000000056e+00 1.036980000000000013e+00 1.032729999999999926e+00 1.029050000000000020e+00 1.025889999999999969e+00
1.770839999999999970e+00 1.710709999999999953e+00 1.651580000000000048e+00 1.593360000000000110e+00 1.535900000000000043e+00 1.478990000000000027e+00 1.422500000000000098e+00 1.366360000000000019e+00 1.310650000000000093e+00 1.255670000000000064e+00 1.202190000000000092e+00 1.151899999999999924e+00 1.107679999999999998e+00 1.071590000000000042e+00 1.043959999999999999e+00 1.023309999999999942e+00
2.413469999999999782e+00 2.305740000000000123e+00 2.199559999999999960e+00 2.095040000000000013e+00 1.992259999999999920e+00 1.891080000000000094e+00 1.791139999999999954e+00 1.692039999999999988e+00 1.593409999999999993e+00 1.495100000000000096e+00 1.397259999999999946e+00 1.300640000000000018e+00 1.207510000000000083e+00 1.124740000000000073e+00 1.063309999999999977e+00 1.023989999999999956e+00
1.026010000000000089e+00 1.026010000000000089e+00 1.026010000000000089e+00 1.026000000000000023e+00 1.026000000000000023e+00 1.025989999999999958e+00 1.025989999999999958e+00 1.025979999999999892e+00 1.025979999999999892e+00 1.025970000000000049e+00 1.025970000000000049e+00 1.025959999999999983e+00 1.025959999999999983e+00 1.025949999999999918e+00 1.025949999999999918e+00 1.025949999999999918e+00
2.305349999999999788e+00 2.205789999999999917e+00 2.107680000000000220e+00 2.011109999999999953e+00 1.916120000000000045e+00 1.822480000000000100e+00 1.729789999999999939e+00 1.637699999999999934e+00 1.546100000000000030e+00 1.454930000000000057e+00 1.364500000000000046e+00 1.275590000000000002e+00 1.190430000000000099e+00 1.115520000000000067e+00 1.059549999999999992e+00 1.023490000000000011e+00
3.020480000000000054e+00 2.867780000000000218e+00 2.717109999999999914e+00 2.568620000000000125e+00 2.422460000000000058e+00 2.278490000000000126e+00 2.136340000000000128e+00 1.995540000000000092e+00 1.855620000000000047e+00 1.716190000000000104e+00 1.577110000000000012e+00 1.438609999999999944e+00 1.302170000000000050e+00 1.176409999999999956e+00 1.083269999999999955e+00 1.025689999999999991e+00
2.780759999999999899e+00 2.644839999999999858e+00 2.510839999999999961e+00 2.378960000000000186e+00 2.249280000000000168e+00 2.121589999999999865e+00 1.995519999999999960e+00 1.870619999999999949e+00 1.746510000000000007e+00 1.622949999999999893e+00 1.500050000000000106e+00 1.378239999999999910e+00 1.259460000000000024e+00 1.152889999999999970e+00 1.074580000000000091e+00 1.024359999999999937e+00
1.457500000000000018e+00 1.420460000000000056e+00 1.384249999999999980e+00 1.348850000000000104e+00 1.314210000000000100e+00 1.280189999999999939e+00 1.246669999999999945e+00 1.213689999999999936e+00 1.181470000000000020e+00 1.150449999999999973e+00 1.121259999999999923e+00 1.094589999999999952e+00 1.070780000000000065e+00 1.050089999999999968e+00 1.033190000000000053e+00 1.020240000000000036e+00
4.201529999999999987e+00 3.955159999999999787e+00 3.712110000000000021e+00 3.472830000000000084e+00 3.237729999999999997e+00 3.006930000000000103e+00 2.780209999999999848e+00 2.557189999999999852e+00 2.337509999999999977e+00 2.120740000000000069e+00 1.906670000000000087e+00 1.695040000000000102e+00 1.486310000000000020e+00 1.287819999999999965e+00 1.130500000000000060e+00 1.030599999999999961e+00
1.554810000000000025e+00 1.510639999999999983e+00 1.467119999999999980e+00 1.424129999999999896e+00 1.381580000000000030e+00 1.339420000000000055e+00 1.297739999999999894e+00 1.256739999999999968e+00 1.216920000000000002e+00 1.179049999999999931e+00 1.144039999999999946e+00 1.112589999999999968e+00 1.085040000000000004e+00 1.061469999999999914e+00 1.041670000000000096e+00 1.025090000000000057e+00
1.736760000000000081e+00 1.678339999999999943e+00 1.620970000000000022e+00 1.564650000000000096e+00 1.509360000000000035e+00 1.454949999999999966e+00 1.401200000000000001e+00 1.348009999999999931e+00 1.295379999999999976e+00 1.243549999999999933e+00 1.193200000000000038e+00 1.145720000000000072e+00 1.103290000000000104e+00 1.067539999999999933e+00 1.039840000000000098e+00 1.020359999999999934e+00
1.358570000000000055e+00 1.329939999999999900e+00 1.301739999999999897e+00 1.273910000000000098e+00 1.246480000000000032e+00 1.219500000000000028e+00 1.193159999999999998e+00 1.167689999999999895e+00 1.143389999999999906e+00 1.120540000000000092e+00 1.099409999999999998e+00 1.080149999999999944e+00 1.062859999999999916e+00 1.047670000000000101e+00 1.034589999999999899e+00 1.023320000000000007e+00
3.044659999999999922e+00 2.887560000000000127e+00 2.732790000000000052e+00 2.580600000000000005e+00 2.431090000000000195e+00 2.284079999999999888e+00 2.139219999999999899e+00 1.996010000000000062e+00 1.854000000000000092e+00 1.712879999999999958e+00 1.572599999999999998e+00 1.433570000000000011e+00 1.297860000000000014e+00 1.175450000000000106e+00 1.084430000000000005e+00 1.025279999999999969e+00
1.026650000000000063e+00 1.026589999999999892e+00 1.026520000000000099e+00 1.026450000000000085e+00 1.026380000000000070e+00 1.026310000000000056e+00 1.026229999999999976e+00 1.026149999999999896e+00 1.026059999999999972e+00 1.025959999999999983e+00 1.025870000000000060e+00 1.025760000000000005e+00 1.025660000000000016e+00 1.025560000000000027e+00 1.025470000000000104e+00 1.025400000000000089e+00
1.279979999999999896e+00 1.257779999999999898e+00 1.236189999999999900e+00 1.215160000000000018e+00 1.194649999999999990e+00 1.174600000000000088e+00 1.155049999999999910e+00 1.136130000000000084e+00 1.118020000000000014e+00 1.100859999999999950e+00 1.084799999999999986e+00 1.069760000000000044e+00 1.055779999999999941e+00 1.043269999999999920e+00 1.032890000000000086e+00 1.024489999999999901e+00
2.016099999999999781e+00 1.936630000000000074e+00 1.858559999999999990e+00 1.781809999999999894e+00 1.706210000000000004e+00 1.631550000000000056e+00 1.557600000000000096e+00 1.484180000000000055e+00 1.411270000000000024e+00 1.339139999999999997e+00 1.268499999999999961e+00 1.201259999999999994e+00 1.141319999999999890e+00 1.092349999999999932e+00 1.054840000000000000e+00 1.026699999999999946e+00
1.386670000000000069e+00 1.355660000000000087e+00 1.325120000000000076e+00 1.294950000000000045e+00 1.265099999999999891e+00 1.235559999999999992e+00 1.206450000000000022e+00 1.177990000000000093e+00 1.150600000000000067e+00 1.124819999999999931e+00 1.101169999999999982e+00 1.080000000000000071e+00 1.061399999999999899e+00 1.045520000000000005e+00 1.032310000000000061e+00 1.021309999999999940e+00
1.615779999999999994e+00 1.567280000000000006e+00 1.519660000000000011e+00 1.472820000000000018e+00 1.426609999999999934e+00 1.380870000000000042e+00 1.335509999999999975e+00 1.290550000000000086e+00 1.246220000000000105e+00 1.203019999999999978e+00 1.161890000000000089e+00 1.124139999999999917e+00 1.091099999999999959e+00 1.063620000000000010e+00 1.041779999999999928e+00 1.024559999999999915e+00
2.080670000000000019e+00 1.997819999999999929e+00 1.916239999999999943e+00 1.836009999999999920e+00 1.757160000000000055e+00 1.679499999999999993e+00 1.602680000000000105e+00 1.526429999999999954e+00 1.450530000000000097e+00 1.374980000000000091e+00 1.300159999999999982e+00 1.227139999999999898e+00 1.158579999999999943e+00 1.099509999999999987e+00 1.054769999999999985e+00 1.025239999999999929e+00
1.931340000000000057e+00 1.859159999999999924e+00 1.788240000000000052e+00 1.718550000000000022e+00 1.649899999999999922e+00 1.582109999999999905e+00 1.514890000000000070e+00 1.448069999999999968e+00 1.381569999999999965e+00 1.315620000000000012e+00 1.250890000000000057e+00 1.188919999999999977e+00 1.132630000000000026e+00 1.085869999999999891e+00 1.050380000000000091e+00 1.024529999999999941e+00
1.177810000000000024e+00 1.164060000000000095e+00 1.150840000000000085e+00 1.138120000000000021e+00 1.125879999999999992e+00 1.114109999999999934e+00 1.102740000000000054e+00 1.091820000000000013e+00 1.081360000000000099e+00 1.071360000000000090e+00 1.061839999999999895e+00 1.052810000000000024e+00 1.044289999999999941e+00 1.036550000000000082e+00 1.029870000000000063e+00 1.024199999999999999e+00
2.613919999999999799e+00 2.489310000000000134e+00 2.366769999999999818e+00 2.246360000000000134e+00 2.127930000000000099e+00 2.011219999999999786e+00 1.895869999999999944e+00 1.781509999999999927e+00 1.667850000000000055e+00 1.554799999999999960e+00 1.442639999999999922e+00 1.332489999999999952e+00 1.228660000000000085e+00 1.140570000000000084e+00 1.074400000000000022e+00 1.027279999999999971e+00
1.983470000000000066e+00 1.906430000000000069e+00 1.830799999999999983e+00 1.756559999999999899e+00 1.683650000000000091e+00 1.611839999999999939e+00 1.540829999999999922e+00 1.470390000000000086e+00 1.400470000000000104e+00 1.331329999999999902e+00 1.263619999999999965e+00 1.198870000000000102e+00 1.139820000000000055e+00 1.089879999999999960e+00 1.051469999999999905e+00 1.023740000000000094e+00
1.165529999999999955e+00 1.152670000000000083e+00 1.140190000000000037e+00 1.128079999999999972e+00 1.116360000000000019e+00 1.105059999999999931e+00 1.094200000000000061e+00 1.083830000000000071e+00 1.073970000000000091e+00 1.064640000000000031e+00 1.055849999999999955e+00 1.047649999999999970e+00 1.040049999999999919e+00 1.033169999999999922e+00 1.027069999999999927e+00 1.021689999999999987e+00
2.141360000000000152e+00 2.053160000000000096e+00 1.966490000000000071e+00 1.881199999999999983e+00 1.797069999999999945e+00 1.713799999999999990e+00 1.631089999999999929e+00 1.548720000000000097e+00 1.466660000000000075e+00 1.385210000000000052e+00 1.305099999999999927e+00 1.228220000000000089e+00 1.158879999999999910e+00 1.101469999999999949e+00 1.057399999999999896e+00 1.024580000000000046e+00
2.404650000000000176e+00 2.296660000000000146e+00 2.190640000000000143e+00 2.086489999999999956e+00 1.983980000000000077e+00 1.882779999999999898e+00 1.782459999999999933e+00 1.682670000000000110e+00 1.583190000000000097e+00 1.483999999999999986e+00 1.385469999999999979e+00 1.288869999999999960e+00 1.198939999999999895e+00 1.123809999999999976e+00 1.066799999999999971e+00 1.025349999999999984e+00
3.533959999999999990e+00 3.340660000000000185e+00 3.149960000000000093e+00 2.962130000000000152e+00 2.777369999999999894e+00 2.595689999999999831e+00 2.416780000000000150e+00 2.240219999999999878e+00 2.065519999999999801e+00 1.892249999999999988e+00 1.720210000000000017e+00 1.549409999999999954e+00 1.381110000000000060e+00 1.223810000000000064e+00 1.103369999999999962e+00 1.027649999999999952e+00
2.552490000000000148e+00 2.431220000000000159e+00 2.312129999999999797e+00 2.195339999999999847e+00 2.080769999999999786e+00 1.968190000000000106e+00 1.857240000000000002e+00 1.747409999999999908e+00 1.638339999999999907e+00 1.529930000000000012e+00 1.422439999999999927e+00 1.316969999999999974e+00 1.216979999999999951e+00 1.130719999999999947e+00 1.065830000000000055e+00 1.020569999999999977e+00
2.345439999999999969e+00 2.242150000000000087e+00 2.140530000000000044e+00 2.040659999999999918e+00 1.942479999999999984e+00 1.845790000000000042e+00 1.750229999999999952e+00 1.655440000000000023e+00 1.561120000000000063e+00 1.467189999999999994e+00 1.373939999999999939e+00 1.282350000000000101e+00 1.195759999999999934e+00 1.121899999999999897e+00 1.067059999999999897e+00 1.029260000000000064e+00
1.065450000000000008e+00 1.062540000000000040e+00 1.059660000000000046e+00 1.056799999999999962e+00 1.053930000000000033e+00 1.051060000000000105e+00 1.048189999999999955e+00 1.045320000000000027e+00 1.042489999999999917e+00 1.039700000000000069e+00 1.036990000000000078e+00 1.034370000000000012e+00 1.031889999999999974e+00 1.029630000000000045e+00 1.027630000000000043e+00 1.025859999999999994e+00
1.504769999999999941e+00 1.464159999999999906e+00 1.424439999999999928e+00 1.385599999999999943e+00 1.347590000000000066e+00 1.310259999999999980e+00 1.273500000000000076e+00 1.237279999999999935e+00 1.201750000000000096e+00 1.167289999999999939e+00 1.134509999999999907e+00 1.104230000000000045e+00 1.077180000000000026e+00 1.054040000000000088e+00 1.036019999999999941e+00 1.022729999999999917e+00
1.215519999999999934e+00 1.198870000000000102e+00 1.182779999999999943e+00 1.167200000000000015e+00 1.152099999999999902e+00 1.137399999999999967e+00 1.123129999999999962e+00 1.109280000000000044e+00 1.095920000000000005e+00 1.083139999999999992e+00 1.070980000000000043e+00 1.059479999999999977e+00 1.048689999999999900e+00 1.038999999999999924e+00 1.031139999999999946e+00 1.025069999999999926e+00
1.691550000000000109e+00 1.636889999999999956e+00 1.583199999999999941e+00 1.530389999999999917e+00 1.478310000000000013e+00 1.426809999999999912e+00 1.375750000000000028e+00 1.325069999999999970e+00 1.274969999999999937e+00 1.225999999999999979e+00 1.179259999999999975e+00 1.136349999999999971e+00 1.098770000000000024e+00 1.067229999999999901e+00 1.042219999999999924e+00 1.022909999999999986e+00
1.560650000000000093e+00 1.516399999999999970e+00 1.473009999999999931e+00 1.430399999999999894e+00 1.388500000000000068e+00 1.347120000000000095e+00 1.306140000000000079e+00 1.265540000000000109e+00 1.225459999999999994e+00 1.186320000000000041e+00 1.148849999999999927e+00 1.114119999999999999e+00 1.083190000000000097e+00 1.056780000000000053e+00 1.036389999999999922e+00 1.021649999999999947e+00
1.100009999999999932e+00 1.093259999999999899e+00 1.086759999999999948e+00 1.080510000000000081e+00 1.074449999999999905e+00 1.068510000000000071e+00 1.062710000000000043e+00 1.057010000000000005e+00 1.051420000000000021e+00 1.045960000000000001e+00 1.040640000000000009e+00 1.035490000000000022e+00 1.030599999999999961e+00 1.026170000000000027e+00 1.022350000000000092e+00 1.019060000000000077e+00
1.778960000000000097e+00 1.718439999999999968e+00 1.658959999999999990e+00 1.600430000000000019e+00 1.542680000000000051e+00 1.485489999999999977e+00 1.428630000000000067e+00 1.372020000000000017e+00 1.315690000000000026e+00 1.259940000000000060e+00 1.205480000000000107e+00 1.153999999999999915e+00 1.108479999999999910e+00 1.071250000000000036e+00 1.042869999999999964e+00 1.021970000000000045e+00
2.097490000000000077e+00 2.013149999999999995e+00 1.930180000000000007e+00 1.848589999999999955e+00 1.768289999999999917e+00 1.689009999999999900e+00 1.610400000000000054e+00 1.532229999999999981e+00 1.454390000000000072e+00 1.377119999999999900e+00 1.301039999999999974e+00 1.227360000000000007e+00 1.158449999999999980e+00 1.098330000000000028e+00 1.052429999999999977e+00 1.022119999999999918e+00
1.219319999999999959e+00 1.201559999999999961e+00 1.184350000000000014e+00 1.167669999999999986e+00 1.151540000000000008e+00 1.135979999999999990e+00 1.121070000000000011e+00 1.106899999999999995e+00 1.093579999999999997e+00 1.081040000000000001e+00 1.069299999999999917e+00 1.058370000000000033e+00 1.048259999999999970e+00 1.038960000000000106e+00 1.030710000000000015e+00 1.023609999999999909e+00
2.519050000000000011e+00 2.403979999999999784e+00 2.290890000000000093e+00 2.179850000000000065e+00 2.070770000000000000e+00 1.963279999999999914e+00 1.856819999999999915e+00 1.751009999999999955e+00 1.645610000000000017e+00 1.540689999999999893e+00 1.436639999999999917e+00 1.334179999999999922e+00 1.234760000000000080e+00 1.143499999999999961e+00 1.073110000000000008e+00 1.027749999999999941e+00
3.212979999999999947e+00 3.046870000000000189e+00 2.882969999999999811e+00 2.721420000000000172e+00 2.562240000000000073e+00 2.405219999999999914e+00 2.249849999999999905e+00 2.095650000000000013e+00 1.942059999999999897e+00 1.788939999999999975e+00 1.636290000000000022e+00 1.484390000000000098e+00 1.334449999999999914e+00 1.194199999999999928e+00 1.088619999999999921e+00 1.024459999999999926e+00
2.641919999999999824e+00 2.517590000000000217e+00 2.395059999999999967e+00 2.274399999999999977e+00 2.155520000000000103e+00 2.038170000000000037e+00 1.921829999999999927e+00 1.806100000000000039e+00 1.690700000000000092e+00 1.575700000000000101e+00 1.461389999999999967e+00 1.348470000000000057e+00 1.238779999999999992e+00 1.140460000000000029e+00 1.068270000000000053e+00 1.022319999999999895e+00
1.170360000000000067e+00 1.156740000000000101e+00 1.143669999999999964e+00 1.131110000000000060e+00 1.119029999999999969e+00 1.107399999999999940e+00 1.096189999999999998e+00 1.085380000000000011e+00 1.074989999999999890e+00 1.065039999999999987e+00 1.055569999999999897e+00 1.046589999999999909e+00 1.038140000000000063e+00 1.030329999999999968e+00 1.023630000000000040e+00 1.018350000000000088e+00
4.242049999999999876e+00 3.994959999999999845e+00 3.751189999999999802e+00 3.511039999999999939e+00 3.274779999999999802e+00 3.042330000000000201e+00 2.813229999999999897e+00 2.587000000000000188e+00 2.363220000000000098e+00 2.141939999999999955e+00 1.923200000000000021e+00 1.707170000000000076e+00 1.494070000000000009e+00 1.289449999999999985e+00 1.127669999999999950e+00 1.027870000000000061e+00
1.834999999999999964e+00 1.769439999999999902e+00 1.704960000000000031e+00 1.641450000000000076e+00 1.578710000000000058e+00 1.516529999999999934e+00 1.454800000000000093e+00 1.393550000000000066e+00 1.333020000000000094e+00 1.273770000000000069e+00 1.216900000000000093e+00 1.164309999999999956e+00 1.118030000000000079e+00 1.079220000000000068e+00 1.048040000000000083e+00 1.023339999999999916e+00
1.283460000000000045e+00 1.260350000000000081e+00 1.237929999999999975e+00 1.216129999999999933e+00 1.194900000000000073e+00 1.174169999999999936e+00 1.153950000000000031e+00 1.134330000000000060e+00 1.115510000000000002e+00 1.097699999999999898e+00 1.081120000000000081e+00 1.065849999999999964e+00 1.051809999999999912e+00 1.039050000000000029e+00 1.028289999999999926e+00 1.020029999999999992e+00
1.367580000000000018e+00 1.338729999999999976e+00 1.310349999999999904e+00 1.282370000000000010e+00 1.254739999999999966e+00 1.227440000000000087e+00 1.200560000000000072e+00 1.174339999999999939e+00 1.149089999999999945e+00 1.125189999999999912e+00 1.102989999999999915e+00 1.082740000000000036e+00 1.064570000000000016e+00 1.048740000000000006e+00 1.035469999999999891e+00 1.024359999999999937e+00
3.008430000000000160e+00 2.854119999999999990e+00 2.702199999999999935e+00 2.552849999999999842e+00 2.406080000000000219e+00 2.261649999999999938e+00 2.119089999999999918e+00 1.977959999999999940e+00 1.837890000000000024e+00 1.698860000000000037e+00 1.561120000000000063e+00 1.425270000000000037e+00 1.293250000000000011e+00 1.174549999999999983e+00 1.085700000000000109e+00 1.027369999999999894e+00
1.252089999999999925e+00 1.231670000000000043e+00 1.211859999999999937e+00 1.192620000000000013e+00 1.173939999999999984e+00 1.155860000000000110e+00 1.138439999999999896e+00 1.121799999999999908e+00 1.106090000000000018e+00 1.091299999999999937e+00 1.077469999999999928e+00 1.064599999999999991e+00 1.052650000000000086e+00 1.041679999999999939e+00 1.032119999999999926e+00 1.024070000000000036e+00
1.157329999999999970e+00 1.145629999999999926e+00 1.134400000000000075e+00 1.123580000000000023e+00 1.113129999999999953e+00 1.103019999999999889e+00 1.093220000000000081e+00 1.083730000000000082e+00 1.074580000000000091e+00 1.065770000000000106e+00 1.057309999999999972e+00 1.049190000000000067e+00 1.041490000000000027e+00 1.034459999999999935e+00 1.028480000000000061e+00 1.023509999999999920e+00
1.477610000000000090e+00 1.439640000000000031e+00 1.402470000000000105e+00 1.365990000000000038e+00 1.330049999999999955e+00 1.294540000000000024e+00 1.259419999999999984e+00 1.224820000000000020e+00 1.191000000000000059e+00 1.158519999999999994e+00 1.128079999999999972e+00 1.100370000000000070e+00 1.075760000000000050e+00 1.054650000000000087e+00 1.037690000000000001e+00 1.024499999999999966e+00
1.680129999999999901e+00 1.626670000000000060e+00 1.574049999999999949e+00 1.522140000000000049e+00 1.470820000000000016e+00 1.419899999999999940e+00 1.369289999999999896e+00 1.319029999999999925e+00 1.269360000000000044e+00 1.220830000000000082e+00 1.174430000000000085e+00 1.131899999999999906e+00 1.095099999999999962e+00 1.064969999999999972e+00 1.041369999999999907e+00 1.022950000000000026e+00
1.782599999999999962e+00 1.721019999999999994e+00 1.660439999999999916e+00 1.600780000000000092e+00 1.541889999999999983e+00 1.483549999999999924e+00 1.425629999999999953e+00 1.368109999999999937e+00 1.311129999999999907e+00 1.255139999999999922e+00 1.201119999999999965e+00 1.150979999999999892e+00 1.107140000000000013e+00 1.071209999999999996e+00 1.043309999999999960e+00 1.022000000000000020e+00
1.429510000000000058e+00 1.394249999999999989e+00 1.359830000000000094e+00 1.326219999999999954e+00 1.293339999999999934e+00 1.261090000000000044e+00 1.229389999999999983e+00 1.198409999999999975e+00 1.168390000000000040e+00 1.139850000000000030e+00 1.113450000000000051e+00 1.089560000000000084e+00 1.068330000000000002e+00 1.049590000000000023e+00 1.034019999999999939e+00 1.022149999999999892e+00
2.012319999999999887e+00 1.934339999999999948e+00 1.857660000000000089e+00 1.782249999999999890e+00 1.707959999999999923e+00 1.634540000000000104e+00 1.561679999999999957e+00 1.489219999999999988e+00 1.417089999999999961e+00 1.345450000000000035e+00 1.274799999999999933e+00 1.206360000000000099e+00 1.143459999999999921e+00 1.091250000000000053e+00 1.052270000000000039e+00 1.024739999999999984e+00
1.131159999999999943e+00 1.121469999999999967e+00 1.112170000000000103e+00 1.103250000000000064e+00 1.094649999999999901e+00 1.086359999999999992e+00 1.078359999999999985e+00 1.070610000000000062e+00 1.063129999999999908e+00 1.055900000000000061e+00 1.048939999999999984e+00 1.042259999999999964e+00 1.035910000000000108e+00 1.030089999999999950e+00 1.025050000000000017e+00 1.020769999999999955e+00
2.603619999999999823e+00 2.479750000000000121e+00 2.358000000000000096e+00 2.238399999999999945e+00 2.120769999999999822e+00 2.004849999999999799e+00 1.890220000000000011e+00 1.776629999999999932e+00 1.663869999999999960e+00 1.551930000000000032e+00 1.441009999999999902e+00 1.331939999999999902e+00 1.228669999999999929e+00 1.141059999999999963e+00 1.075420000000000043e+00 1.029009999999999980e+00
1.775930000000000009e+00 1.714110000000000023e+00 1.653510000000000035e+00 1.594090000000000007e+00 1.535709999999999908e+00 1.478159999999999918e+00 1.421240000000000059e+00 1.364859999999999962e+00 1.309080000000000021e+00 1.254299999999999971e+00 1.201270000000000060e+00 1.151499999999999968e+00 1.107129999999999947e+00 1.069849999999999968e+00 1.040589999999999904e+00 1.018920000000000048e+00
1.078659999999999952e+00 1.074349999999999916e+00 1.070130000000000026e+00 1.065989999999999993e+00 1.061900000000000066e+00 1.057830000000000048e+00 1.053819999999999979e+00 1.049840000000000106e+00 1.045930000000000026e+00 1.042100000000000026e+00 1.038370000000000015e+00 1.034780000000000033e+00 1.031400000000000095e+00 1.028310000000000057e+00 1.025539999999999896e+00 1.023050000000000015e+00
2.300559999999999938e+00 2.200079999999999814e+00 2.101319999999999855e+00 2.004189999999999916e+00 1.908460000000000045e+00 1.813819999999999988e+00 1.719899999999999984e+00 1.626470000000000082e+00 1.533390000000000031e+00 1.440779999999999950e+00 1.349180000000000046e+00 1.260410000000000030e+00 1.179429999999999978e+00 1.112789999999999946e+00 1.062170000000000059e+00 1.024980000000000002e+00
2.260889999999999844e+00 2.162980000000000125e+00 2.066739999999999799e+00 1.972050000000000081e+00 1.878670000000000062e+00 1.786270000000000024e+00 1.694550000000000001e+00 1.603310000000000013e+00 1.512410000000000032e+00 1.421999999999999931e+00 1.332549999999999901e+00 1.245560000000000000e+00 1.165929999999999911e+00 1.100850000000000106e+00 1.052389999999999937e+00 1.017379999999999951e+00
3.371690000000000076e+00 3.190850000000000186e+00 3.012570000000000192e+00 2.837019999999999875e+00 2.664280000000000204e+00 2.494149999999999867e+00 2.326210000000000111e+00 2.160070000000000157e+00 1.995349999999999957e+00 1.831960000000000033e+00 1.669920000000000071e+00 1.509560000000000013e+00 1.352370000000000072e+00 1.206099999999999950e+00 1.094279999999999919e+00 1.024259999999999948e+00
2.366859999999999964e+00 2.260470000000000201e+00 2.156029999999999891e+00 2.053560000000000052e+00 1.952949999999999964e+00 1.853890000000000038e+00 1.756000000000000005e+00 1.658959999999999990e+00 1.562580000000000080e+00 1.466970000000000107e+00 1.372600000000000042e+00 1.280589999999999895e+00 1.193789999999999907e+00 1.118959999999999955e+00 1.062340000000000062e+00 1.022489999999999899e+00
2.630949999999999900e+00 2.505389999999999784e+00 2.381780000000000008e+00 2.260219999999999896e+00 2.140649999999999942e+00 2.022819999999999840e+00 1.906300000000000106e+00 1.790689999999999893e+00 1.675659999999999927e+00 1.561160000000000103e+00 1.447440000000000060e+00 1.335339999999999971e+00 1.228010000000000046e+00 1.135000000000000009e+00 1.066489999999999938e+00 1.020920000000000050e+00
1.101550000000000029e+00 1.095420000000000060e+00 1.089450000000000029e+00 1.083609999999999962e+00 1.077879999999999949e+00 1.072219999999999951e+00 1.066640000000000033e+00 1.061160000000000103e+00 1.055779999999999941e+00 1.050540000000000029e+00 1.045460000000000056e+00 1.040559999999999929e+00 1.035959999999999992e+00 1.031819999999999959e+00 1.028270000000000017e+00 1.025220000000000020e+00
1.381969999999999921e+00 1.351390000000000091e+00 1.321530000000000094e+00 1.292310000000000070e+00 1.263660000000000005e+00 1.235460000000000003e+00 1.207710000000000061e+00 1.180579999999999963e+00 1.154400000000000093e+00 1.129590000000000094e+00 1.106640000000000068e+00 1.085790000000000033e+00 1.066999999999999948e+00 1.050329999999999986e+00 1.036510000000000042e+00 1.025630000000000042e+00
1.155499999999999972e+00 1.143979999999999997e+00 1.132889999999999953e+00 1.122169999999999890e+00 1.111779999999999990e+00 1.101679999999999993e+00 1.091869999999999896e+00 1.082349999999999923e+00 1.073139999999999983e+00 1.064270000000000049e+00 1.055749999999999966e+00 1.047600000000000087e+00 1.039889999999999981e+00 1.032939999999999969e+00 1.027279999999999971e+00 1.022850000000000037e+00
1.447740000000000027e+00 1.411689999999999889e+00 1.376400000000000068e+00 1.341809999999999947e+00 1.307849999999999957e+00 1.274389999999999912e+00 1.241449999999999942e+00 1.209230000000000027e+00 1.178020000000000067e+00 1.148269999999999902e+00 1.120600000000000041e+00 1.095529999999999893e+00 1.073260000000000103e+00 1.054040000000000088e+00 1.038219999999999921e+00 1.025449999999999973e+00
