-0.86542102758144801022 -0.47897457837320228657 0.14707072547615820945
-0.0094226641933764787584 0.27545539247226241697 0.96126767352150710444
-0.45354461792677008836 0.076523780395896329187 0.88794222254805543759
-0.11488329199858185459 -0.98973848705347367005 0.084967973170303773278
-0.78987243652453087428 0.25388539408975718814 -0.55825060742169352324
-0.67717313097998554916 -0.68526571827799853676 -0.2680437390272378817
-0.50705453716309956125 -0.81697057844267051419 0.27469031708701224792
-0.87141090860718251054 -0.43663493306846767883 -0.22359106329345784792
-0.13695175629266537198 -0.92031378067242997076 0.36642429170672180527
-0.34742199961317149493 -0.93385135735440305549 -0.084968209067418518088
-0.47397302789464779149 0.87261589060972688525 0.1178604101629254497
-0.24676332908406800604 -0.95945738963314430858 -0.13619609721904965549
-0.10850359322098929171 0.97054968870128477398 0.21508201231152171418
-0.96759777159766091614 -0.24891454580554300824 -0.042380435175456754315
-0.75371448182269373817 -0.61406148671917859527 -0.23418576049576642073
-0.047623964296952155106 -0.56249406293311277061 0.82542860817253116412
-0.73693960532006608233 0.22096423835225922905 0.63882299855289437218
-0.67602680336000608996 0.70973884814372512064 0.19813765057270174563
-0.77349422158435354735 0.48634418417933489298 0.40641853266128502575
-0.16328020440097287813 -0.98580340742071592697 -0.039130764987191909987
-0.58373104011485554832 -0.42446857599340831468 0.69215930305136919021
-0.053862352949590713846 -0.43834310477127264027 0.89719238150700697521
-0.50894828341159448204 -0.26698656985557983612 0.81834578041873173859
-0.12108876608455450274 -0.87895130781493546746 0.46128311178552250382
-0.049314523224378369048 0.87620362376330618304 0.47941139692669287875
-0.43760283655989801188 0.67696953577516771894 0.59179050775344899105
-0.1009887849819534611 0.29319684514411403775 0.95070335820665285986
-0.25302404584087051509 -0.8345770120532914893 0.48934654712025621448
-0.97520841886954634514 -0.10066220333011512145 0.1970676548464662392
-0.66739454290580346729 -0.57679006679926059231 0.47106023281663056412
-0.070307247433253533542 0.96498276324164644624 0.25271556660577126907
-0.75475993633983662345 0.5896779411533006332 -0.28743236458946314071
-0.83489906978268080273 -0.39259517981699176836 0.38576232068526095098
-0.90610372769359859291 0.072603713744321493606 0.41677900068297252245
0.75895092826943999498 -0.64679257386515787154 0.075185469818574102163
0.13958660868494920937 0.3848923618751177167 0.91234502708461584497
0.54154965322660175708 0.090289039146783878209 0.83580611537610671746
0.024755681668428876352 -0.99496934705507344976 0.097072934672502997344
0.63430012012275371891 0.35988785124513772429 -0.68421056125904533562
0.56929735460962993532 -0.71512007278273825861 -0.40559068472745823941
0.44499501598196827823 -0.86421829696161855949 0.23474703607919661374
0.80755115098480567681 -0.44822061840731403093 -0.38335286066192403309
0.071865666573672618012 -0.9428405564503159475 0.32540284430284327488
0.23104031807349864613 -0.96278333733542531547 -0.14024484580103949161
0.5192757566079415632 0.85017385846156534601 0.086931576471521582183
0.10628208699570108886 -0.98205873337095694886 -0.1557715063600206562
0.12082256299578768288 0.97351770309044016738 0.1940752174818885234
0.90626093084088943375 -0.38679133381693242555 -0.17053911374087460384
0.61980441385015305755 -0.66836230560497411624 -0.41125942787767372222
0.14099243499735725216 -0.57808517641140788612 0.80370309324209210367
0.84274614959684768234 0.16719232645589121589 0.5116890201225291479
0.67835669079004656812 0.72463562162385852794 0.12138952151722638695
0.81207363906038532164 0.49030439330193226199 0.3164458984598268465
0.066185332423993520345 -0.99716040012136497594 -0.035925453396231855907
0.62192714578669394676 -0.45738331756267097683 0.63561554901448202859
0.13045589443294508536 -0.44421363494740367939 0.88637210365315255434
0.57890225983186860415 -0.29228817922313587996 0.76120942837564720129
0.10548585012498534752 -0.88443224399195785601 0.45459030039229730846
0.095067337978573016044 0.87778359737859878997 0.46952971942439786224
0.53591297110685598426 0.65722771427243498188 0.52995190252668489261
0.25387098710480798802 0.34772638735493233142 0.9025718151169567216
0.24701095761589875188 -0.83877864802619850337 0.48521744242454822871
0.98449156549450322906 -0.16864764251472416645 0.048314906027101943431
0.70914951501223255637 -0.60317314969538593505 0.36508782072874318425
0.15064442380019393841 0.95572381646320703208 0.25278102029802373973
0.70386700194581863776 0.64922763507108693926 -0.2882268575823712653
0.89227144249378798069 -0.37760060752170154785 0.24752667353094828795
0.95546602647116873896 0.11614784457977091192 0.27128278688274604091
