-5.766129999999999711e+01 -3.134450000000000003e+01 9.842100000000000293e+00
6.743699999999999695e-02 1.421729999999999983e+01 5.063640000000000185e+01
-2.887000000000000099e+01 7.121500000000000163e+00 6.205980000000000274e+01
-9.273899999999999366e+00 -7.889050000000000296e+01 6.752900000000000347e+00
-2.619559999999999889e+01 8.979900000000000659e+00 -1.674010000000000176e+01
-3.866369999999999862e+01 -3.611399999999999721e+01 -1.546519999999999939e+01
-4.338600000000000279e+01 -6.931229999999999336e+01 2.349660000000000082e+01
-5.054290000000000305e+01 -2.456540000000000035e+01 -1.500229999999999997e+01
-5.938399999999999679e+00 -4.733670000000000044e+01 1.816710000000000136e+01
-3.158230000000000004e+01 -8.523149999999999693e+01 -8.186400000000000787e+00
-2.047830000000000084e+01 4.025750000000000028e+01 6.158599999999999852e+00
-1.603689999999999927e+01 -6.306900000000000261e+01 -9.038999999999999702e+00
-4.797100000000000364e+00 4.374839999999999662e+01 7.506499999999999950e+00
-6.063159999999999883e+01 -1.663870000000000005e+01 -4.886300000000000310e+00
-2.762180000000000035e+01 -2.208449999999999847e+01 -9.571799999999999642e+00
-3.198100000000000165e+00 -4.052129999999999654e+01 5.942739999999999867e+01
-4.399249999999999972e+01 1.504119999999999990e+01 3.419050000000000011e+01
-4.149730000000000274e+01 4.729520000000000124e+01 1.130109999999999992e+01
-4.535399999999999920e+01 2.760719999999999885e+01 2.004550000000000054e+01
-1.295010000000000083e+01 -7.574569999999999936e+01 -2.941199999999999815e+00
-4.234989999999999810e+01 -3.101259999999999906e+01 5.101050000000000040e+01
1.129499999999999948e-01 -2.289689999999999870e+01 4.709830000000000183e+01
-3.552550000000000097e+01 -2.093590000000000018e+01 5.752479999999999905e+01
-9.087999999999999190e+00 -6.769240000000000634e+01 3.486569999999999681e+01
-1.105900000000000105e+00 4.002040000000000219e+01 2.085970000000000013e+01
-2.672149999999999892e+01 4.621240000000000236e+01 3.906550000000000011e+01
-3.090800000000000214e+00 1.828950000000000031e+01 5.907489999999999952e+01
-2.229360000000000142e+01 -7.309470000000000312e+01 4.204760000000000275e+01
-5.397390000000000043e+01 -5.468899999999999650e+00 1.100810000000000066e+01
-5.242830000000000013e+01 -4.251689999999999969e+01 3.319140000000000157e+01
-6.078299999999999592e+00 7.167570000000000618e+01 1.683030000000000115e+01
-3.708950000000000102e+01 2.649660000000000082e+01 -1.801089999999999947e+01
-4.222749999999999915e+01 -2.043499999999999872e+01 2.234049999999999869e+01
-4.072050000000000125e+01 2.125000000000000000e+00 1.709799999999999898e+01
4.893099999999999739e+01 -3.945790000000000219e+01 7.202700000000000102e+00
4.267800000000000260e+00 1.877309999999999945e+01 4.654569999999999652e+01
3.672180000000000177e+01 7.819700000000000095e+00 5.808270000000000266e+01
2.071000000000000174e+00 -8.504130000000000678e+01 5.783500000000000085e+00
1.858759999999999835e+01 1.107939999999999969e+01 -2.436769999999999925e+01
2.932430000000000092e+01 -3.750900000000000034e+01 -2.129040000000000177e+01
3.991940000000000310e+01 -7.063609999999999900e+01 1.752449999999999974e+01
4.083030000000000115e+01 -2.284779999999999944e+01 -2.207250000000000156e+01
9.752800000000000358e-01 -4.685819999999999652e+01 1.640739999999999910e+01
2.291410000000000124e+01 -9.163930000000000575e+01 -1.353059999999999974e+01
2.291710000000000136e+01 3.852850000000000108e+01 3.585799999999999876e+00
4.268500000000000405e+00 -6.713179999999999836e+01 -8.251200000000000756e+00
6.250300000000000189e+00 4.486939999999999884e+01 9.190099999999999270e+00
5.670360000000000156e+01 -2.446630000000000038e+01 -9.961399999999999366e+00
1.927819999999999823e+01 -2.302639999999999887e+01 -1.491150000000000020e+01
9.192700000000000315e+00 -3.949190000000000111e+01 5.708359999999999701e+01
5.092040000000000077e+01 9.034499999999999531e+00 2.991540000000000177e+01
4.386359999999999815e+01 4.693599999999999994e+01 7.677999999999999936e+00
4.984799999999999898e+01 3.277000000000000313e+01 1.868489999999999895e+01
4.850299999999999834e+00 -7.944549999999999557e+01 -3.464700000000000113e+00
4.319230000000000302e+01 -3.137890000000000157e+01 4.576420000000000243e+01
9.722599999999999909e+00 -2.351940000000000097e+01 4.960220000000000340e+01
4.094449999999999790e+01 -2.193690000000000140e+01 5.097549999999999670e+01
7.247600000000000264e+00 -6.606529999999999347e+01 3.282260000000000133e+01
3.112699999999999800e+00 4.303320000000000078e+01 2.226170000000000115e+01
3.502380000000000138e+01 4.393930000000000291e+01 3.933659999999999712e+01
1.148220000000000063e+01 2.696030000000000015e+01 6.001740000000000208e+01
1.758389999999999986e+01 -7.379829999999999757e+01 4.119200000000000017e+01
5.206329999999999814e+01 -1.075040000000000084e+01 3.544800000000000173e-01
4.982609999999999673e+01 -4.169639999999999702e+01 2.514549999999999841e+01
1.122739999999999938e+01 7.459579999999999700e+01 1.723620000000000019e+01
3.038060000000000116e+01 2.804510000000000147e+01 -8.607699999999999463e+00
4.222129999999999939e+01 -1.734769999999999968e+01 1.348930000000000007e+01
3.587310000000000088e+01 6.102199999999999847e+00 1.344630000000000081e+01
