1.007120000000000015e+00 1.042289999999999939e+00 1.088140000000000107e+00 1.139930000000000110e+00 1.193159999999999998e+00 1.243800000000000017e+00 1.290389999999999926e+00 1.337739999999999929e+00 1.392269999999999897e+00 1.454820000000000002e+00 1.523660000000000014e+00
1.006240000000000023e+00 1.011560000000000015e+00 1.017670000000000075e+00 1.023889999999999967e+00 1.030019999999999936e+00 1.035549999999999971e+00 1.039959999999999996e+00 1.043390000000000040e+00 1.046570000000000000e+00 1.050030000000000019e+00 1.053879999999999928e+00
1.007489999999999997e+00 1.057199999999999918e+00 1.124339999999999895e+00 1.199770000000000003e+00 1.275169999999999915e+00 1.346030000000000060e+00 1.413650000000000073e+00 1.486960000000000059e+00 1.571579999999999977e+00 1.666860000000000008e+00 1.768720000000000070e+00
1.007940000000000058e+00 1.076500000000000012e+00 1.170539999999999914e+00 1.271770000000000067e+00 1.369220000000000104e+00 1.462180000000000035e+00 1.558440000000000047e+00 1.670609999999999928e+00 1.798030000000000017e+00 1.935259999999999980e+00 2.077139999999999986e+00
1.006240000000000023e+00 1.011260000000000048e+00 1.016839999999999966e+00 1.022629999999999928e+00 1.028410000000000046e+00 1.033840000000000092e+00 1.038510000000000044e+00 1.042499999999999982e+00 1.046070000000000055e+00 1.049709999999999921e+00 1.053500000000000103e+00
1.007849999999999913e+00 1.070950000000000069e+00 1.156079999999999997e+00 1.250119999999999898e+00 1.342400000000000038e+00 1.430190000000000072e+00 1.517470000000000097e+00 1.614959999999999951e+00 1.728129999999999944e+00 1.851110000000000033e+00 1.981400000000000050e+00
1.009120000000000017e+00 1.127110000000000056e+00 1.293220000000000036e+00 1.465049999999999963e+00 1.630409999999999915e+00 1.793120000000000047e+00 1.968960000000000043e+00 2.166879999999999917e+00 2.386309999999999931e+00 2.615009999999999835e+00 2.849819999999999798e+00
1.008040000000000047e+00 1.077110000000000012e+00 1.170800000000000063e+00 1.275959999999999983e+00 1.380060000000000064e+00 1.479630000000000001e+00 1.576659999999999950e+00 1.682579999999999965e+00 1.802059999999999995e+00 1.934989999999999988e+00 2.074819999999999887e+00
1.006389999999999896e+00 1.016720000000000068e+00 1.028729999999999922e+00 1.040859999999999896e+00 1.052540000000000031e+00 1.062729999999999952e+00 1.070880000000000054e+00 1.078359999999999985e+00 1.086989999999999901e+00 1.097460000000000102e+00 1.109580000000000011e+00
1.009479999999999933e+00 1.140269999999999895e+00 1.322259999999999991e+00 1.509109999999999951e+00 1.689659999999999940e+00 1.869979999999999976e+00 2.064810000000000034e+00 2.287119999999999820e+00 2.529319999999999791e+00 2.783240000000000158e+00 3.042609999999999815e+00
1.007579999999999920e+00 1.057290000000000063e+00 1.120479999999999920e+00 1.192660000000000053e+00 1.268159999999999954e+00 1.341150000000000064e+00 1.409329999999999972e+00 1.476509999999999989e+00 1.549250000000000016e+00 1.629920000000000035e+00 1.718679999999999986e+00
1.007360000000000033e+00 1.051549999999999985e+00 1.109529999999999905e+00 1.174160000000000093e+00 1.238879999999999981e+00 1.299099999999999921e+00 1.357380000000000031e+00 1.421950000000000047e+00 1.498410000000000020e+00 1.584089999999999998e+00 1.675079999999999902e+00
1.006930000000000103e+00 1.034599999999999964e+00 1.068330000000000002e+00 1.105480000000000018e+00 1.144360000000000044e+00 1.182239999999999958e+00 1.216539999999999955e+00 1.248820000000000041e+00 1.282710000000000017e+00 1.320529999999999982e+00 1.362479999999999913e+00
1.008639999999999981e+00 1.099790000000000045e+00 1.223209999999999908e+00 1.359660000000000091e+00 1.493940000000000046e+00 1.623420000000000085e+00 1.752410000000000023e+00 1.892220000000000013e+00 2.049949999999999939e+00 2.222300000000000164e+00 2.404869999999999841e+00
1.006210000000000049e+00 1.010520000000000085e+00 1.015279999999999960e+00 1.020149999999999890e+00 1.024880000000000013e+00 1.029169999999999918e+00 1.032720000000000082e+00 1.035630000000000051e+00 1.038310000000000066e+00 1.041099999999999914e+00 1.044100000000000028e+00
1.007270000000000110e+00 1.048589999999999911e+00 1.102610000000000090e+00 1.162430000000000074e+00 1.222569999999999935e+00 1.278270000000000017e+00 1.330070000000000086e+00 1.385760000000000103e+00 1.451070000000000082e+00 1.525390000000000024e+00 1.606149999999999967e+00
1.007300000000000084e+00 1.048659999999999926e+00 1.102959999999999940e+00 1.164679999999999938e+00 1.228140000000000009e+00 1.288450000000000095e+00 1.344370000000000065e+00 1.401459999999999928e+00 1.466520000000000046e+00 1.541349999999999998e+00 1.622540000000000093e+00
1.006780000000000008e+00 1.029789999999999983e+00 1.058410000000000073e+00 1.090440000000000076e+00 1.124600000000000044e+00 1.158430000000000071e+00 1.189200000000000035e+00 1.217880000000000074e+00 1.247679999999999900e+00 1.281050000000000022e+00 1.318580000000000085e+00
1.007460000000000022e+00 1.053520000000000012e+00 1.113169999999999993e+00 1.181380000000000097e+00 1.252459999999999907e+00 1.320840000000000014e+00 1.384460000000000024e+00 1.447810000000000041e+00 1.517649999999999944e+00 1.596410000000000107e+00 1.682909999999999906e+00
1.007980000000000098e+00 1.075990000000000002e+00 1.167799999999999949e+00 1.268129999999999979e+00 1.366009999999999946e+00 1.459370000000000056e+00 1.554470000000000018e+00 1.664970000000000061e+00 1.789770000000000083e+00 1.925280000000000102e+00 2.068400000000000016e+00
1.007540000000000102e+00 1.058939999999999992e+00 1.127729999999999899e+00 1.204709999999999948e+00 1.281420000000000003e+00 1.353529999999999900e+00 1.423340000000000050e+00 1.499770000000000048e+00 1.587979999999999947e+00 1.686800000000000077e+00 1.792669999999999986e+00
1.006320000000000103e+00 1.014469999999999983e+00 1.023859999999999992e+00 1.033519999999999994e+00 1.042950000000000044e+00 1.051350000000000007e+00 1.058079999999999909e+00 1.063690000000000024e+00 1.069700000000000095e+00 1.076650000000000107e+00 1.084780000000000078e+00
1.008799999999999919e+00 1.107979999999999965e+00 1.244289999999999896e+00 1.391539999999999999e+00 1.535469999999999891e+00 1.674109999999999987e+00 1.815239999999999965e+00 1.972359999999999891e+00 2.149550000000000072e+00 2.340609999999999857e+00 2.539289999999999825e+00
1.007260000000000044e+00 1.048959999999999892e+00 1.102610000000000090e+00 1.160290000000000044e+00 1.216679999999999984e+00 1.267619999999999969e+00 1.317059999999999897e+00 1.373520000000000074e+00 1.440549999999999997e+00 1.516850000000000032e+00 1.597949999999999982e+00
1.006280000000000063e+00 1.012899999999999912e+00 1.020499999999999963e+00 1.028450000000000086e+00 1.036450000000000093e+00 1.044019999999999948e+00 1.050550000000000095e+00 1.056149999999999922e+00 1.061420000000000030e+00 1.066950000000000065e+00 1.072990000000000110e+00
1.009090000000000042e+00 1.120109999999999939e+00 1.272629999999999928e+00 1.436590000000000034e+00 1.596980000000000066e+00 1.751079999999999970e+00 1.906160000000000077e+00 2.075629999999999864e+00 2.266179999999999861e+00 2.473650000000000126e+00 2.690129999999999910e+00
1.009530000000000038e+00 1.138419999999999987e+00 1.314680000000000071e+00 1.499219999999999997e+00 1.677529999999999966e+00 1.849550000000000027e+00 2.024410000000000043e+00 2.218399999999999928e+00 2.437199999999999811e+00 2.669960000000000111e+00 2.914880000000000138e+00
1.010690000000000088e+00 1.191500000000000004e+00 1.437529999999999974e+00 1.686199999999999921e+00 1.927510000000000057e+00 2.173709999999999809e+00 2.443389999999999951e+00 2.746360000000000134e+00 3.074629999999999974e+00 3.413819999999999855e+00 3.761839999999999851e+00
1.007710000000000106e+00 1.063330000000000108e+00 1.136169999999999902e+00 1.218339999999999979e+00 1.301250000000000018e+00 1.380060000000000064e+00 1.454120000000000079e+00 1.530659999999999910e+00 1.617399999999999949e+00 1.714469999999999938e+00 1.821639999999999926e+00
1.008199999999999985e+00 1.084980000000000055e+00 1.189789999999999903e+00 1.304750000000000076e+00 1.417089999999999961e+00 1.524329999999999963e+00 1.632039999999999935e+00 1.752599999999999936e+00 1.889880000000000004e+00 2.038650000000000073e+00 2.194440000000000168e+00
1.006229999999999958e+00 1.011419999999999986e+00 1.017490000000000006e+00 1.023640000000000105e+00 1.029570000000000096e+00 1.034799999999999942e+00 1.038680000000000048e+00 1.041469999999999896e+00 1.044000000000000039e+00 1.046990000000000087e+00 1.050429999999999975e+00
1.007109999999999950e+00 1.040699999999999958e+00 1.083169999999999966e+00 1.130819999999999936e+00 1.180449999999999999e+00 1.228220000000000089e+00 1.271579999999999933e+00 1.313309999999999977e+00 1.359339999999999993e+00 1.411559999999999926e+00 1.470080000000000053e+00
1.006280000000000063e+00 1.013060000000000072e+00 1.021099999999999897e+00 1.029460000000000042e+00 1.037530000000000063e+00 1.044829999999999925e+00 1.050620000000000109e+00 1.055180000000000007e+00 1.059390000000000054e+00 1.064230000000000009e+00 1.069860000000000033e+00
1.007069999999999910e+00 1.039549999999999974e+00 1.080389999999999961e+00 1.126710000000000100e+00 1.175510000000000055e+00 1.222979999999999956e+00 1.266310000000000047e+00 1.308599999999999985e+00 1.354770000000000030e+00 1.407389999999999919e+00 1.465389999999999970e+00
1.007479999999999931e+00 1.059679999999999955e+00 1.127939999999999943e+00 1.200180000000000025e+00 1.267619999999999969e+00 1.331350000000000033e+00 1.406349999999999989e+00 1.497549999999999937e+00 1.597920000000000007e+00 1.704539999999999944e+00 1.814340000000000064e+00
1.006410000000000027e+00 1.018119999999999914e+00 1.032010000000000094e+00 1.046110000000000095e+00 1.059940000000000104e+00 1.072149999999999936e+00 1.082119999999999971e+00 1.091380000000000017e+00 1.101930000000000076e+00 1.114659999999999984e+00 1.129559999999999897e+00
1.007519999999999971e+00 1.060670000000000002e+00 1.132279999999999953e+00 1.209729999999999972e+00 1.283900000000000041e+00 1.353129999999999944e+00 1.427210000000000090e+00 1.513519999999999976e+00 1.612579999999999902e+00 1.718220000000000081e+00 1.829730000000000079e+00
1.007940000000000058e+00 1.077120000000000077e+00 1.168919999999999959e+00 1.265949999999999909e+00 1.357820000000000027e+00 1.446720000000000006e+00 1.550589999999999913e+00 1.672870000000000079e+00 1.806470000000000020e+00 1.946649999999999991e+00 2.090329999999999799e+00
1.006459999999999910e+00 1.018499999999999961e+00 1.032159999999999966e+00 1.046259999999999968e+00 1.060089999999999977e+00 1.072419999999999929e+00 1.083620000000000028e+00 1.095110000000000028e+00 1.107480000000000020e+00 1.121050000000000102e+00 1.135999999999999899e+00
1.007740000000000080e+00 1.067770000000000108e+00 1.145929999999999893e+00 1.228399999999999936e+00 1.305819999999999981e+00 1.378049999999999997e+00 1.461200000000000054e+00 1.559930000000000039e+00 1.670930000000000026e+00 1.788750000000000062e+00 1.910250000000000004e+00
1.012170000000000014e+00 1.273269999999999902e+00 1.613839999999999941e+00 1.947000000000000064e+00 2.278640000000000221e+00 2.647899999999999920e+00 3.064540000000000042e+00 3.511369999999999880e+00 3.972360000000000113e+00 4.440780000000000172e+00 4.909299999999999997e+00
1.008939999999999948e+00 1.119680000000000009e+00 1.270129999999999981e+00 1.423640000000000017e+00 1.570300000000000029e+00 1.720099999999999962e+00 1.892879999999999896e+00 2.090700000000000003e+00 2.299749999999999961e+00 2.517300000000000093e+00 2.737670000000000048e+00
1.006289999999999907e+00 1.013419999999999987e+00 1.021390000000000020e+00 1.029139999999999944e+00 1.036070000000000046e+00 1.041430000000000078e+00 1.045730000000000048e+00 1.050259999999999971e+00 1.055630000000000068e+00 1.061860000000000026e+00 1.069080000000000030e+00
1.009910000000000085e+00 1.164490000000000025e+00 1.370880000000000098e+00 1.576170000000000071e+00 1.774029999999999996e+00 1.984609999999999985e+00 2.230399999999999938e+00 2.503460000000000019e+00 2.788600000000000190e+00 3.079260000000000108e+00 3.374089999999999812e+00
1.007800000000000029e+00 1.067709999999999937e+00 1.146600000000000064e+00 1.234390000000000098e+00 1.321560000000000068e+00 1.403389999999999915e+00 1.484010000000000051e+00 1.572480000000000100e+00 1.673990000000000089e+00 1.785250000000000004e+00 1.904060000000000086e+00
1.006820000000000048e+00 1.032510000000000039e+00 1.063749999999999973e+00 1.096270000000000078e+00 1.127469999999999972e+00 1.153980000000000006e+00 1.181780000000000053e+00 1.216890000000000027e+00 1.259039999999999937e+00 1.306040000000000090e+00 1.357320000000000082e+00
1.007009999999999961e+00 1.036640000000000006e+00 1.072559999999999958e+00 1.111920000000000019e+00 1.153129999999999988e+00 1.192930000000000046e+00 1.229610000000000092e+00 1.265439999999999898e+00 1.304110000000000102e+00 1.347280000000000033e+00 1.394789999999999974e+00
1.009749999999999925e+00 1.155960000000000099e+00 1.352370000000000072e+00 1.548499999999999988e+00 1.737679999999999891e+00 1.936730000000000063e+00 2.168789999999999996e+00 2.425710000000000033e+00 2.697810000000000041e+00 2.973910000000000053e+00 3.256889999999999841e+00
1.006280000000000063e+00 1.012629999999999919e+00 1.019549999999999956e+00 1.026699999999999946e+00 1.033800000000000052e+00 1.040380000000000082e+00 1.046429999999999971e+00 1.052489999999999926e+00 1.058720000000000105e+00 1.065169999999999950e+00 1.071919999999999984e+00
1.006809999999999983e+00 1.031900000000000039e+00 1.063129999999999908e+00 1.096349999999999936e+00 1.129899999999999904e+00 1.160239999999999938e+00 1.187610000000000054e+00 1.217249999999999943e+00 1.252299999999999969e+00 1.293220000000000036e+00 1.339040000000000008e+00
1.007500000000000062e+00 1.058280000000000109e+00 1.126470000000000082e+00 1.201820000000000110e+00 1.275560000000000027e+00 1.344389999999999974e+00 1.413880000000000026e+00 1.492920000000000025e+00 1.585040000000000004e+00 1.685449999999999893e+00 1.792079999999999895e+00
1.007900000000000018e+00 1.072770000000000001e+00 1.161480000000000068e+00 1.259900000000000020e+00 1.356239999999999890e+00 1.447459999999999969e+00 1.539199999999999902e+00 1.641359999999999930e+00 1.758119999999999905e+00 1.885809999999999986e+00 2.020630000000000148e+00
1.008350000000000080e+00 1.090549999999999908e+00 1.203370000000000051e+00 1.326359999999999983e+00 1.446139999999999981e+00 1.561239999999999961e+00 1.679119999999999946e+00 1.812929999999999930e+00 1.963610000000000078e+00 2.124719999999999942e+00 2.293509999999999938e+00
1.007689999999999975e+00 1.065209999999999990e+00 1.140600000000000058e+00 1.221989999999999910e+00 1.299649999999999972e+00 1.372489999999999988e+00 1.455440000000000067e+00 1.553989999999999982e+00 1.664719999999999978e+00 1.781719999999999970e+00 1.903569999999999984e+00
1.008099999999999996e+00 1.082810000000000050e+00 1.185729999999999951e+00 1.295860000000000012e+00 1.401370000000000005e+00 1.502510000000000012e+00 1.611720000000000041e+00 1.737749999999999906e+00 1.878500000000000059e+00 2.027810000000000112e+00 2.182469999999999910e+00
1.006480000000000041e+00 1.019810000000000105e+00 1.035430000000000073e+00 1.051369999999999916e+00 1.066950000000000065e+00 1.080789999999999917e+00 1.092500000000000027e+00 1.104039999999999910e+00 1.117320000000000091e+00 1.133019999999999916e+00 1.150760000000000005e+00
1.009279999999999955e+00 1.128489999999999993e+00 1.290450000000000097e+00 1.459549999999999903e+00 1.622370000000000090e+00 1.783809999999999896e+00 1.959810000000000052e+00 2.159069999999999823e+00 2.377450000000000063e+00 2.608070000000000110e+00 2.845120000000000093e+00
1.008080000000000087e+00 1.085139999999999993e+00 1.187629999999999963e+00 1.293060000000000098e+00 1.391350000000000087e+00 1.487700000000000022e+00 1.600819999999999910e+00 1.733139999999999903e+00 1.876889999999999947e+00 2.026899999999999924e+00 2.180790000000000006e+00
1.006459999999999910e+00 1.018559999999999910e+00 1.032620000000000093e+00 1.047679999999999945e+00 1.063199999999999923e+00 1.078289999999999971e+00 1.092090000000000005e+00 1.105120000000000102e+00 1.118530000000000024e+00 1.132619999999999960e+00 1.147999999999999909e+00
1.009800000000000031e+00 1.151580000000000048e+00 1.346189999999999998e+00 1.547169999999999934e+00 1.741179999999999950e+00 1.933340000000000058e+00 2.140930000000000000e+00 2.374890000000000168e+00 2.628309999999999924e+00 2.898680000000000145e+00 3.173280000000000101e+00
1.009239999999999915e+00 1.126980000000000093e+00 1.288040000000000074e+00 1.455410000000000093e+00 1.616279999999999939e+00 1.771130000000000093e+00 1.932160000000000100e+00 2.114549999999999930e+00 2.317820000000000213e+00 2.535169999999999924e+00 2.762599999999999945e+00
1.011269999999999891e+00 1.230320000000000080e+00 1.517400000000000082e+00 1.798510000000000053e+00 2.075870000000000104e+00 2.378239999999999910e+00 2.726269999999999971e+00 3.104480000000000128e+00 3.495449999999999946e+00 3.890000000000000124e+00 4.289159999999999862e+00
1.007570000000000077e+00 1.059199999999999919e+00 1.124630000000000019e+00 1.195459999999999967e+00 1.263600000000000056e+00 1.325630000000000086e+00 1.391760000000000108e+00 1.469470000000000054e+00 1.558280000000000109e+00 1.654819999999999958e+00 1.756340000000000012e+00
1.008110000000000062e+00 1.083960000000000035e+00 1.185799999999999965e+00 1.293830000000000036e+00 1.396509999999999918e+00 1.496669999999999945e+00 1.609339999999999993e+00 1.740529999999999911e+00 1.884290000000000020e+00 2.036109999999999864e+00 2.191609999999999836e+00
1.006299999999999972e+00 1.013900000000000023e+00 1.022899999999999920e+00 1.031859999999999999e+00 1.040249999999999897e+00 1.047239999999999949e+00 1.052259999999999973e+00 1.056489999999999929e+00 1.061369999999999925e+00 1.067460000000000075e+00 1.074920000000000098e+00
1.006720000000000059e+00 1.028189999999999937e+00 1.054049999999999931e+00 1.081569999999999920e+00 1.109080000000000066e+00 1.133850000000000025e+00 1.157589999999999897e+00 1.183789999999999898e+00 1.213899999999999979e+00 1.247800000000000020e+00 1.285360000000000058e+00
1.006289999999999907e+00 1.013460000000000027e+00 1.021770000000000067e+00 1.030350000000000099e+00 1.038350000000000106e+00 1.044820000000000082e+00 1.049930000000000030e+00 1.054840000000000000e+00 1.060189999999999966e+00 1.066349999999999909e+00 1.073479999999999990e+00
1.007400000000000073e+00 1.050980000000000025e+00 1.105809999999999960e+00 1.166789999999999994e+00 1.228599999999999914e+00 1.285930000000000017e+00 1.341609999999999969e+00 1.402530000000000054e+00 1.471160000000000023e+00 1.548380000000000090e+00 1.631410000000000027e+00
