1.493270000000000097e+00 1.453540000000000054e+00 1.414760000000000018e+00 1.376989999999999936e+00 1.340119999999999978e+00 1.304030000000000022e+00 1.268599999999999950e+00 1.233749999999999902e+00 1.199640000000000040e+00 1.166690000000000005e+00 1.135459999999999914e+00 1.106729999999999992e+00 1.081080000000000041e+00 1.058999999999999941e+00 1.041220000000000034e+00 1.027819999999999956e+00
1.276310000000000056e+00 1.254440000000000000e+00 1.233200000000000074e+00 1.212560000000000082e+00 1.192469999999999919e+00 1.172879999999999923e+00 1.153790000000000093e+00 1.135270000000000001e+00 1.117499999999999938e+00 1.100689999999999946e+00 1.084950000000000081e+00 1.070330000000000004e+00 1.056799999999999962e+00 1.044580000000000064e+00 1.034299999999999997e+00 1.026100000000000012e+00
2.346299999999999830e+00 2.242999999999999883e+00 2.141249999999999876e+00 2.041129999999999889e+00 1.942620000000000013e+00 1.845539999999999958e+00 1.749600000000000044e+00 1.654400000000000093e+00 1.559569999999999901e+00 1.465009999999999923e+00 1.370989999999999931e+00 1.278529999999999944e+00 1.190749999999999975e+00 1.115769999999999929e+00 1.060629999999999962e+00 1.023889999999999967e+00
2.360899999999999999e+00 2.256930000000000103e+00 2.154399999999999871e+00 2.053459999999999841e+00 1.954169999999999963e+00 1.856549999999999923e+00 1.760450000000000070e+00 1.665419999999999900e+00 1.570959999999999912e+00 1.476779999999999982e+00 1.383049999999999891e+00 1.290640000000000009e+00 1.201869999999999994e+00 1.122549999999999937e+00 1.061960000000000015e+00 1.023910000000000098e+00
1.058449999999999891e+00 1.056140000000000079e+00 1.053879999999999928e+00 1.051660000000000039e+00 1.049469999999999903e+00 1.047290000000000054e+00 1.045099999999999918e+00 1.042890000000000095e+00 1.040669999999999984e+00 1.038450000000000095e+00 1.036240000000000050e+00 1.034040000000000070e+00 1.031870000000000065e+00 1.029760000000000009e+00 1.027779999999999916e+00 1.026029999999999998e+00
2.373740000000000183e+00 2.267780000000000129e+00 2.163380000000000081e+00 2.060700000000000198e+00 1.959750000000000103e+00 1.860500000000000043e+00 1.762709999999999999e+00 1.665890000000000093e+00 1.569730000000000070e+00 1.474199999999999955e+00 1.379680000000000017e+00 1.287090000000000067e+00 1.198830000000000062e+00 1.121269999999999989e+00 1.062130000000000019e+00 1.023600000000000065e+00
4.088829999999999742e+00 3.856149999999999967e+00 3.626119999999999788e+00 3.399119999999999919e+00 3.175419999999999909e+00 2.955299999999999816e+00 2.738739999999999952e+00 2.525290000000000035e+00 2.314179999999999904e+00 2.104579999999999895e+00 1.895999999999999908e+00 1.688409999999999966e+00 1.482450000000000045e+00 1.283889999999999976e+00 1.122149999999999981e+00 1.026839999999999975e+00
2.167759999999999909e+00 2.076649999999999885e+00 1.987000000000000099e+00 1.898970000000000047e+00 1.812519999999999909e+00 1.727610000000000090e+00 1.643979999999999997e+00 1.561250000000000027e+00 1.479170000000000096e+00 1.397739999999999982e+00 1.317360000000000086e+00 1.239090000000000025e+00 1.165839999999999987e+00 1.103339999999999987e+00 1.055940000000000101e+00 1.023700000000000054e+00
1.262329999999999952e+00 1.240499999999999936e+00 1.219400000000000039e+00 1.199009999999999909e+00 1.179329999999999989e+00 1.160339999999999927e+00 1.142030000000000101e+00 1.124390000000000001e+00 1.107520000000000060e+00 1.091550000000000020e+00 1.076600000000000001e+00 1.062659999999999938e+00 1.049800000000000066e+00 1.038049999999999917e+00 1.027919999999999945e+00 1.020019999999999927e+00
3.789470000000000116e+00 3.576929999999999943e+00 3.367049999999999876e+00 3.160239999999999938e+00 2.956749999999999989e+00 2.756850000000000023e+00 2.560519999999999907e+00 2.367249999999999854e+00 2.176369999999999916e+00 1.987260000000000026e+00 1.799690000000000012e+00 1.613890000000000047e+00 1.431019999999999959e+00 1.256939999999999946e+00 1.116270000000000095e+00 1.030019999999999936e+00
1.495430000000000037e+00 1.455570000000000030e+00 1.416549999999999976e+00 1.378279999999999950e+00 1.340680000000000094e+00 1.303620000000000001e+00 1.267079999999999984e+00 1.231179999999999941e+00 1.196280000000000010e+00 1.163000000000000034e+00 1.132069999999999910e+00 1.104049999999999976e+00 1.079139999999999988e+00 1.057549999999999990e+00 1.039609999999999923e+00 1.024990000000000068e+00
1.437259999999999982e+00 1.400989999999999958e+00 1.365580000000000016e+00 1.331090000000000106e+00 1.297469999999999901e+00 1.264680000000000026e+00 1.232620000000000049e+00 1.201259999999999994e+00 1.170760000000000023e+00 1.141499999999999959e+00 1.114109999999999934e+00 1.089159999999999906e+00 1.067039999999999988e+00 1.047749999999999959e+00 1.031849999999999934e+00 1.020059999999999967e+00
1.373599999999999932e+00 1.343390000000000084e+00 1.313870000000000093e+00 1.284980000000000011e+00 1.256690000000000085e+00 1.228949999999999987e+00 1.201770000000000005e+00 1.175359999999999960e+00 1.149980000000000002e+00 1.126020000000000021e+00 1.103779999999999983e+00 1.083439999999999959e+00 1.065059999999999896e+00 1.048669999999999991e+00 1.034739999999999993e+00 1.023309999999999942e+00
2.554879999999999818e+00 2.433819999999999872e+00 2.314719999999999889e+00 2.197750000000000092e+00 2.082980000000000054e+00 1.970339999999999980e+00 1.859599999999999920e+00 1.750259999999999927e+00 1.641899999999999915e+00 1.534280000000000088e+00 1.427610000000000046e+00 1.322910000000000030e+00 1.223109999999999919e+00 1.135890000000000066e+00 1.069460000000000077e+00 1.024750000000000050e+00
1.064049999999999940e+00 1.061220000000000052e+00 1.058480000000000087e+00 1.055819999999999981e+00 1.053199999999999914e+00 1.050599999999999978e+00 1.048010000000000108e+00 1.045409999999999950e+00 1.042780000000000040e+00 1.040140000000000065e+00 1.037509999999999932e+00 1.034890000000000088e+00 1.032299999999999995e+00 1.029789999999999983e+00 1.027479999999999949e+00 1.025490000000000013e+00
2.148070000000000146e+00 2.059359999999999857e+00 1.972080000000000055e+00 1.886339999999999906e+00 1.802170000000000050e+00 1.719479999999999897e+00 1.638050000000000006e+00 1.557469999999999910e+00 1.477400000000000047e+00 1.397820000000000062e+00 1.319080000000000030e+00 1.242059999999999942e+00 1.169049999999999923e+00 1.105499999999999927e+00 1.057390000000000052e+00 1.025379999999999958e+00
2.165329999999999977e+00 2.074190000000000200e+00 1.984639999999999960e+00 1.896730000000000027e+00 1.810419999999999918e+00 1.725519999999999943e+00 1.641809999999999992e+00 1.558969999999999967e+00 1.476760000000000073e+00 1.395240000000000036e+00 1.314969999999999972e+00 1.237190000000000012e+00 1.165049999999999919e+00 1.104370000000000074e+00 1.058880000000000043e+00 1.026820000000000066e+00
1.296839999999999993e+00 1.272580000000000044e+00 1.248879999999999990e+00 1.225719999999999921e+00 1.203049999999999953e+00 1.180860000000000021e+00 1.159229999999999983e+00 1.138309999999999933e+00 1.118349999999999955e+00 1.099620000000000042e+00 1.082379999999999898e+00 1.066729999999999956e+00 1.052680000000000060e+00 1.040350000000000108e+00 1.029919999999999947e+00 1.021209999999999951e+00
1.576130000000000031e+00 1.529940000000000078e+00 1.484769999999999923e+00 1.440569999999999906e+00 1.397240000000000038e+00 1.354610000000000092e+00 1.312540000000000040e+00 1.270990000000000064e+00 1.230140000000000011e+00 1.190509999999999957e+00 1.152930000000000010e+00 1.118409999999999904e+00 1.087830000000000075e+00 1.061779999999999946e+00 1.040839999999999987e+00 1.024510000000000032e+00
1.870370000000000088e+00 1.801900000000000057e+00 1.734629999999999894e+00 1.668619999999999992e+00 1.603879999999999972e+00 1.540370000000000017e+00 1.477880000000000082e+00 1.416130000000000111e+00 1.354950000000000099e+00 1.294450000000000101e+00 1.235230000000000050e+00 1.178609999999999935e+00 1.127019999999999911e+00 1.083159999999999901e+00 1.048689999999999900e+00 1.025030000000000108e+00
2.338029999999999831e+00 2.235489999999999977e+00 2.134450000000000180e+00 2.035050000000000026e+00 1.937300000000000022e+00 1.841139999999999999e+00 1.746359999999999912e+00 1.652579999999999938e+00 1.559339999999999948e+00 1.466420000000000057e+00 1.373979999999999979e+00 1.282890000000000086e+00 1.195780000000000065e+00 1.119299999999999962e+00 1.062049999999999939e+00 1.024890000000000079e+00
1.276370000000000005e+00 1.253700000000000037e+00 1.231789999999999941e+00 1.210630000000000095e+00 1.190190000000000081e+00 1.170469999999999899e+00 1.151450000000000085e+00 1.133119999999999905e+00 1.115629999999999900e+00 1.099020000000000108e+00 1.083450000000000024e+00 1.068899999999999961e+00 1.055399999999999894e+00 1.043080000000000007e+00 1.032599999999999962e+00 1.024310000000000054e+00
3.944280000000000008e+00 3.718269999999999964e+00 3.495280000000000165e+00 3.275650000000000173e+00 3.059670000000000112e+00 2.847519999999999829e+00 2.639180000000000081e+00 2.434229999999999894e+00 2.231970000000000010e+00 2.031810000000000116e+00 1.833469999999999933e+00 1.636989999999999945e+00 1.443519999999999914e+00 1.261910000000000087e+00 1.119089999999999918e+00 1.028720000000000079e+00
1.942020000000000080e+00 1.868039999999999923e+00 1.795409999999999950e+00 1.724180000000000046e+00 1.654379999999999962e+00 1.585909999999999931e+00 1.518590000000000106e+00 1.452059999999999906e+00 1.386130000000000084e+00 1.320859999999999923e+00 1.256769999999999943e+00 1.195040000000000102e+00 1.137899999999999912e+00 1.088640000000000052e+00 1.050219999999999931e+00 1.023649999999999949e+00
1.258990000000000054e+00 1.237780000000000102e+00 1.217140000000000111e+00 1.197060000000000013e+00 1.177540000000000031e+00 1.158590000000000009e+00 1.140290000000000026e+00 1.122759999999999980e+00 1.106139999999999901e+00 1.090589999999999948e+00 1.076160000000000005e+00 1.062850000000000072e+00 1.050599999999999978e+00 1.039509999999999934e+00 1.029889999999999972e+00 1.021800000000000042e+00
2.562289999999999957e+00 2.440949999999999953e+00 2.321820000000000217e+00 2.204990000000000006e+00 2.090390000000000192e+00 1.977740000000000054e+00 1.866640000000000077e+00 1.756590000000000096e+00 1.647129999999999983e+00 1.538240000000000052e+00 1.430350000000000010e+00 1.324600000000000000e+00 1.224169999999999980e+00 1.137150000000000105e+00 1.071029999999999927e+00 1.025050000000000017e+00
3.098840000000000039e+00 2.936609999999999943e+00 2.777159999999999851e+00 2.620709999999999873e+00 2.467379999999999907e+00 2.317089999999999872e+00 2.169470000000000010e+00 2.023909999999999876e+00 1.879680000000000017e+00 1.736299999999999955e+00 1.593660000000000077e+00 1.452220000000000066e+00 1.313900000000000068e+00 1.187670000000000003e+00 1.090479999999999894e+00 1.026129999999999987e+00
4.678779999999999717e+00 4.399680000000000035e+00 4.123809999999999754e+00 3.851589999999999847e+00 3.583410000000000206e+00 3.319679999999999964e+00 3.060579999999999856e+00 2.805810000000000137e+00 2.554689999999999905e+00 2.306449999999999889e+00 2.060659999999999936e+00 1.817269999999999941e+00 1.576549999999999896e+00 1.342700000000000005e+00 1.146760000000000002e+00 1.028899999999999926e+00
2.118040000000000145e+00 2.029790000000000205e+00 1.943230000000000013e+00 1.858400000000000052e+00 1.775269999999999904e+00 1.693640000000000034e+00 1.613229999999999942e+00 1.533609999999999918e+00 1.454509999999999970e+00 1.375969999999999915e+00 1.298559999999999937e+00 1.223829999999999973e+00 1.155100000000000016e+00 1.097110000000000030e+00 1.052229999999999999e+00 1.020059999999999967e+00
2.271790000000000198e+00 2.173569999999999780e+00 2.076890000000000125e+00 1.981880000000000086e+00 1.888589999999999991e+00 1.796990000000000087e+00 1.706849999999999978e+00 1.617779999999999996e+00 1.529390000000000027e+00 1.441529999999999978e+00 1.354459999999999997e+00 1.269150000000000000e+00 1.188229999999999897e+00 1.118000000000000105e+00 1.064869999999999983e+00 1.029139999999999944e+00
1.072030000000000038e+00 1.068550000000000111e+00 1.065160000000000107e+00 1.061839999999999895e+00 1.058559999999999945e+00 1.055290000000000061e+00 1.052009999999999890e+00 1.048720000000000097e+00 1.045439999999999925e+00 1.042200000000000015e+00 1.039039999999999964e+00 1.035979999999999901e+00 1.033060000000000089e+00 1.030329999999999968e+00 1.027930000000000010e+00 1.025870000000000060e+00
1.313949999999999951e+00 1.287979999999999903e+00 1.262739999999999974e+00 1.238240000000000007e+00 1.214429999999999898e+00 1.191270000000000051e+00 1.168730000000000047e+00 1.146889999999999965e+00 1.125930000000000097e+00 1.106160000000000032e+00 1.087800000000000100e+00 1.070999999999999952e+00 1.055849999999999955e+00 1.042550000000000088e+00 1.031519999999999992e+00 1.022569999999999979e+00
1.094300000000000050e+00 1.088570000000000038e+00 1.083139999999999992e+00 1.077960000000000029e+00 1.072969999999999979e+00 1.068100000000000049e+00 1.063309999999999977e+00 1.058540000000000036e+00 1.053779999999999939e+00 1.049050000000000038e+00 1.044370000000000021e+00 1.039760000000000018e+00 1.035309999999999953e+00 1.031230000000000091e+00 1.027749999999999941e+00 1.024929999999999897e+00
1.624139999999999917e+00 1.573709999999999942e+00 1.524370000000000003e+00 1.476099999999999968e+00 1.428800000000000070e+00 1.382360000000000033e+00 1.336619999999999919e+00 1.291490000000000027e+00 1.247100000000000097e+00 1.203950000000000076e+00 1.162989999999999968e+00 1.125459999999999905e+00 1.092359999999999998e+00 1.063900000000000068e+00 1.040720000000000089e+00 1.022850000000000037e+00
1.643510000000000026e+00 1.591450000000000031e+00 1.540429999999999966e+00 1.490569999999999951e+00 1.441910000000000025e+00 1.394360000000000044e+00 1.347820000000000018e+00 1.302049999999999930e+00 1.256950000000000012e+00 1.212650000000000006e+00 1.169780000000000042e+00 1.129529999999999923e+00 1.093550000000000022e+00 1.062859999999999916e+00 1.038769999999999971e+00 1.021740000000000093e+00
1.315919999999999979e+00 1.289730000000000043e+00 1.264289999999999914e+00 1.239579999999999904e+00 1.215580000000000105e+00 1.192220000000000057e+00 1.169489999999999919e+00 1.147429999999999950e+00 1.126190000000000024e+00 1.106000000000000094e+00 1.087180000000000035e+00 1.069839999999999902e+00 1.054059999999999997e+00 1.039959999999999996e+00 1.028329999999999966e+00 1.019309999999999938e+00
1.900609999999999911e+00 1.830060000000000020e+00 1.760739999999999972e+00 1.692749999999999977e+00 1.626130000000000075e+00 1.560750000000000082e+00 1.496359999999999912e+00 1.432560000000000056e+00 1.369080000000000075e+00 1.305889999999999995e+00 1.243449999999999944e+00 1.183200000000000029e+00 1.128149999999999986e+00 1.081900000000000084e+00 1.046410000000000062e+00 1.022059999999999969e+00
2.340790000000000148e+00 2.237719999999999931e+00 2.135969999999999924e+00 2.035800000000000054e+00 1.937370000000000037e+00 1.840770000000000017e+00 1.745880000000000098e+00 1.652269999999999905e+00 1.559369999999999923e+00 1.466839999999999922e+00 1.374749999999999917e+00 1.283840000000000092e+00 1.196409999999999973e+00 1.118449999999999944e+00 1.059109999999999996e+00 1.022299999999999986e+00
1.052249999999999908e+00 1.050210000000000088e+00 1.048229999999999995e+00 1.046289999999999942e+00 1.044370000000000021e+00 1.042450000000000099e+00 1.040499999999999980e+00 1.038499999999999979e+00 1.036480000000000068e+00 1.034429999999999961e+00 1.032370000000000010e+00 1.030340000000000034e+00 1.028370000000000006e+00 1.026510000000000034e+00 1.024820000000000064e+00 1.023349999999999982e+00
2.216190000000000104e+00 2.122980000000000089e+00 2.031109999999999971e+00 1.940819999999999990e+00 1.852330000000000032e+00 1.765679999999999916e+00 1.680730000000000057e+00 1.596959999999999935e+00 1.513679999999999914e+00 1.430620000000000003e+00 1.347969999999999891e+00 1.266520000000000090e+00 1.188150000000000039e+00 1.117510000000000003e+00 1.062189999999999968e+00 1.027300000000000102e+00
4.430909999999999904e+00 4.172640000000000349e+00 3.916959999999999997e+00 3.664419999999999789e+00 3.415529999999999955e+00 3.170720000000000205e+00 2.930250000000000021e+00 2.693859999999999921e+00 2.460710000000000175e+00 2.229729999999999990e+00 2.000080000000000080e+00 1.771419999999999995e+00 1.543600000000000083e+00 1.319339999999999957e+00 1.132519999999999971e+00 1.025709999999999900e+00
2.982769999999999921e+00 2.830499999999999794e+00 2.680169999999999941e+00 2.532129999999999992e+00 2.386680000000000135e+00 2.243990000000000151e+00 2.104019999999999779e+00 1.966269999999999962e+00 1.829990000000000006e+00 1.694620000000000015e+00 1.559970000000000079e+00 1.426420000000000021e+00 1.295320000000000027e+00 1.173249999999999904e+00 1.079960000000000031e+00 1.022690000000000099e+00
1.209910000000000041e+00 1.192190000000000083e+00 1.175210000000000088e+00 1.158970000000000056e+00 1.143489999999999895e+00 1.128700000000000037e+00 1.114579999999999904e+00 1.101080000000000059e+00 1.088149999999999951e+00 1.075800000000000090e+00 1.064089999999999980e+00 1.053060000000000107e+00 1.042740000000000000e+00 1.033190000000000053e+00 1.024829999999999908e+00 1.018389999999999906e+00
4.564189999999999969e+00 4.289380000000000415e+00 4.017669999999999852e+00 3.749740000000000073e+00 3.486190000000000122e+00 3.227640000000000065e+00 2.974549999999999805e+00 2.726780000000000204e+00 2.483600000000000030e+00 2.244339999999999780e+00 2.008620000000000072e+00 1.776370000000000005e+00 1.547949999999999937e+00 1.327080000000000037e+00 1.141480000000000050e+00 1.028229999999999977e+00
1.640689999999999982e+00 1.589120000000000088e+00 1.538580000000000059e+00 1.489009999999999945e+00 1.440330000000000110e+00 1.392349999999999977e+00 1.344940000000000024e+00 1.298040000000000083e+00 1.251859999999999973e+00 1.206960000000000033e+00 1.164430000000000076e+00 1.125720000000000054e+00 1.092019999999999991e+00 1.063809999999999922e+00 1.041099999999999914e+00 1.023039999999999949e+00
1.485260000000000025e+00 1.445540000000000047e+00 1.406770000000000076e+00 1.369089999999999918e+00 1.332529999999999992e+00 1.296999999999999931e+00 1.262380000000000058e+00 1.228460000000000107e+00 1.195160000000000000e+00 1.162700000000000067e+00 1.131580000000000030e+00 1.102570000000000050e+00 1.076370000000000049e+00 1.053190000000000071e+00 1.033809999999999896e+00 1.020219999999999905e+00
1.505789999999999962e+00 1.465060000000000029e+00 1.425210000000000088e+00 1.386200000000000099e+00 1.347920000000000007e+00 1.310279999999999889e+00 1.273220000000000018e+00 1.236809999999999965e+00 1.201330000000000009e+00 1.167370000000000019e+00 1.135610000000000008e+00 1.106710000000000083e+00 1.080980000000000052e+00 1.058480000000000087e+00 1.039709999999999912e+00 1.024540000000000006e+00
3.120039999999999925e+00 2.955929999999999946e+00 2.794000000000000039e+00 2.634609999999999896e+00 2.478159999999999918e+00 2.324850000000000083e+00 2.174729999999999830e+00 2.027289999999999814e+00 1.881769999999999943e+00 1.737540000000000084e+00 1.594430000000000014e+00 1.452970000000000095e+00 1.314899999999999958e+00 1.187219999999999942e+00 1.089139999999999997e+00 1.027430000000000065e+00
1.040329999999999977e+00 1.039220000000000033e+00 1.038149999999999906e+00 1.037090000000000067e+00 1.036059999999999981e+00 1.035009999999999986e+00 1.033949999999999925e+00 1.032850000000000046e+00 1.031719999999999970e+00 1.030550000000000077e+00 1.029360000000000053e+00 1.028149999999999897e+00 1.026939999999999964e+00 1.025749999999999940e+00 1.024659999999999904e+00 1.023740000000000094e+00
2.076029999999999820e+00 1.992620000000000058e+00 1.910570000000000102e+00 1.830009999999999915e+00 1.751020000000000021e+00 1.673529999999999962e+00 1.597339999999999982e+00 1.522010000000000085e+00 1.447189999999999976e+00 1.372789999999999955e+00 1.299099999999999921e+00 1.227020000000000000e+00 1.158860000000000001e+00 1.099299999999999944e+00 1.054210000000000091e+00 1.024469999999999992e+00
1.713410000000000100e+00 1.656439999999999912e+00 1.600619999999999932e+00 1.545989999999999975e+00 1.492560000000000109e+00 1.440129999999999910e+00 1.388470000000000093e+00 1.337350000000000039e+00 1.286720000000000086e+00 1.236839999999999939e+00 1.188520000000000021e+00 1.143459999999999921e+00 1.103699999999999903e+00 1.070370000000000044e+00 1.044070000000000054e+00 1.024750000000000050e+00
1.727149999999999963e+00 1.668870000000000076e+00 1.611720000000000041e+00 1.555690000000000017e+00 1.500669999999999948e+00 1.446499999999999897e+00 1.392989999999999950e+00 1.339970000000000105e+00 1.287519999999999998e+00 1.236089999999999911e+00 1.186690000000000023e+00 1.141150000000000109e+00 1.101490000000000080e+00 1.068719999999999892e+00 1.042950000000000044e+00 1.023020000000000040e+00
1.863029999999999964e+00 1.794289999999999941e+00 1.726820000000000022e+00 1.660660000000000025e+00 1.595750000000000002e+00 1.531930000000000014e+00 1.468960000000000043e+00 1.406600000000000072e+00 1.344729999999999981e+00 1.283560000000000034e+00 1.223919999999999897e+00 1.167710000000000026e+00 1.117990000000000039e+00 1.077020000000000088e+00 1.045439999999999925e+00 1.022070000000000034e+00
2.164639999999999898e+00 2.073999999999999844e+00 1.984650000000000025e+00 1.896800000000000042e+00 1.810640000000000027e+00 1.726199999999999957e+00 1.643350000000000088e+00 1.561660000000000048e+00 1.480660000000000087e+00 1.400130000000000097e+00 1.320259999999999989e+00 1.242050000000000098e+00 1.168199999999999905e+00 1.104160000000000030e+00 1.054789999999999894e+00 1.022860000000000102e+00
2.069809999999999928e+00 1.986850000000000005e+00 1.905149999999999899e+00 1.824889999999999901e+00 1.746159999999999934e+00 1.668909999999999894e+00 1.592959999999999932e+00 1.517879999999999896e+00 1.443289999999999962e+00 1.369110000000000049e+00 1.295630000000000059e+00 1.223819999999999908e+00 1.156290000000000040e+00 1.098019999999999996e+00 1.053819999999999979e+00 1.024739999999999984e+00
1.290019999999999945e+00 1.265900000000000025e+00 1.242539999999999978e+00 1.219929999999999959e+00 1.198069999999999968e+00 1.176909999999999901e+00 1.156420000000000003e+00 1.136630000000000029e+00 1.117639999999999967e+00 1.099679999999999991e+00 1.082929999999999948e+00 1.067399999999999904e+00 1.053109999999999991e+00 1.040249999999999897e+00 1.029420000000000002e+00 1.020939999999999959e+00
3.892199999999999882e+00 3.668719999999999981e+00 3.448209999999999997e+00 3.231139999999999901e+00 3.017920000000000158e+00 2.808819999999999872e+00 2.603940000000000143e+00 2.402750000000000163e+00 2.204590000000000050e+00 2.008789999999999853e+00 1.814999999999999947e+00 1.623350000000000071e+00 1.435329999999999995e+00 1.258909999999999973e+00 1.119029999999999969e+00 1.030419999999999892e+00
1.682660000000000045e+00 1.627119999999999900e+00 1.572689999999999921e+00 1.519490000000000007e+00 1.467549999999999910e+00 1.416800000000000059e+00 1.367089999999999916e+00 1.318200000000000038e+00 1.270040000000000058e+00 1.222849999999999993e+00 1.177289999999999948e+00 1.134619999999999962e+00 1.096440000000000081e+00 1.063800000000000079e+00 1.037469999999999892e+00 1.018760000000000110e+00
1.202380000000000004e+00 1.186129999999999907e+00 1.170469999999999899e+00 1.155399999999999983e+00 1.140889999999999960e+00 1.126929999999999987e+00 1.113499999999999934e+00 1.100600000000000023e+00 1.088330000000000020e+00 1.076680000000000081e+00 1.065679999999999961e+00 1.055350000000000010e+00 1.045739999999999892e+00 1.036969999999999947e+00 1.029439999999999911e+00 1.023209999999999953e+00
2.387910000000000199e+00 2.279119999999999813e+00 2.172340000000000160e+00 2.067689999999999806e+00 1.965140000000000109e+00 1.864449999999999941e+00 1.765269999999999895e+00 1.667079999999999895e+00 1.569460000000000077e+00 1.472299999999999942e+00 1.376069999999999904e+00 1.282389999999999919e+00 1.195270000000000055e+00 1.121480000000000032e+00 1.065199999999999925e+00 1.025069999999999926e+00
3.010130000000000194e+00 2.853130000000000166e+00 2.698749999999999982e+00 2.547250000000000014e+00 2.398800000000000043e+00 2.253299999999999859e+00 2.110479999999999912e+00 1.969689999999999941e+00 1.830270000000000064e+00 1.691729999999999956e+00 1.554089999999999971e+00 1.418039999999999967e+00 1.286119999999999930e+00 1.167399999999999993e+00 1.077199999999999935e+00 1.018219999999999903e+00
4.406089999999999840e+00 4.147009999999999863e+00 3.890709999999999891e+00 3.637640000000000207e+00 3.388370000000000104e+00 3.143359999999999932e+00 2.902880000000000127e+00 2.666690000000000005e+00 2.434019999999999850e+00 2.204159999999999897e+00 1.976639999999999953e+00 1.751379999999999937e+00 1.528790000000000093e+00 1.312310000000000088e+00 1.131510000000000016e+00 1.025300000000000100e+00
2.214510000000000201e+00 2.118349999999999955e+00 2.023880000000000123e+00 1.931319999999999926e+00 1.840770000000000017e+00 1.752199999999999980e+00 1.665419999999999900e+00 1.579949999999999966e+00 1.495349999999999957e+00 1.411419999999999897e+00 1.328480000000000105e+00 1.247700000000000031e+00 1.172050000000000036e+00 1.107010000000000050e+00 1.056920000000000082e+00 1.022259999999999946e+00
3.025990000000000180e+00 2.870280000000000165e+00 2.716540000000000177e+00 2.565100000000000158e+00 2.416269999999999918e+00 2.270230000000000192e+00 2.126990000000000158e+00 1.986120000000000108e+00 1.846829999999999972e+00 1.708399999999999919e+00 1.570529999999999982e+00 1.433640000000000025e+00 1.299569999999999892e+00 1.175359999999999960e+00 1.079390000000000072e+00 1.021260000000000057e+00
1.250189999999999912e+00 1.230550000000000033e+00 1.211419999999999941e+00 1.192819999999999991e+00 1.174679999999999946e+00 1.156979999999999897e+00 1.139750000000000041e+00 1.123110000000000053e+00 1.107120000000000104e+00 1.091939999999999911e+00 1.077709999999999946e+00 1.064559999999999951e+00 1.052570000000000006e+00 1.041870000000000074e+00 1.032829999999999915e+00 1.025419999999999998e+00
1.351609999999999978e+00 1.322519999999999918e+00 1.294270000000000032e+00 1.266899999999999915e+00 1.240420000000000078e+00 1.214739999999999931e+00 1.189799999999999969e+00 1.165559999999999929e+00 1.142179999999999973e+00 1.120000000000000107e+00 1.099390000000000089e+00 1.080610000000000070e+00 1.063660000000000050e+00 1.048480000000000079e+00 1.035630000000000051e+00 1.025590000000000002e+00
1.088759999999999950e+00 1.083139999999999992e+00 1.077839999999999909e+00 1.072829999999999950e+00 1.068049999999999944e+00 1.063450000000000006e+00 1.058959999999999901e+00 1.054510000000000058e+00 1.050070000000000059e+00 1.045649999999999968e+00 1.041260000000000074e+00 1.036920000000000064e+00 1.032710000000000017e+00 1.028790000000000093e+00 1.025449999999999973e+00 1.022780000000000022e+00
1.676919999999999966e+00 1.622020000000000017e+00 1.568330000000000002e+00 1.515910000000000091e+00 1.464760000000000062e+00 1.414740000000000109e+00 1.365690000000000071e+00 1.317420000000000035e+00 1.269930000000000003e+00 1.223640000000000061e+00 1.179349999999999898e+00 1.138300000000000090e+00 1.101839999999999931e+00 1.070610000000000062e+00 1.045169999999999932e+00 1.025719999999999965e+00
