1.857240000000000002e+00 1.789500000000000091e+00 1.723019999999999996e+00 1.657950000000000035e+00 1.594300000000000050e+00 1.531989999999999963e+00 1.470790000000000042e+00 1.410390000000000033e+00 1.350570000000000048e+00 1.291409999999999947e+00 1.233460000000000001e+00 1.177939999999999987e+00 1.127040000000000042e+00 1.083720000000000017e+00 1.050980000000000025e+00 1.028189999999999937e+00
1.089639999999999942e+00 1.084500000000000020e+00 1.079649999999999999e+00 1.075059999999999905e+00 1.070670000000000011e+00 1.066400000000000015e+00 1.062170000000000059e+00 1.057909999999999906e+00 1.053620000000000001e+00 1.049290000000000056e+00 1.044969999999999954e+00 1.040699999999999958e+00 1.036489999999999911e+00 1.032359999999999944e+00 1.028650000000000064e+00 1.025859999999999994e+00
2.787269999999999914e+00 2.650720000000000187e+00 2.515890000000000182e+00 2.383080000000000087e+00 2.252470000000000194e+00 2.124039999999999928e+00 1.997619999999999951e+00 1.872710000000000097e+00 1.748769999999999936e+00 1.625350000000000072e+00 1.502429999999999932e+00 1.380549999999999944e+00 1.261540000000000106e+00 1.153319999999999901e+00 1.073909999999999920e+00 1.024329999999999963e+00
1.549800000000000066e+00 1.505789999999999962e+00 1.462769999999999904e+00 1.420789999999999997e+00 1.379869999999999930e+00 1.339909999999999934e+00 1.300759999999999916e+00 1.262199999999999989e+00 1.224129999999999940e+00 1.186730000000000063e+00 1.150579999999999936e+00 1.116679999999999895e+00 1.086039999999999894e+00 1.059290000000000065e+00 1.038019999999999943e+00 1.023069999999999924e+00
1.216159999999999908e+00 1.199160000000000004e+00 1.182830000000000048e+00 1.167159999999999975e+00 1.152120000000000033e+00 1.137659999999999894e+00 1.123709999999999987e+00 1.110239999999999894e+00 1.097250000000000059e+00 1.084819999999999895e+00 1.072980000000000045e+00 1.061779999999999946e+00 1.051220000000000043e+00 1.041469999999999896e+00 1.033120000000000038e+00 1.026259999999999950e+00
2.451080000000000148e+00 2.338690000000000158e+00 2.228200000000000180e+00 2.119810000000000194e+00 2.013609999999999900e+00 1.909450000000000092e+00 1.807010000000000005e+00 1.705699999999999994e+00 1.604999999999999982e+00 1.504699999999999926e+00 1.404979999999999896e+00 1.306580000000000075e+00 1.211770000000000014e+00 1.127969999999999917e+00 1.065369999999999928e+00 1.023760000000000003e+00
3.306210000000000093e+00 3.130430000000000046e+00 2.956820000000000004e+00 2.785769999999999857e+00 2.617529999999999912e+00 2.452220000000000066e+00 2.289759999999999796e+00 2.129620000000000068e+00 1.971170000000000089e+00 1.813700000000000090e+00 1.656800000000000050e+00 1.500650000000000039e+00 1.346260000000000012e+00 1.201279999999999903e+00 1.092530000000000001e+00 1.026000000000000023e+00
2.322799999999999976e+00 2.220169999999999977e+00 2.119120000000000115e+00 2.019839999999999858e+00 1.922469999999999901e+00 1.826880000000000059e+00 1.732850000000000001e+00 1.639869999999999939e+00 1.547520000000000007e+00 1.455619999999999914e+00 1.364360000000000017e+00 1.274569999999999981e+00 1.188839999999999897e+00 1.114509999999999890e+00 1.059970000000000079e+00 1.023849999999999927e+00
1.258899999999999908e+00 1.237340000000000106e+00 1.216520000000000046e+00 1.196460000000000079e+00 1.177140000000000075e+00 1.158509999999999929e+00 1.140540000000000109e+00 1.123199999999999976e+00 1.106530000000000014e+00 1.090700000000000003e+00 1.075839999999999907e+00 1.061979999999999924e+00 1.049199999999999910e+00 1.037530000000000063e+00 1.027679999999999927e+00 1.020010000000000083e+00
3.282989999999999853e+00 3.105679999999999996e+00 2.931090000000000195e+00 2.759590000000000209e+00 2.591450000000000031e+00 2.426750000000000185e+00 2.265320000000000000e+00 2.106559999999999988e+00 1.949850000000000083e+00 1.794640000000000013e+00 1.640830000000000011e+00 1.489049999999999985e+00 1.341120000000000090e+00 1.204380000000000006e+00 1.098729999999999984e+00 1.029560000000000031e+00
1.698979999999999935e+00 1.642830000000000013e+00 1.587919999999999998e+00 1.534270000000000023e+00 1.481759999999999966e+00 1.430229999999999890e+00 1.379440000000000000e+00 1.329220000000000068e+00 1.279660000000000020e+00 1.231230000000000047e+00 1.184919999999999973e+00 1.142169999999999908e+00 1.104300000000000059e+00 1.071849999999999969e+00 1.045509999999999939e+00 1.025220000000000020e+00
1.399899999999999922e+00 1.366819999999999924e+00 1.334600000000000009e+00 1.303260000000000085e+00 1.272799999999999931e+00 1.243069999999999897e+00 1.213999999999999968e+00 1.185519999999999907e+00 1.157820000000000071e+00 1.131289999999999907e+00 1.106449999999999934e+00 1.083790000000000031e+00 1.063509999999999955e+00 1.045600000000000085e+00 1.030990000000000073e+00 1.020029999999999992e+00
1.408959999999999990e+00 1.375990000000000046e+00 1.343860000000000054e+00 1.312559999999999949e+00 1.282000000000000028e+00 1.252089999999999925e+00 1.222760000000000069e+00 1.194029999999999925e+00 1.166130000000000111e+00 1.139399999999999968e+00 1.114290000000000003e+00 1.091220000000000079e+00 1.070400000000000018e+00 1.051870000000000083e+00 1.036030000000000006e+00 1.023360000000000047e+00
3.060270000000000046e+00 2.900339999999999918e+00 2.742739999999999956e+00 2.587800000000000100e+00 2.435820000000000096e+00 2.286849999999999827e+00 2.140750000000000153e+00 1.997030000000000083e+00 1.855069999999999997e+00 1.714310000000000000e+00 1.574540000000000051e+00 1.436120000000000063e+00 1.300729999999999942e+00 1.177349999999999897e+00 1.085080000000000044e+00 1.025300000000000100e+00
1.118449999999999944e+00 1.110360000000000014e+00 1.102649999999999908e+00 1.095280000000000031e+00 1.088209999999999900e+00 1.081399999999999917e+00 1.074789999999999912e+00 1.068349999999999911e+00 1.062060000000000004e+00 1.055960000000000010e+00 1.050049999999999928e+00 1.044370000000000021e+00 1.038960000000000106e+00 1.033900000000000041e+00 1.029430000000000067e+00 1.025579999999999936e+00
1.311760000000000037e+00 1.285889999999999977e+00 1.260920000000000041e+00 1.236909999999999954e+00 1.213850000000000096e+00 1.191670000000000007e+00 1.170299999999999896e+00 1.149610000000000021e+00 1.129629999999999912e+00 1.110549999999999926e+00 1.092580000000000107e+00 1.075909999999999922e+00 1.060440000000000049e+00 1.046119999999999939e+00 1.033849999999999936e+00 1.024520000000000097e+00
2.028770000000000184e+00 1.948239999999999972e+00 1.869080000000000075e+00 1.791449999999999987e+00 1.715379999999999905e+00 1.640759999999999996e+00 1.567320000000000046e+00 1.494690000000000074e+00 1.422590000000000021e+00 1.351010000000000044e+00 1.280469999999999997e+00 1.212169999999999970e+00 1.148870000000000058e+00 1.094980000000000064e+00 1.054359999999999964e+00 1.026620000000000088e+00
1.499120000000000008e+00 1.458630000000000093e+00 1.419070000000000054e+00 1.380449999999999955e+00 1.342680000000000096e+00 1.305660000000000043e+00 1.269230000000000080e+00 1.233260000000000023e+00 1.197920000000000096e+00 1.163629999999999942e+00 1.131219999999999892e+00 1.101650000000000018e+00 1.075639999999999930e+00 1.053290000000000060e+00 1.035179999999999989e+00 1.021409999999999929e+00
1.880370000000000097e+00 1.810619999999999896e+00 1.742220000000000102e+00 1.675280000000000102e+00 1.609790000000000054e+00 1.545600000000000085e+00 1.482469999999999954e+00 1.419999999999999929e+00 1.358030000000000070e+00 1.296669999999999989e+00 1.236599999999999921e+00 1.179280000000000106e+00 1.127229999999999954e+00 1.083139999999999992e+00 1.049099999999999921e+00 1.024809999999999999e+00
1.774869999999999948e+00 1.713759999999999950e+00 1.653829999999999911e+00 1.595169999999999977e+00 1.537789999999999990e+00 1.481510000000000105e+00 1.426080000000000014e+00 1.371159999999999934e+00 1.316599999999999993e+00 1.262620000000000076e+00 1.209940000000000015e+00 1.159980000000000011e+00 1.114870000000000028e+00 1.076289999999999969e+00 1.046149999999999913e+00 1.024950000000000028e+00
2.478009999999999824e+00 2.363410000000000011e+00 2.250519999999999854e+00 2.139580000000000037e+00 2.030730000000000146e+00 1.923959999999999892e+00 1.819090000000000096e+00 1.715750000000000108e+00 1.613429999999999920e+00 1.511730000000000018e+00 1.410709999999999908e+00 1.311099999999999932e+00 1.215260000000000007e+00 1.130030000000000090e+00 1.066589999999999927e+00 1.025079999999999991e+00
1.102840000000000042e+00 1.096039999999999903e+00 1.089639999999999942e+00 1.083609999999999962e+00 1.077909999999999924e+00 1.072429999999999994e+00 1.067110000000000003e+00 1.061839999999999895e+00 1.056610000000000049e+00 1.051439999999999930e+00 1.046329999999999982e+00 1.041330000000000089e+00 1.036450000000000093e+00 1.031760000000000010e+00 1.027560000000000029e+00 1.024100000000000010e+00
3.379140000000000033e+00 3.196629999999999860e+00 3.016469999999999985e+00 2.839100000000000179e+00 2.664789999999999992e+00 2.493669999999999831e+00 2.325709999999999944e+00 2.160470000000000113e+00 1.997270000000000101e+00 1.835460000000000091e+00 1.674760000000000026e+00 1.515400000000000080e+00 1.358510000000000106e+00 1.211019999999999985e+00 1.098400000000000043e+00 1.028000000000000025e+00
2.184019999999999850e+00 2.091209999999999791e+00 2.000080000000000080e+00 1.910809999999999897e+00 1.823469999999999924e+00 1.737980000000000080e+00 1.654150000000000009e+00 1.571479999999999988e+00 1.489540000000000086e+00 1.408120000000000038e+00 1.327509999999999968e+00 1.248690000000000078e+00 1.173990000000000089e+00 1.108239999999999892e+00 1.057989999999999986e+00 1.023949999999999916e+00
1.165950000000000042e+00 1.152789999999999981e+00 1.140220000000000011e+00 1.128249999999999975e+00 1.116810000000000080e+00 1.105879999999999974e+00 1.095390000000000086e+00 1.085269999999999957e+00 1.075539999999999941e+00 1.066200000000000037e+00 1.057299999999999907e+00 1.048890000000000100e+00 1.040990000000000082e+00 1.033590000000000009e+00 1.027009999999999978e+00 1.021670000000000078e+00
3.252639999999999976e+00 3.079000000000000181e+00 2.907970000000000166e+00 2.739959999999999951e+00 2.575180000000000025e+00 2.413629999999999942e+00 2.255050000000000221e+00 2.098790000000000155e+00 1.944110000000000005e+00 1.790300000000000002e+00 1.637299999999999978e+00 1.485789999999999944e+00 1.337669999999999915e+00 1.200050000000000061e+00 1.093529999999999891e+00 1.025760000000000005e+00
3.848269999999999857e+00 3.628950000000000120e+00 3.412910000000000110e+00 3.200649999999999995e+00 2.992539999999999978e+00 2.788730000000000153e+00 2.589119999999999866e+00 2.393069999999999808e+00 2.199689999999999923e+00 2.007940000000000058e+00 1.817290000000000072e+00 1.627739999999999965e+00 1.440059999999999896e+00 1.259910000000000085e+00 1.116630000000000011e+00 1.026939999999999964e+00
3.729909999999999837e+00 3.520150000000000112e+00 3.313099999999999934e+00 3.109259999999999913e+00 2.908959999999999990e+00 2.712400000000000144e+00 2.519610000000000127e+00 2.330169999999999852e+00 2.143419999999999881e+00 1.958620000000000028e+00 1.775320000000000009e+00 1.593630000000000102e+00 1.414349999999999996e+00 1.243730000000000002e+00 1.110679999999999890e+00 1.027879999999999905e+00
2.693680000000000074e+00 2.561459999999999848e+00 2.431369999999999809e+00 2.303679999999999950e+00 2.178560000000000052e+00 2.055959999999999788e+00 1.935629999999999962e+00 1.817050000000000054e+00 1.699589999999999934e+00 1.582729999999999970e+00 1.466460000000000097e+00 1.351480000000000015e+00 1.240339999999999998e+00 1.141939999999999955e+00 1.069059999999999899e+00 1.020650000000000057e+00
2.765620000000000189e+00 2.629109999999999836e+00 2.494530000000000136e+00 2.362220000000000208e+00 2.232359999999999900e+00 2.105049999999999866e+00 1.980169999999999986e+00 1.857280000000000042e+00 1.735780000000000101e+00 1.615159999999999929e+00 1.495330000000000048e+00 1.376789999999999958e+00 1.261419999999999986e+00 1.157280000000000086e+00 1.080070000000000086e+00 1.029700000000000060e+00
1.051180000000000003e+00 1.049390000000000045e+00 1.047619999999999996e+00 1.045849999999999946e+00 1.044089999999999963e+00 1.042319999999999913e+00 1.040519999999999889e+00 1.038699999999999957e+00 1.036869999999999958e+00 1.035050000000000026e+00 1.033260000000000067e+00 1.031539999999999901e+00 1.029919999999999947e+00 1.028410000000000046e+00 1.027039999999999953e+00 1.025830000000000020e+00
1.158740000000000103e+00 1.146349999999999980e+00 1.134549999999999947e+00 1.123329999999999940e+00 1.112659999999999982e+00 1.102449999999999930e+00 1.092649999999999899e+00 1.083169999999999966e+00 1.073970000000000091e+00 1.065059999999999896e+00 1.056499999999999995e+00 1.048300000000000010e+00 1.040489999999999915e+00 1.033269999999999911e+00 1.027190000000000047e+00 1.022380000000000067e+00
1.110500000000000043e+00 1.103040000000000020e+00 1.096039999999999903e+00 1.089460000000000095e+00 1.083239999999999981e+00 1.077309999999999990e+00 1.071530000000000094e+00 1.065830000000000055e+00 1.060159999999999991e+00 1.054510000000000058e+00 1.048920000000000075e+00 1.043400000000000105e+00 1.037979999999999903e+00 1.032769999999999966e+00 1.028350000000000097e+00 1.024950000000000028e+00
1.787570000000000103e+00 1.724580000000000002e+00 1.662900000000000045e+00 1.602619999999999933e+00 1.543739999999999890e+00 1.486120000000000108e+00 1.429519999999999902e+00 1.373660000000000103e+00 1.318349999999999911e+00 1.263710000000000111e+00 1.210339999999999971e+00 1.159720000000000084e+00 1.114109999999999934e+00 1.075339999999999963e+00 1.044939999999999980e+00 1.022990000000000066e+00
2.008329999999999949e+00 1.928800000000000070e+00 1.850419999999999954e+00 1.773379999999999956e+00 1.697899999999999965e+00 1.624049999999999994e+00 1.551809999999999912e+00 1.480869999999999909e+00 1.410789999999999988e+00 1.341360000000000108e+00 1.272829999999999906e+00 1.206129999999999924e+00 1.143710000000000004e+00 1.090060000000000029e+00 1.048969999999999958e+00 1.022089999999999943e+00
1.406300000000000106e+00 1.373040000000000038e+00 1.340659999999999963e+00 1.309220000000000050e+00 1.278710000000000013e+00 1.249030000000000085e+00 1.220050000000000079e+00 1.191640000000000033e+00 1.163810000000000011e+00 1.136810000000000098e+00 1.111129999999999951e+00 1.087369999999999948e+00 1.065879999999999939e+00 1.046629999999999949e+00 1.030520000000000103e+00 1.019360000000000044e+00
2.484890000000000043e+00 2.370340000000000114e+00 2.257299999999999862e+00 2.146049999999999791e+00 2.036779999999999813e+00 1.929559999999999942e+00 1.824279999999999902e+00 1.720480000000000009e+00 1.617550000000000043e+00 1.515039999999999942e+00 1.412930000000000019e+00 1.311900000000000066e+00 1.214159999999999906e+00 1.127350000000000074e+00 1.063269999999999937e+00 1.022650000000000059e+00
1.860030000000000072e+00 1.791879999999999917e+00 1.724869999999999903e+00 1.659189999999999943e+00 1.594940000000000024e+00 1.532129999999999992e+00 1.470599999999999907e+00 1.409999999999999920e+00 1.349969999999999892e+00 1.290380000000000082e+00 1.231729999999999992e+00 1.175349999999999895e+00 1.123639999999999972e+00 1.079420000000000046e+00 1.044929999999999914e+00 1.021830000000000016e+00
1.045690000000000008e+00 1.044079999999999897e+00 1.042510000000000048e+00 1.040960000000000107e+00 1.039449999999999985e+00 1.037940000000000085e+00 1.036440000000000028e+00 1.034939999999999971e+00 1.033430000000000071e+00 1.031919999999999948e+00 1.030410000000000048e+00 1.028920000000000057e+00 1.027439999999999909e+00 1.026000000000000023e+00 1.024620000000000086e+00 1.023339999999999916e+00
1.974029999999999951e+00 1.897850000000000037e+00 1.822920000000000096e+00 1.749460000000000015e+00 1.677650000000000086e+00 1.607520000000000060e+00 1.538990000000000080e+00 1.471610000000000085e+00 1.404819999999999958e+00 1.338430000000000009e+00 1.272720000000000073e+00 1.208679999999999977e+00 1.148449999999999971e+00 1.095690000000000053e+00 1.054340000000000055e+00 1.027060000000000084e+00
5.065050000000000274e+00 4.756619999999999848e+00 4.451190000000000424e+00 4.149429999999999730e+00 3.852030000000000065e+00 3.559639999999999915e+00 3.272769999999999957e+00 2.991530000000000022e+00 2.715339999999999865e+00 2.443109999999999893e+00 2.173840000000000217e+00 1.906940000000000079e+00 1.641950000000000021e+00 1.380470000000000086e+00 1.156930000000000014e+00 1.026459999999999928e+00
3.032059999999999977e+00 2.877139999999999809e+00 2.723930000000000184e+00 2.572769999999999779e+00 2.424040000000000195e+00 2.277960000000000207e+00 2.134650000000000158e+00 1.993730000000000002e+00 1.854470000000000063e+00 1.716120000000000090e+00 1.578289999999999971e+00 1.441279999999999895e+00 1.306410000000000071e+00 1.179280000000000106e+00 1.081090000000000106e+00 1.022680000000000033e+00
1.353110000000000035e+00 1.323169999999999957e+00 1.294110000000000094e+00 1.266010000000000080e+00 1.238899999999999890e+00 1.212760000000000060e+00 1.187470000000000026e+00 1.162949999999999928e+00 1.139229999999999965e+00 1.116610000000000102e+00 1.095390000000000086e+00 1.075779999999999959e+00 1.057970000000000077e+00 1.042049999999999921e+00 1.028610000000000024e+00 1.018540000000000001e+00
3.446730000000000071e+00 3.256460000000000132e+00 3.068680000000000074e+00 2.883820000000000050e+00 2.702399999999999913e+00 2.524739999999999984e+00 2.351140000000000008e+00 2.181259999999999977e+00 2.014359999999999928e+00 1.849599999999999911e+00 1.686609999999999943e+00 1.525779999999999914e+00 1.368679999999999897e+00 1.220490000000000075e+00 1.101420000000000066e+00 1.026980000000000004e+00
1.419389999999999930e+00 1.384779999999999900e+00 1.351110000000000033e+00 1.318380000000000107e+00 1.286550000000000082e+00 1.255500000000000060e+00 1.225179999999999936e+00 1.195589999999999931e+00 1.166909999999999892e+00 1.139569999999999972e+00 1.114009999999999945e+00 1.090619999999999923e+00 1.069550000000000001e+00 1.050850000000000062e+00 1.035130000000000106e+00 1.022790000000000088e+00
1.555660000000000043e+00 1.509989999999999943e+00 1.465400000000000036e+00 1.421999999999999931e+00 1.379839999999999955e+00 1.338840000000000030e+00 1.298850000000000060e+00 1.259630000000000027e+00 1.221060000000000034e+00 1.183359999999999967e+00 1.147170000000000023e+00 1.113550000000000040e+00 1.083499999999999908e+00 1.057320000000000038e+00 1.035849999999999937e+00 1.020319999999999894e+00
1.380800000000000027e+00 1.349690000000000056e+00 1.319450000000000012e+00 1.290100000000000025e+00 1.261570000000000080e+00 1.233789999999999942e+00 1.206690000000000040e+00 1.180279999999999996e+00 1.154689999999999994e+00 1.130290000000000017e+00 1.107480000000000020e+00 1.086570000000000036e+00 1.067649999999999988e+00 1.050519999999999898e+00 1.035749999999999948e+00 1.024350000000000094e+00
3.667479999999999851e+00 3.463789999999999925e+00 3.262220000000000120e+00 3.063229999999999897e+00 2.867360000000000131e+00 2.675050000000000150e+00 2.486679999999999779e+00 2.302010000000000112e+00 2.120299999999999851e+00 1.940639999999999921e+00 1.762429999999999941e+00 1.585669999999999913e+00 1.411010000000000097e+00 1.242830000000000101e+00 1.107979999999999965e+00 1.027949999999999919e+00
1.069579999999999975e+00 1.066119999999999957e+00 1.062799999999999967e+00 1.059600000000000097e+00 1.056499999999999995e+00 1.053460000000000063e+00 1.050429999999999975e+00 1.047379999999999978e+00 1.044300000000000006e+00 1.041179999999999994e+00 1.038059999999999983e+00 1.034969999999999946e+00 1.031919999999999948e+00 1.028950000000000031e+00 1.026200000000000001e+00 1.023810000000000109e+00
1.338100000000000067e+00 1.310049999999999937e+00 1.282880000000000020e+00 1.256669999999999954e+00 1.231419999999999959e+00 1.207100000000000062e+00 1.183610000000000051e+00 1.160860000000000003e+00 1.138859999999999983e+00 1.117739999999999956e+00 1.097790000000000044e+00 1.079239999999999977e+00 1.062189999999999968e+00 1.046629999999999949e+00 1.033470000000000111e+00 1.023700000000000054e+00
2.168960000000000221e+00 2.077580000000000204e+00 1.987630000000000008e+00 1.899319999999999897e+00 1.812780000000000058e+00 1.727950000000000097e+00 1.644670000000000076e+00 1.562489999999999934e+00 1.480930000000000080e+00 1.399780000000000024e+00 1.319329999999999892e+00 1.240769999999999929e+00 1.167140000000000066e+00 1.104319999999999968e+00 1.056920000000000082e+00 1.025199999999999889e+00
1.878830000000000000e+00 1.808869999999999978e+00 1.740199999999999969e+00 1.672979999999999912e+00 1.607180000000000053e+00 1.542689999999999895e+00 1.479300000000000059e+00 1.416690000000000005e+00 1.354630000000000001e+00 1.293260000000000076e+00 1.233309999999999906e+00 1.176199999999999912e+00 1.124460000000000015e+00 1.080689999999999928e+00 1.046980000000000022e+00 1.023139999999999938e+00
1.925759999999999916e+00 1.852389999999999981e+00 1.780280000000000085e+00 1.709600000000000009e+00 1.640349999999999975e+00 1.572459999999999969e+00 1.505710000000000104e+00 1.439780000000000060e+00 1.374409999999999910e+00 1.309590000000000032e+00 1.245940000000000047e+00 1.184860000000000024e+00 1.129229999999999956e+00 1.082480000000000109e+00 1.046890000000000098e+00 1.022089999999999943e+00
1.515330000000000066e+00 1.472490000000000077e+00 1.430690000000000017e+00 1.390020000000000033e+00 1.350540000000000074e+00 1.312200000000000033e+00 1.274909999999999988e+00 1.238459999999999894e+00 1.202820000000000000e+00 1.168279999999999985e+00 1.135559999999999903e+00 1.105639999999999956e+00 1.079110000000000014e+00 1.055970000000000075e+00 1.036499999999999977e+00 1.022229999999999972e+00
2.527709999999999901e+00 2.408980000000000121e+00 2.291850000000000165e+00 2.176670000000000105e+00 2.063680000000000181e+00 1.952960000000000029e+00 1.844479999999999897e+00 1.737810000000000077e+00 1.632370000000000099e+00 1.527760000000000007e+00 1.424009999999999998e+00 1.321700000000000097e+00 1.222650000000000015e+00 1.133969999999999922e+00 1.067839999999999900e+00 1.025260000000000060e+00
1.292589999999999906e+00 1.267949999999999910e+00 1.244110000000000049e+00 1.221100000000000074e+00 1.198939999999999895e+00 1.177570000000000006e+00 1.156970000000000054e+00 1.137119999999999909e+00 1.118120000000000003e+00 1.100160000000000027e+00 1.083450000000000024e+00 1.068000000000000060e+00 1.053770000000000095e+00 1.040780000000000038e+00 1.029649999999999954e+00 1.020950000000000024e+00
3.155710000000000015e+00 2.989679999999999893e+00 2.825790000000000024e+00 2.664470000000000116e+00 2.506060000000000176e+00 2.350760000000000183e+00 2.198560000000000070e+00 2.048999999999999932e+00 1.901389999999999914e+00 1.755130000000000079e+00 1.610030000000000072e+00 1.466439999999999966e+00 1.325479999999999992e+00 1.193640000000000034e+00 1.092700000000000005e+00 1.029500000000000082e+00
2.251539999999999875e+00 2.153820000000000068e+00 2.057560000000000056e+00 1.962979999999999947e+00 1.870260000000000034e+00 1.779460000000000042e+00 1.690390000000000059e+00 1.602640000000000065e+00 1.515689999999999982e+00 1.429230000000000000e+00 1.343439999999999968e+00 1.259249999999999980e+00 1.179059999999999997e+00 1.108230000000000048e+00 1.053970000000000073e+00 1.019320000000000004e+00
1.289730000000000043e+00 1.265930000000000000e+00 1.242920000000000025e+00 1.220730000000000093e+00 1.199319999999999942e+00 1.178630000000000067e+00 1.158609999999999918e+00 1.139240000000000030e+00 1.120570000000000066e+00 1.102780000000000094e+00 1.086140000000000105e+00 1.070710000000000051e+00 1.056449999999999889e+00 1.043290000000000051e+00 1.031840000000000090e+00 1.023290000000000033e+00
3.255939999999999834e+00 3.082530000000000214e+00 2.911589999999999900e+00 2.743520000000000181e+00 2.578590000000000160e+00 2.416889999999999983e+00 2.258270000000000000e+00 2.102139999999999898e+00 1.947599999999999998e+00 1.793870000000000076e+00 1.640709999999999891e+00 1.488620000000000054e+00 1.339520000000000044e+00 1.200460000000000083e+00 1.092950000000000088e+00 1.025930000000000009e+00
4.122790000000000177e+00 3.880149999999999988e+00 3.640940000000000065e+00 3.405730000000000146e+00 3.175009999999999888e+00 2.949110000000000120e+00 2.728099999999999969e+00 2.511629999999999807e+00 2.298900000000000166e+00 2.088929999999999954e+00 1.881129999999999969e+00 1.675349999999999895e+00 1.471810000000000063e+00 1.275160000000000071e+00 1.116389999999999993e+00 1.019430000000000058e+00
4.497309999999999697e+00 4.229370000000000296e+00 3.964389999999999858e+00 3.702929999999999833e+00 3.445580000000000087e+00 3.192880000000000162e+00 2.945260000000000211e+00 2.702519999999999811e+00 2.464059999999999917e+00 2.229060000000000041e+00 1.996879999999999988e+00 1.767320000000000002e+00 1.540769999999999973e+00 1.320689999999999920e+00 1.135809999999999986e+00 1.025449999999999973e+00
2.368119999999999781e+00 2.260839999999999961e+00 2.154970000000000052e+00 2.050800000000000178e+00 1.948590000000000044e+00 1.848500000000000032e+00 1.750590000000000090e+00 1.654509999999999925e+00 1.559709999999999930e+00 1.465789999999999926e+00 1.372759999999999980e+00 1.281309999999999949e+00 1.193670000000000009e+00 1.116940000000000044e+00 1.059549999999999992e+00 1.022310000000000052e+00
2.859539999999999971e+00 2.715040000000000120e+00 2.572309999999999874e+00 2.431719999999999882e+00 2.293629999999999836e+00 2.158310000000000173e+00 2.025879999999999903e+00 1.896039999999999948e+00 1.768080000000000096e+00 1.641350000000000087e+00 1.515540000000000109e+00 1.390919999999999934e+00 1.269120000000000026e+00 1.158029999999999893e+00 1.073720000000000008e+00 1.021099999999999897e+00
1.152079999999999993e+00 1.140770000000000062e+00 1.129960000000000075e+00 1.119650000000000034e+00 1.109839999999999938e+00 1.100410000000000110e+00 1.091290000000000093e+00 1.082440000000000069e+00 1.073819999999999997e+00 1.065479999999999983e+00 1.057490000000000041e+00 1.049889999999999990e+00 1.042720000000000091e+00 1.036019999999999941e+00 1.030089999999999950e+00 1.025300000000000100e+00
1.029290000000000038e+00 1.029050000000000020e+00 1.028820000000000068e+00 1.028599999999999959e+00 1.028380000000000072e+00 1.028159999999999963e+00 1.027930000000000010e+00 1.027679999999999927e+00 1.027400000000000091e+00 1.027109999999999967e+00 1.026790000000000092e+00 1.026459999999999928e+00 1.026110000000000078e+00 1.025749999999999940e+00 1.025419999999999998e+00 1.025160000000000071e+00
1.024229999999999974e+00 1.024140000000000050e+00 1.024049999999999905e+00 1.023959999999999981e+00 1.023879999999999901e+00 1.023789999999999978e+00 1.023689999999999989e+00 1.023590000000000000e+00 1.023490000000000011e+00 1.023369999999999891e+00 1.023249999999999993e+00 1.023130000000000095e+00 1.022999999999999909e+00 1.022869999999999946e+00 1.022750000000000048e+00 1.022659999999999902e+00
1.328030000000000044e+00 1.300740000000000007e+00 1.274350000000000094e+00 1.249009999999999954e+00 1.224709999999999965e+00 1.201389999999999958e+00 1.178960000000000008e+00 1.157280000000000086e+00 1.136269999999999891e+00 1.116060000000000052e+00 1.096919999999999895e+00 1.079069999999999974e+00 1.062519999999999909e+00 1.047330000000000094e+00 1.034520000000000106e+00 1.025260000000000060e+00
