1.562410000000000077e+00 1.518210000000000059e+00 1.474750000000000005e+00 1.432010000000000005e+00 1.389890000000000070e+00 1.348309999999999897e+00 1.307190000000000074e+00 1.266620000000000079e+00 1.226849999999999996e+00 1.188339999999999952e+00 1.151759999999999895e+00 1.118069999999999897e+00 1.088249999999999940e+00 1.063020000000000076e+00 1.042990000000000084e+00 1.027900000000000036e+00
1.197459999999999969e+00 1.182800000000000074e+00 1.168520000000000003e+00 1.154600000000000071e+00 1.141010000000000080e+00 1.127750000000000030e+00 1.114889999999999937e+00 1.102500000000000036e+00 1.090629999999999988e+00 1.079320000000000057e+00 1.068570000000000020e+00 1.058410000000000073e+00 1.048789999999999889e+00 1.039840000000000098e+00 1.032140000000000057e+00 1.026010000000000089e+00
2.821410000000000196e+00 2.685290000000000177e+00 2.550829999999999931e+00 2.417940000000000200e+00 2.286480000000000068e+00 2.156200000000000117e+00 2.026790000000000092e+00 1.897839999999999971e+00 1.769160000000000066e+00 1.640700000000000047e+00 1.512620000000000076e+00 1.385569999999999968e+00 1.262329999999999952e+00 1.154079999999999995e+00 1.075399999999999912e+00 1.024420000000000108e+00
2.095219999999999860e+00 2.013009999999999966e+00 1.931829999999999936e+00 1.851630000000000109e+00 1.772420000000000107e+00 1.693940000000000001e+00 1.615839999999999943e+00 1.537840000000000096e+00 1.459910000000000041e+00 1.382309999999999928e+00 1.305620000000000003e+00 1.231009999999999938e+00 1.161010000000000097e+00 1.100109999999999921e+00 1.053690000000000015e+00 1.023630000000000040e+00
1.088870000000000005e+00 1.083939999999999904e+00 1.079120000000000079e+00 1.074389999999999956e+00 1.069749999999999979e+00 1.065169999999999950e+00 1.060659999999999936e+00 1.056219999999999937e+00 1.051860000000000017e+00 1.047600000000000087e+00 1.043479999999999963e+00 1.039520000000000000e+00 1.035779999999999923e+00 1.032270000000000021e+00 1.029039999999999955e+00 1.026089999999999947e+00
1.679419999999999913e+00 1.626579999999999915e+00 1.574519999999999920e+00 1.523190000000000044e+00 1.472469999999999946e+00 1.422209999999999974e+00 1.372309999999999919e+00 1.322850000000000081e+00 1.274029999999999996e+00 1.226269999999999971e+00 1.180290000000000061e+00 1.137510000000000021e+00 1.099480000000000013e+00 1.067180000000000017e+00 1.041570000000000107e+00 1.022880000000000011e+00
3.020509999999999806e+00 2.869479999999999809e+00 2.720260000000000122e+00 2.572909999999999808e+00 2.427439999999999820e+00 2.283589999999999787e+00 2.140960000000000196e+00 1.999090000000000034e+00 1.857690000000000063e+00 1.716760000000000064e+00 1.576429999999999998e+00 1.437289999999999957e+00 1.301660000000000039e+00 1.177969999999999962e+00 1.084109999999999907e+00 1.025709999999999900e+00
2.001219999999999999e+00 1.923499999999999988e+00 1.846929999999999961e+00 1.771460000000000035e+00 1.696960000000000024e+00 1.623250000000000082e+00 1.550140000000000073e+00 1.477549999999999919e+00 1.405569999999999986e+00 1.334470000000000045e+00 1.264850000000000030e+00 1.198350000000000026e+00 1.138479999999999936e+00 1.089059999999999917e+00 1.051250000000000018e+00 1.023570000000000091e+00
1.262380000000000058e+00 1.241109999999999935e+00 1.220320000000000071e+00 1.199999999999999956e+00 1.180139999999999967e+00 1.160770000000000080e+00 1.141960000000000086e+00 1.123879999999999990e+00 1.106680000000000108e+00 1.090549999999999908e+00 1.075530000000000097e+00 1.061649999999999983e+00 1.048980000000000024e+00 1.037609999999999921e+00 1.027889999999999970e+00 1.020019999999999927e+00
3.543880000000000141e+00 3.354239999999999888e+00 3.166970000000000063e+00 2.982200000000000184e+00 2.800019999999999953e+00 2.620210000000000150e+00 2.442299999999999915e+00 2.265699999999999825e+00 2.090009999999999923e+00 1.915219999999999922e+00 1.741400000000000059e+00 1.568899999999999961e+00 1.398970000000000047e+00 1.237559999999999993e+00 1.108770000000000033e+00 1.029749999999999943e+00
1.612449999999999939e+00 1.564030000000000031e+00 1.516270000000000007e+00 1.469060000000000032e+00 1.422299999999999898e+00 1.375939999999999941e+00 1.329979999999999940e+00 1.284610000000000030e+00 1.240169999999999995e+00 1.197389999999999954e+00 1.157450000000000090e+00 1.121620000000000061e+00 1.090580000000000105e+00 1.064340000000000064e+00 1.042759999999999909e+00 1.025130000000000097e+00
1.193470000000000031e+00 1.177829999999999933e+00 1.162679999999999936e+00 1.148020000000000040e+00 1.133839999999999959e+00 1.120149999999999979e+00 1.106999999999999984e+00 1.094410000000000105e+00 1.082459999999999978e+00 1.071199999999999930e+00 1.060629999999999962e+00 1.050720000000000098e+00 1.041469999999999896e+00 1.032990000000000075e+00 1.025600000000000067e+00 1.019810000000000105e+00
1.514199999999999990e+00 1.473749999999999893e+00 1.433880000000000043e+00 1.394479999999999942e+00 1.355450000000000044e+00 1.316750000000000087e+00 1.278429999999999955e+00 1.240690000000000071e+00 1.203920000000000101e+00 1.168770000000000087e+00 1.136009999999999964e+00 1.106360000000000010e+00 1.080130000000000035e+00 1.057409999999999961e+00 1.038569999999999993e+00 1.023470000000000102e+00
2.311780000000000168e+00 2.210389999999999855e+00 2.110529999999999795e+00 2.012169999999999792e+00 1.915219999999999922e+00 1.819450000000000012e+00 1.724599999999999911e+00 1.630449999999999955e+00 1.536939999999999973e+00 1.444229999999999903e+00 1.352740000000000054e+00 1.263879999999999892e+00 1.181910000000000016e+00 1.113380000000000036e+00 1.061539999999999928e+00 1.024499999999999966e+00
1.063220000000000054e+00 1.060370000000000035e+00 1.057569999999999899e+00 1.054820000000000091e+00 1.052089999999999970e+00 1.049390000000000045e+00 1.046720000000000095e+00 1.044079999999999897e+00 1.041469999999999896e+00 1.038910000000000000e+00 1.036399999999999988e+00 1.033959999999999990e+00 1.031619999999999981e+00 1.029409999999999936e+00 1.027369999999999894e+00 1.025490000000000013e+00
1.453650000000000109e+00 1.417780000000000040e+00 1.382579999999999920e+00 1.347969999999999891e+00 1.313839999999999897e+00 1.280140000000000056e+00 1.246890000000000054e+00 1.214259999999999895e+00 1.182509999999999950e+00 1.152099999999999902e+00 1.123620000000000063e+00 1.097650000000000015e+00 1.074400000000000022e+00 1.054070000000000062e+00 1.037460000000000049e+00 1.024669999999999970e+00
2.006829999999999892e+00 1.929540000000000033e+00 1.853339999999999987e+00 1.778100000000000014e+00 1.703699999999999992e+00 1.629979999999999984e+00 1.556780000000000053e+00 1.483980000000000077e+00 1.411610000000000031e+00 1.340030000000000054e+00 1.269949999999999912e+00 1.202890000000000015e+00 1.142060000000000075e+00 1.091650000000000009e+00 1.053770000000000095e+00 1.026629999999999932e+00
1.604279999999999928e+00 1.556529999999999969e+00 1.509400000000000075e+00 1.462800000000000100e+00 1.416639999999999899e+00 1.370849999999999902e+00 1.325390000000000068e+00 1.280370000000000008e+00 1.236089999999999911e+00 1.193259999999999987e+00 1.153049999999999908e+00 1.116829999999999989e+00 1.085579999999999989e+00 1.059420000000000028e+00 1.038370000000000015e+00 1.021560000000000024e+00
1.790540000000000020e+00 1.728790000000000049e+00 1.667980000000000018e+00 1.607990000000000030e+00 1.548669999999999991e+00 1.489900000000000002e+00 1.431570000000000009e+00 1.373669999999999947e+00 1.316380000000000106e+00 1.260240000000000027e+00 1.206260000000000110e+00 1.156239999999999934e+00 1.112219999999999986e+00 1.075579999999999981e+00 1.046839999999999993e+00 1.024759999999999893e+00
1.608519999999999950e+00 1.561099999999999932e+00 1.514440000000000008e+00 1.468469999999999942e+00 1.423170000000000046e+00 1.378370000000000095e+00 1.333990000000000009e+00 1.290030000000000010e+00 1.246729999999999894e+00 1.204539999999999944e+00 1.164199999999999902e+00 1.126819999999999933e+00 1.093569999999999931e+00 1.064829999999999943e+00 1.041490000000000027e+00 1.024769999999999959e+00
2.003280000000000172e+00 1.926120000000000054e+00 1.850049999999999972e+00 1.774999999999999911e+00 1.700900000000000079e+00 1.627580000000000027e+00 1.554840000000000000e+00 1.482509999999999994e+00 1.410639999999999894e+00 1.339509999999999978e+00 1.269779999999999909e+00 1.203000000000000069e+00 1.142050000000000010e+00 1.090999999999999970e+00 1.052229999999999999e+00 1.024589999999999890e+00
1.207170000000000076e+00 1.190930000000000044e+00 1.175159999999999982e+00 1.159880000000000022e+00 1.145080000000000098e+00 1.130759999999999987e+00 1.116970000000000018e+00 1.103730000000000100e+00 1.091129999999999933e+00 1.079199999999999937e+00 1.067930000000000046e+00 1.057350000000000012e+00 1.047500000000000098e+00 1.038489999999999913e+00 1.030669999999999975e+00 1.024240000000000039e+00
2.568379999999999885e+00 2.449489999999999945e+00 2.332170000000000076e+00 2.216390000000000082e+00 2.102079999999999949e+00 1.989009999999999945e+00 1.876880000000000104e+00 1.765370000000000106e+00 1.654360000000000053e+00 1.544000000000000039e+00 1.434669999999999890e+00 1.327469999999999928e+00 1.225589999999999957e+00 1.137359999999999927e+00 1.071769999999999889e+00 1.027130000000000098e+00
1.848540000000000072e+00 1.783079999999999998e+00 1.718669999999999920e+00 1.655270000000000019e+00 1.592750000000000110e+00 1.530909999999999993e+00 1.469559999999999977e+00 1.408639999999999892e+00 1.348319999999999963e+00 1.289009999999999989e+00 1.231379999999999919e+00 1.176649999999999974e+00 1.126540000000000097e+00 1.083059999999999912e+00 1.048429999999999973e+00 1.023609999999999909e+00
1.142740000000000089e+00 1.132279999999999953e+00 1.122179999999999955e+00 1.112400000000000055e+00 1.102919999999999900e+00 1.093739999999999934e+00 1.084840000000000027e+00 1.076259999999999994e+00 1.068009999999999904e+00 1.060089999999999977e+00 1.052519999999999900e+00 1.045309999999999961e+00 1.038450000000000095e+00 1.031989999999999963e+00 1.026310000000000056e+00 1.021640000000000104e+00
2.677979999999999805e+00 2.551239999999999952e+00 2.426299999999999901e+00 2.303059999999999885e+00 2.181329999999999991e+00 2.060830000000000162e+00 1.941210000000000102e+00 1.822089999999999987e+00 1.703300000000000036e+00 1.584899999999999975e+00 1.467300000000000049e+00 1.351599999999999913e+00 1.241000000000000103e+00 1.144970000000000043e+00 1.073409999999999975e+00 1.025109999999999966e+00
3.523400000000000087e+00 3.331100000000000172e+00 3.141910000000000203e+00 2.955849999999999866e+00 2.772850000000000037e+00 2.592670000000000030e+00 2.414849999999999941e+00 2.238859999999999850e+00 2.064309999999999867e+00 1.891040000000000054e+00 1.718930000000000069e+00 1.548079999999999901e+00 1.379850000000000021e+00 1.224960000000000049e+00 1.105739999999999945e+00 1.026680000000000037e+00
4.532359999999999722e+00 4.265830000000000233e+00 4.002510000000000012e+00 3.742649999999999810e+00 3.486569999999999947e+00 3.234189999999999898e+00 2.985180000000000167e+00 2.739009999999999945e+00 2.495309999999999917e+00 2.254090000000000149e+00 2.015390000000000015e+00 1.779269999999999907e+00 1.546550000000000091e+00 1.323839999999999906e+00 1.141739999999999977e+00 1.028850000000000042e+00
2.024610000000000021e+00 1.944970000000000088e+00 1.866519999999999957e+00 1.789199999999999902e+00 1.712890000000000024e+00 1.637369999999999992e+00 1.562419999999999920e+00 1.487870000000000026e+00 1.413769999999999971e+00 1.340430000000000010e+00 1.268580000000000041e+00 1.200020000000000087e+00 1.138379999999999947e+00 1.087520000000000042e+00 1.048499999999999988e+00 1.019930000000000003e+00
2.337790000000000035e+00 2.236349999999999838e+00 2.136319999999999997e+00 2.037729999999999819e+00 1.940479999999999983e+00 1.844379999999999908e+00 1.749079999999999968e+00 1.654249999999999998e+00 1.559809999999999919e+00 1.465880000000000072e+00 1.372840000000000060e+00 1.281830000000000025e+00 1.196169999999999956e+00 1.122840000000000060e+00 1.067280000000000006e+00 1.029249999999999998e+00
1.187380000000000102e+00 1.173550000000000093e+00 1.160050000000000026e+00 1.146859999999999991e+00 1.134020000000000028e+00 1.121469999999999967e+00 1.109269999999999978e+00 1.097460000000000102e+00 1.086109999999999909e+00 1.075290000000000079e+00 1.065059999999999896e+00 1.055469999999999908e+00 1.046580000000000066e+00 1.038510000000000044e+00 1.031630000000000047e+00 1.026029999999999998e+00
1.229640000000000066e+00 1.211359999999999992e+00 1.193529999999999980e+00 1.176150000000000029e+00 1.159200000000000008e+00 1.142709999999999892e+00 1.126740000000000075e+00 1.111410000000000009e+00 1.096840000000000037e+00 1.083090000000000108e+00 1.070189999999999975e+00 1.058200000000000029e+00 1.047199999999999909e+00 1.037530000000000063e+00 1.029349999999999987e+00 1.022480000000000055e+00
1.068079999999999918e+00 1.064959999999999907e+00 1.061919999999999975e+00 1.058929999999999927e+00 1.055960000000000010e+00 1.052980000000000027e+00 1.049979999999999913e+00 1.046959999999999891e+00 1.043940000000000090e+00 1.040899999999999936e+00 1.037860000000000005e+00 1.034829999999999917e+00 1.031889999999999974e+00 1.029160000000000075e+00 1.026820000000000066e+00 1.024890000000000079e+00
1.455759999999999943e+00 1.419429999999999970e+00 1.383709999999999996e+00 1.348519999999999941e+00 1.313790000000000013e+00 1.279500000000000082e+00 1.245649999999999924e+00 1.212409999999999988e+00 1.180129999999999901e+00 1.149359999999999937e+00 1.120780000000000109e+00 1.094989999999999908e+00 1.072100000000000053e+00 1.052329999999999988e+00 1.035949999999999926e+00 1.022659999999999902e+00
1.397429999999999950e+00 1.365580000000000016e+00 1.334340000000000082e+00 1.303679999999999950e+00 1.273509999999999920e+00 1.243780000000000108e+00 1.214520000000000044e+00 1.185840000000000005e+00 1.157999999999999918e+00 1.131399999999999961e+00 1.106589999999999963e+00 1.083970000000000100e+00 1.063770000000000104e+00 1.046280000000000099e+00 1.032270000000000021e+00 1.021500000000000075e+00
1.251379999999999937e+00 1.231249999999999956e+00 1.211580000000000101e+00 1.192320000000000046e+00 1.173450000000000104e+00 1.155030000000000001e+00 1.137100000000000000e+00 1.119799999999999907e+00 1.103280000000000038e+00 1.087690000000000046e+00 1.073110000000000008e+00 1.059560000000000057e+00 1.046999999999999931e+00 1.035779999999999923e+00 1.026569999999999983e+00 1.019239999999999924e+00
1.806440000000000046e+00 1.744639999999999969e+00 1.683740000000000014e+00 1.623609999999999998e+00 1.564079999999999915e+00 1.504930000000000101e+00 1.445999999999999952e+00 1.387210000000000054e+00 1.328619999999999912e+00 1.270569999999999977e+00 1.213780000000000081e+00 1.159929999999999906e+00 1.112060000000000048e+00 1.072850000000000081e+00 1.043290000000000051e+00 1.021970000000000045e+00
1.829639999999999933e+00 1.765649999999999942e+00 1.702620000000000022e+00 1.640519999999999978e+00 1.579180000000000028e+00 1.518429999999999946e+00 1.458059999999999912e+00 1.397980000000000000e+00 1.338289999999999980e+00 1.279339999999999922e+00 1.221899999999999986e+00 1.167450000000000099e+00 1.118309999999999915e+00 1.076570000000000027e+00 1.044170000000000043e+00 1.021830000000000016e+00
1.060189999999999966e+00 1.057469999999999910e+00 1.054810000000000025e+00 1.052170000000000050e+00 1.049569999999999892e+00 1.046969999999999956e+00 1.044380000000000086e+00 1.041800000000000059e+00 1.039260000000000073e+00 1.036739999999999995e+00 1.034270000000000023e+00 1.031859999999999999e+00 1.029539999999999900e+00 1.027320000000000011e+00 1.025260000000000060e+00 1.023369999999999891e+00
2.060319999999999929e+00 1.980439999999999978e+00 1.901829999999999909e+00 1.824449999999999905e+00 1.748080000000000078e+00 1.672379999999999978e+00 1.597010000000000041e+00 1.521810000000000107e+00 1.446800000000000086e+00 1.372260000000000035e+00 1.298710000000000031e+00 1.227170000000000094e+00 1.159990000000000077e+00 1.101739999999999942e+00 1.057260000000000089e+00 1.027199999999999891e+00
3.229719999999999924e+00 3.063769999999999882e+00 2.899869999999999948e+00 2.738129999999999953e+00 2.578450000000000131e+00 2.420619999999999994e+00 2.264170000000000016e+00 2.108610000000000095e+00 1.953540000000000054e+00 1.798820000000000086e+00 1.644370000000000109e+00 1.490339999999999998e+00 1.338149999999999951e+00 1.196329999999999893e+00 1.089329999999999909e+00 1.024469999999999992e+00
2.397569999999999979e+00 2.291139999999999954e+00 2.186240000000000183e+00 2.082829999999999959e+00 1.980769999999999920e+00 1.879750000000000032e+00 1.779449999999999976e+00 1.679640000000000022e+00 1.580240000000000089e+00 1.481400000000000050e+00 1.383569999999999967e+00 1.287639999999999896e+00 1.196479999999999988e+00 1.118260000000000032e+00 1.060750000000000082e+00 1.022100000000000009e+00
1.187359999999999971e+00 1.172239999999999949e+00 1.157599999999999962e+00 1.143429999999999946e+00 1.129709999999999992e+00 1.116470000000000073e+00 1.103730000000000100e+00 1.091520000000000046e+00 1.079879999999999951e+00 1.068850000000000078e+00 1.058459999999999956e+00 1.048729999999999940e+00 1.039670000000000094e+00 1.031360000000000054e+00 1.024159999999999959e+00 1.018369999999999997e+00
3.601290000000000102e+00 3.404020000000000046e+00 3.209519999999999929e+00 3.017949999999999910e+00 2.829349999999999810e+00 2.643520000000000092e+00 2.459960000000000147e+00 2.278280000000000083e+00 2.098170000000000091e+00 1.919610000000000039e+00 1.742550000000000043e+00 1.567269999999999941e+00 1.395119999999999916e+00 1.233160000000000034e+00 1.106500000000000039e+00 1.027179999999999982e+00
1.678889999999999993e+00 1.625320000000000098e+00 1.572500000000000009e+00 1.520270000000000010e+00 1.468499999999999917e+00 1.417119999999999935e+00 1.366139999999999910e+00 1.315709999999999935e+00 1.266159999999999952e+00 1.218180000000000041e+00 1.173030000000000017e+00 1.132230000000000070e+00 1.096770000000000023e+00 1.066980000000000040e+00 1.042740000000000000e+00 1.023120000000000029e+00
1.141899999999999915e+00 1.131340000000000012e+00 1.121210000000000040e+00 1.111469999999999958e+00 1.102070000000000105e+00 1.092940000000000023e+00 1.084100000000000064e+00 1.075530000000000097e+00 1.067250000000000032e+00 1.059250000000000025e+00 1.051509999999999945e+00 1.044059999999999988e+00 1.036929999999999907e+00 1.030180000000000096e+00 1.024319999999999897e+00 1.019859999999999989e+00
1.439270000000000049e+00 1.404590000000000005e+00 1.370419999999999972e+00 1.336680000000000090e+00 1.303320000000000034e+00 1.270359999999999934e+00 1.237889999999999935e+00 1.206129999999999924e+00 1.175480000000000080e+00 1.146409999999999929e+00 1.119420000000000082e+00 1.094880000000000075e+00 1.072920000000000096e+00 1.053690000000000015e+00 1.037639999999999896e+00 1.024450000000000083e+00
2.734090000000000131e+00 2.601259999999999906e+00 2.470460000000000100e+00 2.341750000000000220e+00 2.215019999999999989e+00 2.090009999999999923e+00 1.966329999999999911e+00 1.843669999999999920e+00 1.721859999999999946e+00 1.600970000000000004e+00 1.481289999999999996e+00 1.363539999999999974e+00 1.250369999999999981e+00 1.151110000000000078e+00 1.076869999999999994e+00 1.027069999999999927e+00
1.086389999999999967e+00 1.081530000000000102e+00 1.076810000000000045e+00 1.072189999999999976e+00 1.067639999999999922e+00 1.063139999999999974e+00 1.058680000000000065e+00 1.054289999999999949e+00 1.049960000000000004e+00 1.045719999999999983e+00 1.041590000000000016e+00 1.037590000000000012e+00 1.033730000000000038e+00 1.030089999999999950e+00 1.026790000000000092e+00 1.023840000000000083e+00
1.463189999999999991e+00 1.426430000000000087e+00 1.390349999999999975e+00 1.354850000000000110e+00 1.319879999999999942e+00 1.285360000000000058e+00 1.251330000000000053e+00 1.217950000000000088e+00 1.185519999999999907e+00 1.154470000000000107e+00 1.125310000000000032e+00 1.098510000000000097e+00 1.074510000000000076e+00 1.053900000000000059e+00 1.037169999999999925e+00 1.023879999999999901e+00
1.688620000000000010e+00 1.635010000000000074e+00 1.582240000000000091e+00 1.530149999999999899e+00 1.478580000000000005e+00 1.427370000000000028e+00 1.376460000000000017e+00 1.325890000000000013e+00 1.275849999999999929e+00 1.226820000000000022e+00 1.179799999999999960e+00 1.136530000000000040e+00 1.098829999999999973e+00 1.067660000000000053e+00 1.043320000000000025e+00 1.024739999999999984e+00
1.567129999999999912e+00 1.522370000000000001e+00 1.478220000000000089e+00 1.434549999999999992e+00 1.391240000000000032e+00 1.348240000000000105e+00 1.305560000000000054e+00 1.263370000000000104e+00 1.222010000000000041e+00 1.182080000000000020e+00 1.144689999999999985e+00 1.111050000000000093e+00 1.081990000000000007e+00 1.057779999999999943e+00 1.038359999999999950e+00 1.022839999999999971e+00
1.942879999999999940e+00 1.870370000000000088e+00 1.798869999999999969e+00 1.728220000000000089e+00 1.658239999999999936e+00 1.588710000000000067e+00 1.519479999999999942e+00 1.450460000000000083e+00 1.381739999999999968e+00 1.313690000000000024e+00 1.247130000000000072e+00 1.184029999999999916e+00 1.127920000000000034e+00 1.082119999999999971e+00 1.047609999999999930e+00 1.022159999999999958e+00
1.592009999999999925e+00 1.545400000000000107e+00 1.499610000000000110e+00 1.454569999999999919e+00 1.410160000000000080e+00 1.366249999999999964e+00 1.322729999999999961e+00 1.279600000000000071e+00 1.237069999999999892e+00 1.195699999999999985e+00 1.156239999999999934e+00 1.120049999999999990e+00 1.088079999999999936e+00 1.060589999999999922e+00 1.038310000000000066e+00 1.022310000000000052e+00
1.802400000000000002e+00 1.740280000000000049e+00 1.679130000000000011e+00 1.618840000000000057e+00 1.559250000000000025e+00 1.500199999999999978e+00 1.441519999999999913e+00 1.383199999999999985e+00 1.325290000000000079e+00 1.268119999999999914e+00 1.212469999999999937e+00 1.160080000000000000e+00 1.113799999999999901e+00 1.075639999999999930e+00 1.046180000000000110e+00 1.024510000000000032e+00
1.221980000000000066e+00 1.204020000000000090e+00 1.186479999999999979e+00 1.169370000000000021e+00 1.152709999999999901e+00 1.136549999999999949e+00 1.120980000000000087e+00 1.106139999999999901e+00 1.092130000000000045e+00 1.078980000000000050e+00 1.066719999999999891e+00 1.055369999999999919e+00 1.045009999999999994e+00 1.035749999999999948e+00 1.027730000000000032e+00 1.020890000000000075e+00
2.395809999999999995e+00 2.288450000000000095e+00 2.182799999999999851e+00 2.078749999999999876e+00 1.976120000000000099e+00 1.874649999999999928e+00 1.774040000000000061e+00 1.674139999999999961e+00 1.574880000000000058e+00 1.476410000000000000e+00 1.379289999999999905e+00 1.284999999999999920e+00 1.197829999999999950e+00 1.124540000000000095e+00 1.068820000000000103e+00 1.028759999999999897e+00
1.459840000000000027e+00 1.422819999999999974e+00 1.386490000000000000e+00 1.350800000000000001e+00 1.315660000000000052e+00 1.281009999999999982e+00 1.246850000000000014e+00 1.213300000000000045e+00 1.180670000000000108e+00 1.149440000000000017e+00 1.120190000000000019e+00 1.093499999999999917e+00 1.069700000000000095e+00 1.048750000000000071e+00 1.031439999999999912e+00 1.018540000000000001e+00
1.160050000000000026e+00 1.147899999999999920e+00 1.136130000000000084e+00 1.124700000000000033e+00 1.113629999999999898e+00 1.102940000000000031e+00 1.092680000000000096e+00 1.082869999999999999e+00 1.073490000000000055e+00 1.064580000000000082e+00 1.056159999999999988e+00 1.048259999999999970e+00 1.040880000000000027e+00 1.034159999999999968e+00 1.028270000000000017e+00 1.023169999999999913e+00
2.651130000000000209e+00 2.525030000000000108e+00 2.400920000000000165e+00 2.278659999999999908e+00 2.158020000000000049e+00 2.038699999999999957e+00 1.920339999999999936e+00 1.802619999999999889e+00 1.685370000000000035e+00 1.568629999999999969e+00 1.452760000000000051e+00 1.339120000000000088e+00 1.232210000000000027e+00 1.141440000000000010e+00 1.073299999999999921e+00 1.025369999999999893e+00
2.573030000000000150e+00 2.452350000000000030e+00 2.333579999999999988e+00 2.216569999999999929e+00 2.101080000000000059e+00 1.986850000000000005e+00 1.873499999999999943e+00 1.760760000000000103e+00 1.648509999999999920e+00 1.536859999999999893e+00 1.426160000000000094e+00 1.317499999999999893e+00 1.214730000000000087e+00 1.127389999999999892e+00 1.062570000000000014e+00 1.017740000000000089e+00
4.110500000000000043e+00 3.874789999999999957e+00 3.642149999999999999e+00 3.412780000000000147e+00 3.186789999999999790e+00 2.963999999999999968e+00 2.744069999999999787e+00 2.526650000000000063e+00 2.311500000000000110e+00 2.098500000000000032e+00 1.887569999999999970e+00 1.678800000000000070e+00 1.473190000000000000e+00 1.277109999999999967e+00 1.121299999999999963e+00 1.025130000000000097e+00
1.948760000000000048e+00 1.874700000000000033e+00 1.801949999999999941e+00 1.730380000000000029e+00 1.659820000000000073e+00 1.590060000000000029e+00 1.520860000000000101e+00 1.452150000000000052e+00 1.383950000000000014e+00 1.316589999999999927e+00 1.250899999999999901e+00 1.188669999999999893e+00 1.132959999999999967e+00 1.086260000000000003e+00 1.049539999999999917e+00 1.022019999999999929e+00
1.992830000000000101e+00 1.915669999999999984e+00 1.839739999999999931e+00 1.764979999999999993e+00 1.691259999999999986e+00 1.618379999999999930e+00 1.546089999999999964e+00 1.474199999999999955e+00 1.402689999999999992e+00 1.331790000000000029e+00 1.262229999999999963e+00 1.195719999999999894e+00 1.135890000000000066e+00 1.085820000000000007e+00 1.047449999999999992e+00 1.020229999999999970e+00
1.209459999999999980e+00 1.193540000000000045e+00 1.177939999999999987e+00 1.162639999999999896e+00 1.147650000000000059e+00 1.133040000000000047e+00 1.118900000000000006e+00 1.105280000000000040e+00 1.092260000000000009e+00 1.079919999999999991e+00 1.068359999999999976e+00 1.057670000000000110e+00 1.047900000000000054e+00 1.039150000000000018e+00 1.031660000000000021e+00 1.025369999999999893e+00
1.421180000000000110e+00 1.387890000000000068e+00 1.355220000000000091e+00 1.323069999999999968e+00 1.291339999999999932e+00 1.259970000000000034e+00 1.229009999999999936e+00 1.198660000000000059e+00 1.169259999999999966e+00 1.141280000000000072e+00 1.115339999999999998e+00 1.091869999999999896e+00 1.070990000000000109e+00 1.052850000000000064e+00 1.037840000000000096e+00 1.025689999999999991e+00
1.094659999999999966e+00 1.088789999999999925e+00 1.083129999999999926e+00 1.077620000000000022e+00 1.072219999999999951e+00 1.066920000000000091e+00 1.061709999999999932e+00 1.056580000000000075e+00 1.051530000000000076e+00 1.046589999999999909e+00 1.041749999999999954e+00 1.037069999999999936e+00 1.032680000000000042e+00 1.028799999999999937e+00 1.025519999999999987e+00 1.022780000000000022e+00
1.757060000000000066e+00 1.697259999999999991e+00 1.638430000000000053e+00 1.580419999999999936e+00 1.523069999999999924e+00 1.466259999999999897e+00 1.409920000000000062e+00 1.354160000000000030e+00 1.299230000000000107e+00 1.245770000000000044e+00 1.194949999999999957e+00 1.148460000000000036e+00 1.108070000000000110e+00 1.074440000000000062e+00 1.047369999999999912e+00 1.025830000000000020e+00
