-0.70093952039542306576 -0.66179683193616112291 0.26591115431116235657
5.0041501389816537291e-05 0.12311663400763042664 0.99239220670382100042
-0.35583929123498603264 -0.1332931108446070434 0.9249926191136608189
-0.10360022578462065035 -0.97784193283400711039 0.18191247238391650143
-0.98401917896571544642 -0.07417509659958328172 -0.16187745510750409239
-0.58250379030700571992 -0.80248011675132824294 -0.12928649000087538701
-0.42631524716725688329 -0.84311629872869808811 0.32773497959592540196
-0.80936302048361286055 -0.58259707020303841407 -0.074243887724708051978
-0.13152600943745049178 -0.8873416960136681908 0.44195658537581089531
-0.32593346273500667376 -0.94330592639857324677 -0.062779830287262361477
-0.53065096678867118563 0.67904336483706351224 0.50725699612425978469
-0.1699964225281851149 -0.98535102488431502987 0.013585804615440613338
-0.13370265725759455933 0.76389270700874589703 0.63134105808279927796
-0.87669120111731480005 -0.46140542700944336962 0.13607927766457675323
-0.66097033403588156819 -0.75040682866905938919 -0.0027944608317436816537
-0.034355630098306097486 -0.55847872583756741349 0.82880709665602858571
-0.71672094946336950549 0.082558753022037675851 0.69245587072373948612
-0.62217615361529832185 0.60549452331955910811 0.49625922268759176115
-0.69609867543993453332 0.36039598303112063693 0.62093588192807858128
-0.16368171007655690774 -0.98449650512419450976 0.063047039459919129722
-0.48400866947049187017 -0.49378529410444266246 0.72243455842283255119
-0.041468913415485642027 -0.53829162015992737533 0.84173776253993704
-0.43637611223540490046 -0.36600680087614434477 0.82195797361101363698
-0.10010522136050369058 -0.86672592352588417874 0.48863597712874934365
-0.024239103588534656464 0.58972780129948609851 0.80723824626419815598
-0.40588391697718517737 0.39294441177639605201 0.825138130977450035
-0.080500727041225572655 0.096821914448745174941 0.99204090128800337389
-0.2254062394065492192 -0.84885742431431021604 0.47815593735001588049
-0.9017549713638821629 -0.25768640986645280355 0.34703845001766348011
-0.62730397426560091656 -0.59793029872089209498 0.49896801675270419096
-0.09027823645916323303 0.82803525795648558194 0.55336014638096231444
-0.88629827995143817265 0.46035551686577202979 0.050479273433462042153
-0.75469985588389010278 -0.44149927435033842205 0.48529013824408184785
-0.77701469390616062505 -0.13981192667501138316 0.61375955439678209213
0.70162168889818876671 -0.70074530458858896864 0.12916278010595447223
0.14643320518425506638 0.032929414803716576532 0.98867232694161644169
0.51399318723655174068 -0.13132917410353645016 0.84768133841892157054
0.050797210146333822423 -0.98692359754948377759 0.15297534455373523743
0.88231695293227163646 -0.0032164871923227858139 -0.47064471608470576092
0.53717431357752631893 -0.79988015566137082857 -0.26764807754148867147
0.43277995042413397453 -0.85854654425011445174 0.27495335216554556146
0.78417508154998394332 -0.56357604019800155992 -0.25971424371954771049
0.083675205559203935657 -0.8948754974226355019 0.43840198914605260638
0.25339434760512807854 -0.96479926865592557927 -0.070382354342284486615
0.61163302876350367221 0.67266487138384345457 0.4164456854521853546
0.12310327962196773721 -0.98914817702165869218 -0.080196424116321482489
0.16612439918400517813 0.78913640674311869017 0.59132598078243792106
0.88299029989912214411 -0.46756525657746655922 -0.041362557049901008122
0.54640262063595890218 -0.82547887640406814036 -0.14152314571416760303
0.099023017225134887798 -0.55675723176065872178 0.82475197904693686723
0.81416694675860379338 0.022931475758740153814 0.58017784361805735394
0.73138458854601406944 0.59237023741971939206 0.33789656029128639636
0.79362959848582981248 0.33823953653480370862 0.50571343301512339252
0.081582391091165440411 -0.9965250534152662043 0.01679676693738055282
0.51353307510241374967 -0.53049482352393029227 0.67443237095365793365
0.096147331702863519931 -0.57057067147374718186 0.81560088245441264565
0.4960584765325159462 -0.39849369761155145619 0.77144588975774086581
0.10102085593044866918 -0.87055793249793367306 0.48158454380513776583
0.1650599859074468323 0.47689808140035810924 0.86332115751259741465
0.53894019685489757965 0.41879529295024742197 0.7308583767165296452
0.21215889225651962668 0.08356822922815212995 0.97365546036581007705
0.23140539643507496148 -0.84565673170367716693 0.4809534640950001716
0.94619214333125523098 -0.26128057971869739218 0.1909263904232908482
0.66907240704920589724 -0.61464389726573731565 0.41779779041944137274
0.1282313743492484448 0.84877878344816659606 0.51296324566264306366
0.86566144562985303246 0.46758371236449042252 -0.17887351252064823126
0.77941681991062272683 -0.49538487400194380905 0.38354041175668840413
0.87306028790835643605 -0.17245871655441394332 0.45609617928873552595
