-4.886630000000000251e+01 -4.877629999999999910e+01 1.781159999999999854e+01
3.282300000000000217e+00 7.779399999999999871e+00 5.301890000000000214e+01
-2.977469999999999928e+01 -1.239530000000000065e+01 7.242820000000000391e+01
-8.491699999999999804e+00 -8.587470000000000425e+01 1.644829999999999970e+01
-2.632639999999999958e+01 -5.744500000000000162e-01 -5.807400000000000340e+00
-3.083149999999999835e+01 -4.276530000000000342e+01 -7.060299999999999798e+00
-3.740709999999999980e+01 -7.458339999999999748e+01 2.631469999999999843e+01
-4.405100000000000193e+01 -3.550809999999999889e+01 -6.148200000000000109e+00
-5.679899999999999949e+00 -4.704919999999999902e+01 2.324380000000000024e+01
-2.972109999999999985e+01 -8.334839999999999804e+01 -4.892699999999999605e+00
-2.214949999999999974e+01 2.786880000000000024e+01 2.101139999999999830e+01
-9.246299999999999741e+00 -6.353719999999999857e+01 8.735399999999999832e-01
-3.998200000000000198e+00 2.715149999999999864e+01 2.281739999999999924e+01
-5.566779999999999973e+01 -2.949050000000000082e+01 1.044389999999999930e+01
-2.530110000000000170e+01 -2.796549999999999869e+01 -7.454399999999999915e-01
-1.814600000000000102e-01 -4.883899999999999864e+01 6.946609999999999729e+01
-4.794449999999999790e+01 5.995199999999999640e+00 4.609259999999999735e+01
-3.601409999999999911e+01 3.858270000000000266e+01 2.935379999999999967e+01
-4.328150000000000119e+01 2.260399999999999920e+01 3.819890000000000185e+01
-1.224469999999999992e+01 -7.927630000000000621e+01 5.921400000000000219e+00
-3.907189999999999941e+01 -3.801530000000000342e+01 5.787760000000000105e+01
8.442800000000000304e-01 -3.387290000000000134e+01 5.194729999999999848e+01
-3.321920000000000073e+01 -2.654660000000000153e+01 6.212380000000000280e+01
-8.967700000000000671e+00 -6.988429999999999609e+01 3.540270000000000294e+01
4.468400000000000150e-01 2.908899999999999864e+01 3.945589999999999975e+01
-2.581330000000000169e+01 2.672850000000000037e+01 5.722209999999999752e+01
-1.392700000000000049e+00 6.548700000000000188e+00 7.099160000000000537e+01
-2.067879999999999896e+01 -7.724550000000000693e+01 4.282580000000000098e+01
-5.179549999999999699e+01 -1.588589999999999947e+01 1.714989999999999881e+01
-4.803280000000000172e+01 -4.908290000000000219e+01 3.898279999999999745e+01
-6.653699999999999726e+00 5.654390000000000072e+01 3.580599999999999739e+01
-2.867180000000000106e+01 1.492290000000000028e+01 3.566199999999999815e+00
-4.143789999999999907e+01 -2.445769999999999911e+01 2.940579999999999927e+01
-3.508650000000000091e+01 -3.836500000000000021e+00 3.082359999999999900e+01
4.577649999999999864e+01 -4.534100000000000108e+01 8.627100000000000435e+00
6.283199999999999896e+00 9.413899999999999491e-01 5.120360000000000156e+01
3.882070000000000221e+01 -6.458400000000000141e+00 6.287980000000000302e+01
3.822400000000000020e+00 -7.887319999999999709e+01 1.307380000000000031e+01
2.282349999999999923e+01 8.316999999999999948e-01 -1.108949999999999925e+01
2.723679999999999879e+01 -4.088400000000000034e+01 -1.563449999999999918e+01
3.909270000000000067e+01 -7.492700000000000671e+01 2.575639999999999930e+01
4.191689999999999827e+01 -3.609190000000000254e+01 -1.491370000000000040e+01
3.889600000000000168e+00 -4.709810000000000230e+01 2.329090000000000060e+01
2.297690000000000055e+01 -8.638989999999999725e+01 -7.793099999999999916e+00
2.309900000000000020e+01 2.327430000000000021e+01 1.570539999999999914e+01
6.881099999999999994e+00 -6.420980000000000132e+01 -6.854700000000000237e+00
5.436200000000000365e+00 3.333610000000000184e+01 2.336769999999999925e+01
5.089920000000000044e+01 -2.825400000000000134e+01 -1.669000000000000039e+00
1.941519999999999868e+01 -2.867650000000000077e+01 -5.133000000000000007e+00
7.865000000000000213e+00 -4.352250000000000085e+01 6.770520000000000493e+01
4.701230000000000331e+01 -1.000899999999999901e+00 3.479990000000000094e+01
3.931389999999999674e+01 3.040129999999999910e+01 1.738870000000000005e+01
4.634909999999999997e+01 2.027939999999999898e+01 3.155049999999999955e+01
8.295400000000000773e+00 -7.508339999999999748e+01 1.333700000000000108e+00
4.124399999999999977e+01 -4.284570000000000078e+01 5.194830000000000325e+01
3.545599999999999863e+00 -3.602909999999999968e+01 5.002750000000000341e+01
3.729010000000000247e+01 -3.334510000000000218e+01 5.732549999999999812e+01
6.819799999999999862e+00 -6.349300000000000210e+01 3.848239999999999839e+01
3.307100000000000151e+00 2.059380000000000166e+01 3.125110000000000099e+01
3.413060000000000116e+01 2.705949999999999989e+01 4.772370000000000090e+01
1.455279999999999951e+01 5.711299999999999599e+00 6.781740000000000634e+01
2.142490000000000094e+01 -7.620780000000000598e+01 4.287019999999999698e+01
5.141870000000000118e+01 -1.487599999999999945e+01 7.297699999999999854e+00
4.944259999999999877e+01 -4.768939999999999912e+01 3.071420000000000172e+01
8.080199999999999605e+00 5.612160000000000082e+01 3.228609999999999758e+01
2.807000000000000028e+01 1.586560000000000059e+01 -6.873099999999999987e+00
3.841219999999999857e+01 -2.409959999999999880e+01 2.049830000000000041e+01
3.612740000000000151e+01 -1.002079999999999949e+01 1.635140000000000171e+01
