2.640969999999999818e+00 1.769449999999999967e+00 2.887539999999999996e+00 2.954590000000000050e+00 2.940640000000000143e+00 2.486419999999999852e+00 2.627769999999999939e+00 2.564459999999999962e+00 2.466000000000000192e+00 2.328570000000000029e+00 2.141140000000000043e+00
1.632079999999999975e+00 1.326210000000000111e+00 1.675540000000000029e+00 1.719680000000000097e+00 1.662670000000000092e+00 1.534129999999999994e+00 1.705470000000000041e+00 1.655259999999999954e+00 1.616579999999999906e+00 1.588279999999999914e+00 1.539150000000000018e+00
3.595819999999999794e+00 2.276450000000000085e+00 3.042860000000000120e+00 3.940280000000000005e+00 3.895820000000000061e+00 3.031550000000000189e+00 3.569040000000000212e+00 3.562959999999999905e+00 3.297439999999999927e+00 2.962699999999999889e+00 2.670790000000000219e+00
2.421899999999999942e+00 2.264559999999999906e+00 2.742739999999999956e+00 3.122209999999999930e+00 3.096280000000000143e+00 2.571699999999999875e+00 2.891059999999999963e+00 2.849629999999999885e+00 2.644620000000000193e+00 2.504030000000000200e+00 2.268769999999999953e+00
1.644439999999999902e+00 1.337220000000000075e+00 1.697070000000000078e+00 1.731389999999999985e+00 1.710990000000000011e+00 1.578899999999999970e+00 1.687640000000000029e+00 1.655990000000000073e+00 1.631499999999999950e+00 1.607250000000000068e+00 1.556119999999999948e+00
3.057479999999999976e+00 2.296279999999999877e+00 3.401120000000000143e+00 3.690760000000000041e+00 3.724559999999999871e+00 3.135940000000000172e+00 3.753899999999999793e+00 3.523099999999999898e+00 3.362420000000000186e+00 3.079740000000000144e+00 2.642409999999999926e+00
3.895719999999999850e+00 2.890029999999999877e+00 4.249489999999999768e+00 3.174230000000000107e+00 4.854700000000000237e+00 3.821600000000000108e+00 4.381389999999999674e+00 2.360720000000000152e+00 4.095329999999999693e+00 4.201100000000000279e+00 3.171289999999999942e+00
3.009079999999999977e+00 2.809759999999999813e+00 3.755500000000000060e+00 3.942709999999999937e+00 4.051859999999999573e+00 3.154079999999999995e+00 3.475169999999999870e+00 3.522769999999999957e+00 3.320870000000000211e+00 3.007929999999999993e+00 2.659689999999999888e+00
1.908600000000000074e+00 1.284389999999999921e+00 2.015320000000000000e+00 2.106160000000000032e+00 2.064090000000000202e+00 1.816570000000000018e+00 2.014409999999999812e+00 1.957910000000000039e+00 1.855520000000000058e+00 1.785579999999999945e+00 1.717729999999999979e+00
5.411179999999999879e+00 3.565580000000000194e+00 4.284150000000000347e+00 3.614440000000000097e+00 3.375640000000000196e+00 3.482959999999999834e+00 5.025290000000000035e+00 5.210910000000000153e+00 4.658579999999999721e+00 4.673650000000000304e+00 2.158669999999999867e+00
2.912220000000000031e+00 2.143839999999999968e+00 2.530240000000000045e+00 3.218160000000000132e+00 3.307519999999999794e+00 2.673189999999999955e+00 1.737389999999999990e+00 2.858569999999999833e+00 2.680979999999999919e+00 2.509180000000000188e+00 2.334189999999999987e+00
2.616140000000000132e+00 1.718849999999999989e+00 2.706869999999999887e+00 2.751829999999999998e+00 2.725179999999999936e+00 2.369310000000000027e+00 2.665059999999999985e+00 2.571889999999999787e+00 2.459830000000000183e+00 2.296889999999999876e+00 2.091660000000000075e+00
2.587899999999999867e+00 1.730299999999999949e+00 2.727570000000000050e+00 2.892720000000000180e+00 2.853340000000000209e+00 2.446709999999999940e+00 2.670399999999999885e+00 2.656820000000000181e+00 2.455340000000000078e+00 2.324429999999999996e+00 2.161150000000000126e+00
4.128569999999999851e+00 2.595369999999999955e+00 3.702570000000000139e+00 4.328700000000000436e+00 4.629030000000000200e+00 2.687969999999999970e+00 2.315389999999999837e+00 3.912290000000000045e+00 3.680820000000000203e+00 3.283479999999999954e+00 1.829050000000000065e+00
1.744890000000000052e+00 1.317260000000000097e+00 1.870349999999999957e+00 1.897310000000000052e+00 1.874570000000000070e+00 1.695109999999999895e+00 1.841159999999999908e+00 1.792869999999999964e+00 1.753169999999999895e+00 1.684569999999999901e+00 1.631420000000000092e+00
2.642689999999999984e+00 1.786559999999999926e+00 2.665449999999999875e+00 2.815389999999999837e+00 2.804149999999999920e+00 2.282140000000000057e+00 2.491270000000000095e+00 2.569230000000000125e+00 2.330560000000000187e+00 2.209709999999999841e+00 2.102780000000000094e+00
2.352129999999999832e+00 1.921689999999999898e+00 3.072220000000000173e+00 3.280299999999999994e+00 3.261499999999999844e+00 2.639930000000000110e+00 3.082450000000000134e+00 2.944669999999999899e+00 2.683739999999999792e+00 2.504830000000000112e+00 2.318379999999999885e+00
2.650199999999999889e+00 2.134869999999999823e+00 2.766309999999999825e+00 2.947389999999999954e+00 2.933260000000000201e+00 2.479150000000000187e+00 2.604960000000000164e+00 2.665939999999999976e+00 2.450489999999999835e+00 2.316380000000000106e+00 2.148950000000000138e+00
2.793239999999999945e+00 1.973109999999999919e+00 2.864520000000000177e+00 2.963330000000000020e+00 2.983789999999999942e+00 2.481529999999999792e+00 2.779090000000000060e+00 2.691710000000000047e+00 2.511940000000000062e+00 2.345819999999999794e+00 2.168200000000000127e+00
2.707749999999999879e+00 1.978939999999999921e+00 2.816829999999999945e+00 2.886969999999999814e+00 2.896339999999999915e+00 2.431770000000000209e+00 2.771939999999999849e+00 2.681280000000000108e+00 2.563149999999999817e+00 2.385790000000000077e+00 2.160280000000000200e+00
3.196569999999999911e+00 2.162859999999999783e+00 3.617879999999999985e+00 3.974559999999999871e+00 3.937089999999999979e+00 2.919770000000000199e+00 3.418179999999999996e+00 3.416259999999999852e+00 3.104810000000000070e+00 2.812899999999999956e+00 4.125399999999999956e+00
1.785150000000000015e+00 1.421480000000000077e+00 1.852090000000000014e+00 1.904139999999999944e+00 1.834440000000000071e+00 1.657119999999999926e+00 1.853050000000000086e+00 1.784729999999999928e+00 1.732220000000000093e+00 1.677720000000000100e+00 1.609029999999999960e+00
3.697810000000000041e+00 2.808359999999999967e+00 4.197580000000000311e+00 4.827980000000000160e+00 6.000060000000000393e+00 2.799749999999999961e+00 4.523010000000000197e+00 5.916999999999999815e+00 3.984020000000000117e+00 3.733620000000000161e+00 3.206920000000000215e+00
2.365819999999999812e+00 1.891240000000000032e+00 2.823500000000000121e+00 3.272149999999999892e+00 3.287819999999999965e+00 2.578689999999999927e+00 2.967210000000000125e+00 2.932290000000000063e+00 2.761319999999999997e+00 2.682659999999999823e+00 2.327319999999999833e+00
1.895599999999999952e+00 1.475570000000000048e+00 1.932919999999999972e+00 1.998119999999999896e+00 1.902879999999999905e+00 1.727870000000000017e+00 1.938269999999999937e+00 1.854610000000000092e+00 1.790839999999999987e+00 1.729880000000000084e+00 1.647939999999999960e+00
3.505770000000000053e+00 2.680499999999999883e+00 3.978270000000000195e+00 2.928300000000000125e+00 4.459850000000000314e+00 2.652680000000000149e+00 3.001399999999999846e+00 4.273380000000000400e+00 3.823469999999999924e+00 3.464249999999999829e+00 3.020270000000000010e+00
4.751829999999999998e+00 3.787380000000000191e+00 4.836969999999999992e+00 6.209889999999999688e+00 3.557139999999999969e+00 3.496700000000000141e+00 6.436230000000000118e+00 6.742840000000000167e+00 4.860159999999999592e+00 4.650299999999999656e+00 2.263490000000000002e+00
4.617340000000000444e+00 3.250140000000000029e+00 3.898590000000000000e+00 5.136199999999999655e+00 5.539329999999999643e+00 3.158160000000000078e+00 4.944440000000000168e+00 6.087579999999999991e+00 4.474619999999999820e+00 5.996150000000000091e+00 3.437889999999999890e+00
3.842099999999999849e+00 2.085960000000000036e+00 3.383030000000000204e+00 3.626329999999999831e+00 3.686440000000000161e+00 2.898709999999999898e+00 3.186679999999999957e+00 3.124019999999999797e+00 3.005110000000000170e+00 2.729629999999999779e+00 2.504379999999999828e+00
3.023810000000000109e+00 2.771409999999999929e+00 3.544389999999999930e+00 3.995620000000000172e+00 4.181540000000000035e+00 3.203209999999999891e+00 3.567959999999999798e+00 3.488290000000000113e+00 3.313860000000000028e+00 3.169740000000000002e+00 2.751949999999999896e+00
1.889569999999999972e+00 1.472210000000000019e+00 1.904779999999999918e+00 1.966269999999999962e+00 1.897950000000000026e+00 1.711510000000000087e+00 1.915259999999999962e+00 1.838659999999999961e+00 1.780569999999999986e+00 1.720069999999999988e+00 1.640589999999999993e+00
2.245039999999999925e+00 1.825879999999999947e+00 2.451420000000000154e+00 2.568350000000000133e+00 2.522489999999999899e+00 2.231180000000000163e+00 2.366299999999999848e+00 2.312209999999999877e+00 2.203959999999999919e+00 2.084140000000000104e+00 1.935380000000000100e+00
1.610849999999999893e+00 1.310629999999999962e+00 1.643790000000000084e+00 1.678120000000000056e+00 1.661799999999999944e+00 1.533949999999999925e+00 1.627599999999999936e+00 1.597399999999999931e+00 1.579790000000000028e+00 1.562999999999999945e+00 1.528489999999999904e+00
3.212779999999999969e+00 1.999149999999999983e+00 2.622250000000000192e+00 3.341050000000000075e+00 3.443729999999999958e+00 2.802230000000000221e+00 3.042110000000000092e+00 2.993129999999999846e+00 2.778649999999999842e+00 2.595369999999999955e+00 2.415099999999999802e+00
3.083680000000000199e+00 2.465289999999999981e+00 3.193760000000000154e+00 3.148289999999999811e+00 3.359690000000000065e+00 2.566339999999999844e+00 3.116680000000000117e+00 3.253969999999999807e+00 2.935979999999999812e+00 2.654370000000000118e+00 2.469869999999999788e+00
1.808459999999999956e+00 1.423740000000000006e+00 1.806920000000000082e+00 1.887499999999999956e+00 1.846070000000000100e+00 1.683640000000000025e+00 1.866980000000000084e+00 1.823609999999999953e+00 1.726450000000000040e+00 1.703799999999999981e+00 1.639890000000000070e+00
2.795510000000000161e+00 2.036739999999999995e+00 3.186900000000000066e+00 3.415840000000000209e+00 3.427029999999999799e+00 2.823789999999999800e+00 3.192229999999999901e+00 3.219430000000000014e+00 2.788219999999999921e+00 2.621879999999999988e+00 2.474740000000000162e+00
2.779689999999999994e+00 2.091800000000000104e+00 2.406050000000000022e+00 3.736679999999999779e+00 3.703289999999999971e+00 2.653290000000000148e+00 3.139069999999999805e+00 3.127540000000000209e+00 3.031660000000000021e+00 2.723320000000000185e+00 2.456319999999999837e+00
1.680730000000000057e+00 1.364659999999999984e+00 1.673880000000000035e+00 1.727649999999999908e+00 1.764680000000000026e+00 1.625420000000000087e+00 1.698269999999999946e+00 1.681859999999999911e+00 1.651100000000000012e+00 1.624649999999999928e+00 1.577169999999999961e+00
3.497100000000000097e+00 2.120659999999999989e+00 2.498720000000000052e+00 3.913510000000000044e+00 4.879830000000000112e+00 2.637090000000000156e+00 3.125900000000000123e+00 3.286029999999999784e+00 3.098889999999999922e+00 2.803409999999999958e+00 2.478289999999999882e+00
4.986040000000000028e+00 3.964939999999999909e+00 5.137970000000000148e+00 6.466949999999999754e+00 7.213659999999999961e+00 3.507099999999999884e+00 3.043960000000000221e+00 5.634269999999999889e+00 5.059809999999999697e+00 4.788450000000000095e+00 3.843290000000000095e+00
3.986790000000000056e+00 2.476960000000000051e+00 3.874080000000000190e+00 4.208479999999999777e+00 4.038999999999999702e+00 2.374249999999999972e+00 3.680520000000000014e+00 3.949019999999999975e+00 1.921999999999999931e+00 3.227030000000000065e+00 2.899270000000000014e+00
1.866139999999999910e+00 1.248170000000000002e+00 1.909780000000000033e+00 2.091009999999999813e+00 2.090419999999999945e+00 1.786329999999999973e+00 1.850479999999999903e+00 1.860519999999999952e+00 1.829150000000000054e+00 1.763139999999999930e+00 1.690739999999999910e+00
5.587559999999999860e+00 4.157770000000000188e+00 4.622980000000000089e+00 7.227319999999999744e+00 4.163369999999999571e+00 5.058779999999999610e+00 3.266960000000000086e+00 5.708389999999999631e+00 5.431569999999999787e+00 4.961059999999999803e+00 2.374559999999999782e+00
2.814140000000000086e+00 1.734730000000000105e+00 2.729099999999999859e+00 2.858519999999999950e+00 2.896209999999999951e+00 2.448599999999999888e+00 2.636639999999999873e+00 2.671910000000000007e+00 2.451430000000000220e+00 2.315020000000000078e+00 2.187510000000000066e+00
2.946820000000000217e+00 1.861320000000000086e+00 2.760670000000000179e+00 3.254440000000000222e+00 3.118860000000000188e+00 2.703870000000000218e+00 2.741029999999999855e+00 2.824079999999999924e+00 2.655549999999999855e+00 2.497430000000000039e+00 2.198850000000000193e+00
2.282859999999999889e+00 1.496299999999999963e+00 2.199460000000000193e+00 2.322680000000000078e+00 2.291479999999999961e+00 2.069319999999999826e+00 2.219860000000000166e+00 2.206840000000000135e+00 2.034100000000000019e+00 1.970550000000000024e+00 1.861480000000000024e+00
4.203219999999999956e+00 3.218599999999999905e+00 4.526670000000000194e+00 3.273130000000000095e+00 3.054269999999999818e+00 2.850029999999999841e+00 4.614799999999999791e+00 6.245470000000000077e+00 4.325580000000000425e+00 4.006339999999999790e+00 3.332190000000000207e+00
1.791090000000000071e+00 1.422520000000000007e+00 1.733170000000000099e+00 1.872500000000000053e+00 1.864859999999999962e+00 1.689799999999999969e+00 1.739200000000000079e+00 1.746129999999999960e+00 1.697200000000000042e+00 1.666549999999999976e+00 1.604899999999999993e+00
2.880529999999999813e+00 1.883829999999999893e+00 2.786340000000000039e+00 3.302709999999999813e+00 4.774939999999999962e+00 2.533529999999999838e+00 2.846010000000000151e+00 2.958320000000000061e+00 2.611279999999999824e+00 2.435810000000000031e+00 2.308990000000000098e+00
2.697820000000000107e+00 2.041549999999999976e+00 2.739310000000000134e+00 2.898089999999999833e+00 2.890120000000000022e+00 2.433199999999999807e+00 2.683069999999999844e+00 2.752019999999999911e+00 2.426219999999999821e+00 2.305400000000000116e+00 2.205290000000000195e+00
3.014540000000000219e+00 2.005149999999999988e+00 2.771510000000000140e+00 3.015730000000000022e+00 3.018850000000000033e+00 1.834359999999999991e+00 1.794790000000000108e+00 2.760930000000000106e+00 2.550440000000000040e+00 2.416300000000000114e+00 2.265169999999999906e+00
3.259269999999999889e+00 1.991249999999999964e+00 3.119149999999999867e+00 3.348500000000000032e+00 3.285120000000000040e+00 2.648460000000000036e+00 2.977349999999999941e+00 3.043559999999999821e+00 2.819620000000000015e+00 2.601850000000000218e+00 2.405040000000000067e+00
3.682780000000000165e+00 2.207759999999999945e+00 3.194939999999999891e+00 4.083219999999999850e+00 5.017009999999999970e+00 3.168610000000000149e+00 3.251879999999999882e+00 3.323370000000000157e+00 3.203949999999999854e+00 2.880510000000000126e+00 2.547550000000000203e+00
3.678370000000000140e+00 2.377419999999999867e+00 3.844409999999999883e+00 4.355410000000000004e+00 4.345399999999999707e+00 2.345239999999999991e+00 2.159390000000000143e+00 5.272170000000000023e+00 3.278200000000000003e+00 2.970299999999999940e+00 2.819220000000000059e+00
1.794140000000000068e+00 1.411580000000000057e+00 1.753870000000000040e+00 1.851809999999999956e+00 1.848649999999999904e+00 1.654709999999999903e+00 1.796939999999999982e+00 1.774029999999999996e+00 1.691880000000000051e+00 1.672770000000000090e+00 1.620319999999999983e+00
3.964360000000000106e+00 3.680109999999999992e+00 4.266099999999999781e+00 5.056099999999999817e+00 6.204830000000000290e+00 3.737680000000000113e+00 4.453590000000000160e+00 4.694390000000000285e+00 2.072350000000000136e+00 2.083509999999999973e+00 3.288629999999999942e+00
2.760909999999999975e+00 2.120010000000000172e+00 2.531229999999999869e+00 3.846670000000000034e+00 5.195260000000000211e+00 2.888230000000000075e+00 3.276470000000000216e+00 3.212779999999999969e+00 3.120039999999999925e+00 2.817349999999999799e+00 2.536880000000000024e+00
1.909049999999999914e+00 1.324910000000000032e+00 1.942720000000000002e+00 2.008100000000000218e+00 1.975109999999999921e+00 1.819329999999999892e+00 1.962790000000000035e+00 1.939680000000000071e+00 1.812470000000000026e+00 1.789530000000000065e+00 1.706220000000000070e+00
3.413370000000000015e+00 2.204590000000000050e+00 3.459220000000000184e+00 3.712829999999999853e+00 2.174949999999999939e+00 2.952890000000000015e+00 3.431599999999999984e+00 3.406759999999999788e+00 3.132690000000000197e+00 2.888059999999999850e+00 2.650729999999999809e+00
5.163499999999999979e+00 3.594790000000000152e+00 3.923630000000000173e+00 3.882210000000000161e+00 3.313899999999999846e+00 3.356910000000000061e+00 5.029950000000000365e+00 6.390320000000000000e+00 2.363989999999999814e+00 4.379690000000000083e+00 3.527439999999999909e+00
4.768930000000000113e+00 3.774039999999999839e+00 4.183300000000000018e+00 6.975060000000000038e+00 7.352549999999999919e+00 3.446000000000000174e+00 2.949279999999999902e+00 2.795249999999999790e+00 4.971910000000000274e+00 4.651570000000000427e+00 2.212670000000000137e+00
4.606760000000000410e+00 2.886859999999999982e+00 3.533430000000000071e+00 2.940739999999999910e+00 4.766399999999999970e+00 2.623940000000000161e+00 4.158430000000000071e+00 5.820409999999999862e+00 3.923550000000000093e+00 3.556639999999999802e+00 3.160649999999999959e+00
3.213999999999999968e+00 2.299819999999999975e+00 3.455299999999999816e+00 4.028959999999999653e+00 2.337819999999999787e+00 2.137589999999999879e+00 3.426750000000000185e+00 3.559759999999999813e+00 3.334270000000000067e+00 2.963729999999999976e+00 2.715969999999999995e+00
1.724129999999999940e+00 1.369699999999999918e+00 1.736830000000000096e+00 1.767109999999999959e+00 1.728059999999999929e+00 1.611890000000000045e+00 1.739900000000000002e+00 1.706720000000000015e+00 1.652320000000000011e+00 1.627839999999999954e+00 1.582610000000000072e+00
2.333439999999999959e+00 1.579110000000000014e+00 2.471900000000000208e+00 2.391500000000000181e+00 2.516030000000000211e+00 2.146119999999999806e+00 2.342880000000000074e+00 2.402509999999999923e+00 2.194679999999999964e+00 2.110879999999999868e+00 1.961729999999999974e+00
1.744380000000000042e+00 1.379140000000000033e+00 1.689140000000000086e+00 1.663200000000000012e+00 1.782310000000000061e+00 1.564200000000000035e+00 1.724350000000000049e+00 1.712949999999999973e+00 1.637820000000000054e+00 1.621629999999999905e+00 1.588969999999999994e+00
3.019509999999999916e+00 2.592480000000000118e+00 2.702960000000000029e+00 2.215819999999999901e+00 3.675839999999999996e+00 2.850750000000000117e+00 3.397800000000000153e+00 3.310820000000000096e+00 3.103530000000000122e+00 2.837340000000000195e+00 2.607089999999999907e+00
