2.230480000000000018e+00 2.613910000000000178e+00 2.293649999999999967e+00 1.956290000000000084e+00 2.322709999999999830e+00 1.889769999999999950e+00 2.243409999999999904e+00 2.126339999999999897e+00 2.067699999999999871e+00 1.951270000000000060e+00 1.877180000000000071e+00
1.802210000000000090e+00 2.023140000000000160e+00 1.793500000000000094e+00 1.625369999999999981e+00 1.823930000000000051e+00 1.583560000000000079e+00 1.801050000000000040e+00 1.768080000000000096e+00 1.726569999999999938e+00 1.671489999999999920e+00 1.640630000000000033e+00
2.825019999999999865e+00 4.403389999999999915e+00 2.717029999999999834e+00 2.530170000000000030e+00 3.310249999999999915e+00 2.153059999999999974e+00 3.397810000000000219e+00 3.182420000000000027e+00 3.070209999999999884e+00 2.794459999999999944e+00 2.580810000000000048e+00
2.092299999999999827e+00 2.480119999999999880e+00 2.165690000000000115e+00 1.869289999999999896e+00 2.168629999999999836e+00 1.838510000000000089e+00 2.153550000000000075e+00 2.055499999999999883e+00 1.985209999999999919e+00 1.898330000000000073e+00 1.833409999999999984e+00
1.803099999999999925e+00 2.023709999999999898e+00 1.826570000000000027e+00 1.643820000000000059e+00 1.870440000000000103e+00 1.597509999999999986e+00 1.837020000000000097e+00 1.780759999999999899e+00 1.747400000000000064e+00 1.707670000000000021e+00 1.662519999999999998e+00
2.694719999999999782e+00 4.778990000000000293e+00 3.342779999999999863e+00 2.470709999999999962e+00 4.563259999999999650e+00 2.220349999999999824e+00 3.395020000000000149e+00 1.897790000000000088e+00 3.049640000000000128e+00 2.833839999999999915e+00 2.607419999999999849e+00
4.036069999999999602e+00 4.059680000000000177e+00 3.321270000000000167e+00 3.036369999999999791e+00 5.226169999999999760e+00 2.699969999999999981e+00 4.317969999999999864e+00 2.233589999999999964e+00 5.231480000000000352e+00 3.461149999999999949e+00 3.146780000000000133e+00
3.071940000000000115e+00 4.753020000000000245e+00 2.399399999999999977e+00 2.764600000000000168e+00 2.467600000000000016e+00 2.669729999999999936e+00 3.305579999999999963e+00 3.088070000000000093e+00 2.922680000000000167e+00 2.764029999999999987e+00 2.537510000000000154e+00
2.488739999999999952e+00 2.968300000000000161e+00 2.525570000000000093e+00 2.093119999999999870e+00 2.610380000000000145e+00 2.066959999999999908e+00 2.436809999999999921e+00 2.330869999999999997e+00 2.207800000000000207e+00 2.119400000000000173e+00 1.998469999999999969e+00
3.251829999999999998e+00 5.355000000000000426e+00 4.068670000000000009e+00 3.286420000000000119e+00 5.078170000000000073e+00 2.945349999999999913e+00 4.048199999999999577e+00 3.566300000000000026e+00 3.641350000000000087e+00 3.332910000000000039e+00 2.989170000000000105e+00
2.507569999999999855e+00 3.091860000000000053e+00 2.749919999999999920e+00 2.248600000000000154e+00 2.638419999999999987e+00 2.237530000000000019e+00 2.572229999999999794e+00 2.452510000000000190e+00 2.349149999999999849e+00 2.215310000000000112e+00 2.078930000000000167e+00
2.109529999999999905e+00 2.414289999999999825e+00 2.112719999999999931e+00 1.821509999999999962e+00 2.177220000000000155e+00 1.740779999999999994e+00 2.103610000000000202e+00 1.988450000000000051e+00 1.948120000000000074e+00 1.867830000000000101e+00 1.802219999999999933e+00
2.428589999999999804e+00 2.801180000000000003e+00 2.697379999999999889e+00 1.763530000000000042e+00 2.492589999999999861e+00 1.969519999999999937e+00 2.448389999999999844e+00 2.355789999999999829e+00 2.224889999999999812e+00 2.133480000000000043e+00 2.016929999999999890e+00
2.962540000000000173e+00 5.003960000000000186e+00 3.608499999999999819e+00 2.633999999999999897e+00 4.640430000000000277e+00 2.745969999999999800e+00 3.634840000000000071e+00 3.364279999999999937e+00 3.288120000000000154e+00 3.030530000000000168e+00 2.759910000000000085e+00
1.708380000000000010e+00 1.882300000000000084e+00 1.740529999999999911e+00 1.559220000000000050e+00 1.763970000000000038e+00 1.527179999999999982e+00 1.741659999999999986e+00 1.707750000000000101e+00 1.673380000000000090e+00 1.644509999999999916e+00 1.612500000000000044e+00
2.026260000000000172e+00 3.021520000000000206e+00 2.729369999999999852e+00 2.217379999999999907e+00 2.508729999999999905e+00 2.111769999999999925e+00 2.554460000000000175e+00 2.435290000000000177e+00 2.295799999999999841e+00 2.136940000000000062e+00 2.057269999999999932e+00
2.470239999999999991e+00 4.250810000000000421e+00 3.321979999999999933e+00 2.689909999999999801e+00 3.107660000000000089e+00 2.317600000000000104e+00 3.005220000000000002e+00 2.881120000000000125e+00 2.734469999999999956e+00 2.530320000000000125e+00 2.348469999999999835e+00
2.009119999999999795e+00 2.448329999999999895e+00 2.044309999999999850e+00 1.807169999999999943e+00 2.029240000000000155e+00 1.753220000000000001e+00 2.035010000000000208e+00 1.977060000000000040e+00 1.924150000000000027e+00 1.820429999999999993e+00 1.766790000000000083e+00
2.416619999999999990e+00 3.435090000000000199e+00 3.383100000000000218e+00 2.637379999999999836e+00 4.057159999999999656e+00 1.998380000000000045e+00 2.998699999999999921e+00 2.838470000000000049e+00 4.501009999999999955e+00 2.538870000000000182e+00 2.347949999999999982e+00
1.766159999999999952e+00 1.975009999999999932e+00 1.803020000000000067e+00 1.621229999999999949e+00 1.824510000000000076e+00 1.572030000000000038e+00 1.772259999999999946e+00 1.731419999999999959e+00 1.691670000000000007e+00 1.648709999999999898e+00 1.624679999999999902e+00
3.521430000000000060e+00 5.016580000000000261e+00 3.666080000000000005e+00 2.991299999999999848e+00 2.224139999999999784e+00 2.668039999999999967e+00 3.483109999999999928e+00 3.377810000000000201e+00 3.194659999999999833e+00 2.831589999999999829e+00 2.688340000000000174e+00
2.402550000000000185e+00 2.929040000000000088e+00 2.670859999999999790e+00 2.096379999999999910e+00 2.466509999999999980e+00 2.061819999999999986e+00 2.465939999999999799e+00 2.366999999999999993e+00 2.235840000000000050e+00 2.107870000000000132e+00 2.015880000000000116e+00
5.276930000000000121e+00 6.423219999999999708e+00 4.865639999999999965e+00 3.626889999999999947e+00 3.116210000000000147e+00 3.142790000000000195e+00 4.850139999999999674e+00 4.504170000000000229e+00 4.414729999999999599e+00 2.189329999999999998e+00 3.547769999999999868e+00
2.922610000000000152e+00 2.920399999999999885e+00 3.084439999999999849e+00 2.172759999999999803e+00 4.118909999999999627e+00 2.301210000000000200e+00 2.964949999999999974e+00 2.805919999999999970e+00 2.669059999999999988e+00 2.531309999999999949e+00 2.342740000000000045e+00
1.855529999999999902e+00 2.028480000000000061e+00 1.828850000000000087e+00 1.611029999999999962e+00 1.828330000000000011e+00 1.598200000000000065e+00 1.815369999999999928e+00 1.780240000000000045e+00 1.738779999999999992e+00 1.680760000000000032e+00 1.649070000000000036e+00
3.577119999999999855e+00 3.688590000000000035e+00 4.056409999999999627e+00 3.195720000000000116e+00 2.478400000000000158e+00 2.834039999999999893e+00 3.714929999999999843e+00 3.518260000000000165e+00 3.412230000000000096e+00 3.105529999999999902e+00 2.823850000000000193e+00
5.336420000000000385e+00 4.909709999999999575e+00 5.496900000000000119e+00 3.749589999999999979e+00 5.047049999999999592e+00 3.161290000000000155e+00 5.187070000000000292e+00 4.822280000000000122e+00 4.435360000000000191e+00 4.118420000000000414e+00 3.700070000000000192e+00
3.988490000000000091e+00 4.406550000000000189e+00 3.650860000000000216e+00 3.328780000000000072e+00 3.177430000000000199e+00 2.924630000000000063e+00 4.546829999999999927e+00 4.176190000000000069e+00 4.279580000000000162e+00 3.831539999999999946e+00 3.349019999999999886e+00
2.689529999999999976e+00 4.825330000000000119e+00 3.585830000000000073e+00 2.986959999999999837e+00 3.818589999999999929e+00 2.165750000000000064e+00 3.386989999999999945e+00 3.266039999999999832e+00 3.089989999999999792e+00 2.890039999999999942e+00 2.634910000000000085e+00
3.174529999999999852e+00 4.511300000000000310e+00 3.342989999999999906e+00 2.978079999999999838e+00 4.226790000000000269e+00 2.597949999999999982e+00 3.260609999999999786e+00 3.070399999999999796e+00 2.874740000000000073e+00 2.724699999999999900e+00 2.501199999999999868e+00
1.854100000000000081e+00 2.039320000000000022e+00 1.841990000000000016e+00 1.627650000000000041e+00 1.841050000000000075e+00 1.622560000000000002e+00 1.828100000000000058e+00 1.791700000000000070e+00 1.742920000000000025e+00 1.697310000000000096e+00 1.657089999999999952e+00
2.123270000000000213e+00 2.571860000000000035e+00 2.205259999999999998e+00 1.997910000000000075e+00 2.284530000000000172e+00 1.824149999999999938e+00 2.193649999999999878e+00 2.069440000000000168e+00 2.034050000000000136e+00 1.942039999999999988e+00 1.858370000000000077e+00
1.814310000000000089e+00 2.075480000000000214e+00 1.908549999999999969e+00 1.673429999999999973e+00 1.902760000000000007e+00 1.601830000000000087e+00 1.855990000000000029e+00 1.813649999999999984e+00 1.758070000000000022e+00 1.702180000000000026e+00 1.666919999999999957e+00
2.316230000000000011e+00 4.140480000000000160e+00 3.205130000000000035e+00 2.574800000000000200e+00 2.924619999999999997e+00 2.291030000000000122e+00 2.914060000000000095e+00 2.749709999999999877e+00 2.591040000000000010e+00 2.445669999999999789e+00 2.273060000000000080e+00
2.503769999999999829e+00 2.836910000000000043e+00 2.433780000000000054e+00 1.992410000000000014e+00 2.485500000000000043e+00 2.016799999999999926e+00 2.213519999999999932e+00 2.228959999999999830e+00 2.206360000000000099e+00 2.053189999999999849e+00 1.963219999999999965e+00
2.155940000000000190e+00 2.568439999999999834e+00 2.211409999999999876e+00 1.935519999999999907e+00 2.179269999999999818e+00 1.798200000000000021e+00 2.197090000000000209e+00 2.114069999999999894e+00 2.025549999999999962e+00 1.900339999999999918e+00 1.862540000000000084e+00
3.035029999999999895e+00 4.209139999999999660e+00 3.104490000000000194e+00 2.610539999999999861e+00 3.037990000000000190e+00 2.404300000000000104e+00 2.907369999999999788e+00 2.827859999999999818e+00 2.714290000000000092e+00 2.552550000000000097e+00 2.366649999999999920e+00
2.113989999999999814e+00 3.435160000000000213e+00 2.226690000000000058e+00 1.947880000000000056e+00 2.199120000000000186e+00 1.813360000000000083e+00 2.190049999999999830e+00 2.055740000000000123e+00 1.984350000000000058e+00 1.938719999999999999e+00 1.861499999999999932e+00
2.352640000000000065e+00 2.631229999999999958e+00 2.285270000000000135e+00 1.880439999999999889e+00 2.309800000000000075e+00 1.912449999999999983e+00 2.267399999999999860e+00 2.169059999999999988e+00 2.075200000000000156e+00 1.982280000000000042e+00 1.895089999999999941e+00
3.705229999999999801e+00 4.624469999999999636e+00 2.946039999999999992e+00 2.627619999999999845e+00 2.829779999999999962e+00 3.013770000000000060e+00 3.745800000000000018e+00 3.626310000000000144e+00 3.671349999999999891e+00 3.229769999999999808e+00 2.911560000000000148e+00
5.066300000000000026e+00 4.702589999999999826e+00 4.014990000000000059e+00 3.664289999999999825e+00 3.334229999999999805e+00 3.446860000000000035e+00 2.935709999999999820e+00 2.647100000000000009e+00 5.934280000000000221e+00 6.369159999999999933e+00 3.738609999999999989e+00
4.138160000000000061e+00 3.994720000000000049e+00 3.389100000000000001e+00 3.216019999999999879e+00 5.192479999999999762e+00 3.183240000000000069e+00 4.820949999999999847e+00 4.358310000000000350e+00 5.629480000000000040e+00 3.863659999999999872e+00 3.475900000000000212e+00
2.333880000000000177e+00 2.889990000000000059e+00 2.496449999999999836e+00 2.129579999999999806e+00 2.591320000000000068e+00 2.090230000000000032e+00 2.405289999999999928e+00 2.290280000000000094e+00 2.188730000000000064e+00 2.105999999999999872e+00 2.001059999999999839e+00
3.814070000000000071e+00 3.947989999999999888e+00 4.214699999999999669e+00 3.003829999999999778e+00 4.853240000000000443e+00 2.856170000000000098e+00 4.230889999999999596e+00 3.900889999999999969e+00 5.394160000000000288e+00 3.675229999999999997e+00 3.254259999999999931e+00
3.297480000000000189e+00 3.825309999999999988e+00 3.360469999999999846e+00 2.328800000000000203e+00 2.310090000000000199e+00 2.548890000000000100e+00 3.149099999999999788e+00 3.029399999999999871e+00 2.900549999999999962e+00 2.707809999999999828e+00 2.495639999999999858e+00
2.535219999999999807e+00 2.900259999999999838e+00 2.511439999999999895e+00 2.134149999999999991e+00 2.522609999999999797e+00 2.012389999999999901e+00 2.424549999999999983e+00 2.310869999999999980e+00 2.257600000000000051e+00 2.103299999999999947e+00 2.003680000000000128e+00
2.568700000000000205e+00 2.995060000000000056e+00 2.599380000000000024e+00 2.296370000000000022e+00 2.611369999999999969e+00 1.729659999999999975e+00 2.557549999999999990e+00 2.451750000000000096e+00 2.305979999999999919e+00 2.201470000000000038e+00 2.091699999999999893e+00
4.954720000000000013e+00 3.409040000000000070e+00 3.174729999999999830e+00 3.237039999999999917e+00 3.162609999999999921e+00 3.628559999999999786e+00 5.496999999999999886e+00 4.334240000000000315e+00 4.484090000000000131e+00 3.947360000000000202e+00 3.450779999999999959e+00
1.804580000000000073e+00 2.066640000000000033e+00 1.883000000000000007e+00 1.658979999999999899e+00 1.873639999999999972e+00 1.648719999999999963e+00 1.840319999999999956e+00 1.794280000000000097e+00 1.746539999999999981e+00 1.693019999999999969e+00 1.661170000000000035e+00
2.944170000000000176e+00 2.652950000000000141e+00 3.031060000000000088e+00 2.577370000000000161e+00 3.014089999999999936e+00 1.890730000000000022e+00 2.880090000000000039e+00 2.785860000000000003e+00 2.616229999999999833e+00 2.472919999999999785e+00 2.325689999999999813e+00
2.704520000000000035e+00 4.384929999999999772e+00 3.373479999999999812e+00 2.814799999999999969e+00 3.321559999999999846e+00 2.632410000000000139e+00 3.130949999999999900e+00 3.068350000000000133e+00 2.935799999999999965e+00 2.690109999999999779e+00 2.504080000000000084e+00
2.354089999999999794e+00 4.133040000000000269e+00 3.190380000000000216e+00 2.470489999999999853e+00 3.057799999999999851e+00 2.351030000000000175e+00 2.823789999999999800e+00 2.755640000000000089e+00 2.613859999999999850e+00 2.465180000000000149e+00 2.293029999999999902e+00
3.058190000000000186e+00 3.707059999999999800e+00 3.747339999999999893e+00 3.205470000000000041e+00 3.637360000000000149e+00 2.364809999999999857e+00 3.585459999999999869e+00 3.375999999999999890e+00 3.283889999999999976e+00 3.046380000000000088e+00 2.790029999999999788e+00
2.057479999999999976e+00 2.437170000000000059e+00 2.165690000000000115e+00 1.844100000000000072e+00 2.138349999999999973e+00 1.804230000000000000e+00 2.059730000000000061e+00 1.980169999999999986e+00 1.950260000000000105e+00 1.851839999999999931e+00 1.792699999999999960e+00
3.018559999999999910e+00 4.606889999999999930e+00 3.557459999999999845e+00 2.943649999999999878e+00 4.597920000000000229e+00 2.299560000000000048e+00 4.331249999999999822e+00 1.920379999999999976e+00 3.097609999999999975e+00 2.929870000000000196e+00 2.673989999999999867e+00
2.440170000000000172e+00 2.930699999999999861e+00 2.489920000000000133e+00 2.254049999999999887e+00 2.577879999999999949e+00 2.060709999999999820e+00 2.420539999999999914e+00 2.339459999999999873e+00 2.222989999999999799e+00 2.118650000000000144e+00 2.014499999999999957e+00
4.990029999999999966e+00 3.590289999999999981e+00 3.559699999999999864e+00 3.487859999999999960e+00 5.478650000000000020e+00 3.543210000000000193e+00 4.312949999999999839e+00 4.260559999999999903e+00 4.156450000000000422e+00 3.822169999999999845e+00 3.433170000000000055e+00
2.560140000000000082e+00 4.194029999999999703e+00 2.345419999999999838e+00 2.640750000000000153e+00 2.403900000000000148e+00 2.414190000000000058e+00 3.037520000000000220e+00 2.858810000000000073e+00 2.720759999999999845e+00 2.623050000000000104e+00 2.425670000000000215e+00
2.080130000000000035e+00 2.330719999999999903e+00 2.099040000000000017e+00 1.777320000000000011e+00 2.036410000000000053e+00 1.729659999999999975e+00 2.037869999999999848e+00 1.971070000000000100e+00 1.904970000000000052e+00 1.812829999999999941e+00 1.777069999999999927e+00
3.956080000000000041e+00 5.218359999999999665e+00 4.178569999999999673e+00 2.956220000000000070e+00 2.707870000000000221e+00 2.609620000000000051e+00 2.315970000000000084e+00 2.181189999999999962e+00 3.717639999999999834e+00 3.398109999999999964e+00 3.058510000000000062e+00
5.070920000000000094e+00 4.323129999999999917e+00 3.705960000000000143e+00 3.559610000000000163e+00 3.072789999999999910e+00 3.005770000000000053e+00 4.677290000000000170e+00 4.468530000000000335e+00 4.318789999999999907e+00 2.149270000000000014e+00 3.457720000000000127e+00
5.496229999999999727e+00 6.332779999999999632e+00 3.990639999999999965e+00 3.663440000000000030e+00 3.267170000000000130e+00 3.329579999999999984e+00 4.490000000000000213e+00 2.615559999999999885e+00 2.509329999999999838e+00 4.293300000000000338e+00 3.790090000000000181e+00
3.039839999999999876e+00 3.193810000000000038e+00 3.618980000000000086e+00 2.481730000000000214e+00 4.528850000000000264e+00 2.412360000000000060e+00 2.133989999999999831e+00 3.418460000000000054e+00 3.256979999999999986e+00 3.015690000000000204e+00 2.754070000000000018e+00
3.787009999999999987e+00 4.776390000000000136e+00 3.698929999999999829e+00 2.737760000000000193e+00 4.847100000000000186e+00 3.004000000000000004e+00 3.525570000000000093e+00 3.518200000000000216e+00 3.514559999999999906e+00 3.239310000000000134e+00 2.936850000000000183e+00
2.097630000000000106e+00 2.377769999999999939e+00 2.165579999999999838e+00 1.776669999999999972e+00 2.174999999999999822e+00 1.759830000000000005e+00 2.043829999999999814e+00 1.986150000000000082e+00 1.932509999999999950e+00 1.854230000000000045e+00 1.795369999999999910e+00
2.391869999999999941e+00 2.934239999999999959e+00 2.517069999999999919e+00 2.157119999999999926e+00 2.572090000000000209e+00 2.077550000000000008e+00 2.450359999999999872e+00 2.356879999999999864e+00 2.313050000000000050e+00 2.122250000000000192e+00 2.017700000000000049e+00
1.633019999999999916e+00 1.848030000000000062e+00 1.688809999999999922e+00 1.499000000000000110e+00 1.735589999999999966e+00 1.485000000000000098e+00 1.585779999999999967e+00 1.633979999999999988e+00 1.606179999999999941e+00 1.576899999999999968e+00 1.563190000000000079e+00
2.959350000000000147e+00 4.167970000000000397e+00 2.354900000000000215e+00 2.644519999999999982e+00 3.112690000000000179e+00 2.444609999999999950e+00 2.845790000000000042e+00 2.846169999999999867e+00 2.678360000000000074e+00 2.569380000000000219e+00 2.378699999999999815e+00
