-0.84045004586662319657 -0.54006076803617664162 0.044475692585565961001
-0.10572551406062663526 0.49354821777100899016 0.86326836639116855121
-0.57697241268901222622 0.22761648107314624845 0.78440650975096992692
-0.16859549069812221345 -0.97736754347779408736 0.12778202327573992547
-0.72385669532560614758 0.064109419693891417369 -0.68696540447012688357
-0.6853451230129159466 -0.6138413798092796636 -0.39179181052728828671
-0.59124116656030079042 -0.78835063812198236111 0.17010924236230659523
-0.87187107079528247677 -0.36118481348586572999 -0.33073609784459223615
-0.16019957574987822579 -0.96275405624693721762 0.21780891421066309044
-0.35164936689547865445 -0.92159264413371666524 -0.16434634477418036402
-0.55418597386111712044 0.80853376668271570438 -0.19786625409469124626
-0.24422922720534342989 -0.95815219659143513464 -0.1493199676724072944
-0.1983367400396327529 0.96810179442401178562 -0.15310601942268589615
-0.95408958136977717324 -0.24734120001373233189 -0.16892424780773809823
-0.64597864381751579632 -0.57943628179928052813 -0.49695592064720162107
-0.11216709276010120022 -0.43712435766491058997 0.89237931354205335399
-0.8508446623437277978 0.34784622456432767734 0.39378466782942572744
-0.6773092178121049578 0.73402798566159588312 -0.04954936661890457783
-0.80289154008349006286 0.57849678765642742473 0.14389802477294769134
-0.22080810698440944684 -0.97450059011544665211 -0.039904633247380374983
-0.64543021741658357371 -0.36062721102934025552 0.67332596052044613177
-0.15309093754582647762 -0.52021252802337059062 0.84020360064026933244
-0.66071419649703555521 -0.16842173493402942674 0.73149905656062763626
-0.21343223474092781755 -0.91060260874228482475 0.35390616005551334133
-0.093404908147300555465 0.98105406530030958567 0.16973050430529657007
-0.53808995555412730827 0.76702909820506859351 0.34946467952924276101
-0.23343008242143506448 0.49619316495958648572 0.83624322996847666456
-0.33427554554636557116 -0.82767872755375837546 0.45078574024104967055
-0.99496402842373821152 -0.099490331265436729447 -0.012176047285555147842
-0.74969096927136835706 -0.50744264044023723592 0.42481221410877112454
-0.15160216566602383037 0.98749061618308309196 0.04334819852919594152
-0.70086761068766134652 0.4776256465733370038 -0.52977196417361560599
-0.92263068259575142793 -0.33492946297189718496 0.19124559698527571205
-0.98597649232902595529 0.073306910140766221029 0.14992149112173186465
0.79712449911156868509 -0.59517442276017673564 0.10178378755096974262
0.10005516864464977789 0.54894295262153458559 0.82984974422761759172
0.58659911978056344939 0.19842607961976763131 0.78519332880469494551
0.085220983796315971648 -0.99262255115971065322 0.086242998846142032709
0.71279924505687208836 0.071798889366273627166 -0.69768342085226819904
0.67154943664509392232 -0.64868366861831694425 -0.35809335683525123084
0.5688493152500726513 -0.77432392897598345538 0.27718749891493932314
0.87029581000635314325 -0.39297263206453125761 -0.29691364659385366398
0.15891953352099053021 -0.9479406019301646058 0.27595868726631544998
0.31048149062506003037 -0.94080640569357421032 -0.13595790151800257739
0.53018126230980389124 0.83247401084625805012 -0.1609187694494565446
0.21630501516894365399 -0.96097245343355364167 -0.17246473307508283779
0.071006179097463970051 0.98927858573418592236 -0.1276166224978077246
0.95688166757951342856 -0.25514476753843046142 -0.13884747692345617009
0.64719162370523464212 -0.63616558268876377547 -0.42004327587529349808
0.13222396184387233409 -0.45970013999919628889 0.878175725694481768
0.8473407106924211174 0.39105115359050762747 0.35929474707932507194
0.67983099189292883757 0.73253390436074028447 -0.034984302535369202203
0.77128840663572084679 0.59818492284056845598 0.21746032253161498571
0.1314590365802438543 -0.98869247906898916067 -0.072150561562684817352
0.63103529493355015045 -0.33048614720613139761 0.70183570944557582827
0.14142339341143619902 -0.46321111267332609751 0.87489135833652698082
0.64072800888148195853 -0.132164044668809183 0.75630700375677661906
0.18833859875210576251 -0.90222957428287586801 0.3879566567407161104
0.087427618558699279894 0.96248221316028192973 0.25687429000045930438
0.50867521491775102849 0.77757731334747770546 0.3696255503826789135
0.2097832361912304322 0.54712713531581991244 0.8103350489854419525
0.29849722025067404463 -0.82759548579105457478 0.47537892401839682011
0.99662230772316018346 -0.082100103265517143658 -0.0018838238649289346452
0.79741731703599250114 -0.42282946121993747468 0.4305123334070430352
0.087066487795864899724 0.99550071193171507655 0.037386618546493367854
0.69852607308896108584 0.51617687945751666856 -0.49560342445186533755
0.92060475484367965127 -0.31735985953502399148 0.22752934956861767257
0.98354384412736428622 0.10799031864123145863 0.14484335593644648288
