-5.136840000000000117e+01 -3.580480000000000018e+01 4.040600000000000414e+00
-5.773699999999999832e+00 1.874050000000000082e+01 3.295669999999999789e+01
-3.281929999999999836e+01 1.221000000000000085e+01 4.482589999999999719e+01
-1.191949999999999932e+01 -7.063120000000000687e+01 7.942400000000000126e+00
-2.627649999999999864e+01 2.915500000000000203e+00 -2.590709999999999980e+01
-3.766740000000000066e+01 -3.285880000000000223e+01 -2.372050000000000125e+01
-4.289589999999999748e+01 -5.869259999999999877e+01 1.477009999999999934e+01
-5.354590000000000316e+01 -2.097210000000000107e+01 -2.058699999999999974e+01
-3.960799999999999876e+00 -4.240659999999999741e+01 7.610100000000000087e+00
-2.923499999999999943e+01 -7.623160000000000025e+01 -1.320669999999999966e+01
-2.269340000000000046e+01 3.334899999999999665e+01 -9.138199999999999434e+00
-1.459619999999999962e+01 -5.854140000000000299e+01 -1.014240000000000030e+01
-6.020199999999999996e+00 3.616360000000000241e+01 -5.003800000000000026e+00
-6.079019999999999868e+01 -1.557939999999999969e+01 -1.397749999999999915e+01
-2.587819999999999965e+01 -2.447779999999999845e+01 -1.895560000000000045e+01
-5.462399999999999700e+00 -2.778729999999999833e+01 5.174340000000000117e+01
-4.359230000000000160e+01 1.802299999999999969e+01 1.932789999999999964e+01
-3.920170000000000243e+01 4.575200000000000244e+01 -3.643200000000000216e+00
-4.409530000000000172e+01 3.362129999999999797e+01 7.948199999999999932e+00
-1.678280000000000172e+01 -6.772360000000000468e+01 -2.293000000000000149e+00
-3.864439999999999742e+01 -2.004489999999999839e+01 4.183080000000000354e+01
-7.307199999999999918e+00 -2.215990000000000038e+01 3.346309999999999718e+01
-3.595369999999999777e+01 -1.282300000000000040e+01 4.090970000000000084e+01
-1.230819999999999936e+01 -4.953070000000000306e+01 2.181030000000000157e+01
-2.486099999999999977e+00 3.969149999999999778e+01 6.819899999999999629e+00
-2.882359999999999900e+01 4.489439999999999742e+01 2.115210000000000079e+01
-8.646100000000000563e+00 2.280809999999999960e+01 4.065229999999999677e+01
-2.356109999999999971e+01 -6.025540000000000163e+01 3.121770000000000067e+01
-5.374040000000000106e+01 -6.466000000000000192e+00 -2.862600000000000033e+00
-4.900050000000000239e+01 -3.327479999999999905e+01 2.797830000000000084e+01
-1.032779999999999987e+01 6.854300000000000637e+01 8.347400000000000375e-01
-2.934740000000000038e+01 2.237999999999999901e+01 -2.033210000000000051e+01
-4.364039999999999964e+01 -1.687979999999999947e+01 1.103289999999999971e+01
-3.853829999999999956e+01 3.773299999999999876e+00 6.719899999999999984e+00
4.954290000000000305e+01 -3.748239999999999839e+01 6.150500000000000078e+00
1.771500000000000075e+00 2.048780000000000001e+01 3.008409999999999940e+01
3.385600000000000165e+01 1.194829999999999970e+01 4.556880000000000308e+01
7.072899999999999743e+00 -6.713660000000000139e+01 3.950899999999999856e+00
2.645429999999999993e+01 3.957100000000000062e+00 -2.467379999999999995e+01
3.308559999999999945e+01 -3.186149999999999949e+01 -1.761589999999999989e+01
4.009879999999999711e+01 -5.635819999999999652e+01 2.024739999999999895e+01
5.097359999999999758e+01 -2.208459999999999823e+01 -1.844050000000000011e+01
3.787599999999999856e+00 -3.842049999999999699e+01 1.014899999999999913e+01
2.482979999999999876e+01 -7.569679999999999609e+01 -1.128079999999999927e+01
2.140889999999999915e+01 3.386849999999999739e+01 -6.876100000000000101e+00
1.002510000000000012e+01 -5.291190000000000282e+01 -1.082970000000000077e+01
2.285099999999999909e+00 4.009620000000000317e+01 -3.988500000000000156e+00
5.713119999999999976e+01 -1.503560000000000052e+01 -4.623099999999999987e+00
2.379629999999999868e+01 -2.388680000000000092e+01 -1.523429999999999929e+01
7.192800000000000082e+00 -2.586870000000000047e+01 4.938669999999999760e+01
4.535009999999999764e+01 1.735069999999999979e+01 1.907059999999999889e+01
3.833480000000000132e+01 3.978889999999999816e+01 -1.896300000000000097e+00
4.602700000000000102e+01 3.312660000000000338e+01 1.040109999999999957e+01
8.562300000000000466e+00 -6.865080000000000382e+01 -5.511899999999999800e+00
3.765879999999999939e+01 -1.980559999999999832e+01 4.280850000000000222e+01
7.819799999999999862e+00 -1.982239999999999824e+01 3.645870000000000033e+01
3.477369999999999806e+01 -3.594300000000000050e+00 4.183870000000000289e+01
8.613400000000000389e+00 -5.002909999999999968e+01 2.052700000000000102e+01
1.961000000000000076e+00 3.552009999999999934e+01 8.227499999999999147e+00
2.841580000000000084e+01 4.643240000000000123e+01 2.241150000000000020e+01
5.583800000000000097e+00 2.600400000000000134e+01 4.274300000000000210e+01
2.001259999999999906e+01 -5.792360000000000042e+01 3.287169999999999703e+01
5.273029999999999973e+01 -4.820999999999999730e+00 -2.218500000000000139e+00
5.296470000000000056e+01 -2.934019999999999939e+01 2.661019999999999897e+01
6.812500000000000000e+00 6.825039999999999907e+01 2.549300000000000122e+00
2.895739999999999981e+01 2.321219999999999928e+01 -1.817330000000000112e+01
4.257979999999999876e+01 -1.437570000000000014e+01 1.224879999999999924e+01
3.932950000000000301e+01 2.567000000000000171e+00 7.480299999999999727e+00
