-5.667150000000000176e+01 -2.399500000000000099e+01 2.560519999999999996e+01
-1.696099999999999941e+00 2.722970000000000113e+01 5.498049999999999926e+01
-3.455049999999999955e+01 1.469909999999999961e+01 6.804749999999999943e+01
-6.078800000000000203e+00 -6.758320000000000505e+01 2.731810000000000116e+01
-2.365640000000000143e+01 7.985899999999999999e+00 -4.472400000000000375e+00
-3.143900000000000006e+01 -2.690859999999999985e+01 3.691199999999999815e+00
-3.907489999999999952e+01 -5.230199999999999960e+01 4.148550000000000182e+01
-4.941689999999999827e+01 -1.397300000000000075e+01 2.819799999999999862e+00
-4.321399999999999686e+00 -3.258509999999999707e+01 3.626409999999999911e+01
-2.812209999999999965e+01 -6.992149999999999466e+01 1.733160000000000167e+01
-2.233020000000000138e+01 4.652080000000000126e+01 1.515670000000000073e+01
-1.125520000000000032e+01 -5.045060000000000144e+01 1.499039999999999928e+01
-6.327300000000000146e+00 4.933820000000000050e+01 1.847579999999999956e+01
-5.377080000000000126e+01 -6.615400000000000169e+00 1.634949999999999903e+01
-2.444630000000000081e+01 -1.632359999999999900e+01 7.399200000000000443e+00
-8.740900000000000336e-01 -2.240599999999999881e+01 7.316169999999999618e+01
-4.539580000000000126e+01 2.619369999999999976e+01 3.905550000000000210e+01
-4.095230000000000103e+01 4.864629999999999654e+01 1.871049999999999969e+01
-4.452139999999999986e+01 4.179310000000000258e+01 3.484100000000000108e+01
-1.098879999999999946e+01 -6.278399999999999892e+01 2.239560000000000173e+01
-4.122050000000000125e+01 -9.474500000000000810e+00 6.211849999999999739e+01
-5.085899999999999643e+00 -8.237600000000000477e+00 5.828589999999999804e+01
-3.676050000000000040e+01 1.921799999999999953e+00 6.312510000000000332e+01
-5.913000000000000256e+00 -4.800379999999999825e+01 4.950419999999999732e+01
-1.346400000000000041e+00 5.106510000000000105e+01 3.237760000000000105e+01
-2.987780000000000058e+01 5.281439999999999912e+01 4.884259999999999735e+01
-1.353979999999999961e+01 3.251030000000000086e+01 6.934770000000000323e+01
-2.318919999999999959e+01 -5.272729999999999961e+01 5.979879999999999995e+01
-5.286999999999999744e+01 4.811399999999999899e+00 1.898999999999999844e+01
-4.787030000000000030e+01 -2.539849999999999852e+01 5.211430000000000007e+01
-1.123310000000000031e+01 7.927509999999999479e+01 2.621559999999999846e+01
-3.408120000000000260e+01 2.729309999999999903e+01 -6.447799999999999976e+00
-4.036560000000000059e+01 -3.703500000000000014e+00 3.086149999999999949e+01
-3.928280000000000172e+01 1.168180000000000085e+01 2.530649999999999977e+01
4.978229999999999933e+01 -2.604289999999999949e+01 2.480760000000000076e+01
5.542699999999999960e+00 2.988639999999999830e+01 5.288490000000000180e+01
3.790259999999999962e+01 1.513790000000000013e+01 6.864400000000000546e+01
3.591499999999999915e+00 -6.609319999999999595e+01 2.835350000000000037e+01
2.338960000000000150e+01 1.036669999999999980e+01 -7.043099999999999916e+00
3.126719999999999899e+01 -2.506139999999999901e+01 3.967800000000000216e-01
3.839990000000000236e+01 -5.158379999999999654e+01 4.073640000000000327e+01
4.939829999999999899e+01 -1.345289999999999964e+01 -1.026600000000000013e-01
3.024999999999999911e+00 -2.790889999999999915e+01 3.765769999999999840e+01
2.360709999999999908e+01 -6.906489999999999441e+01 8.448299999999999699e+00
2.091319999999999979e+01 4.403280000000000172e+01 1.402319999999999922e+01
8.658300000000000551e+00 -5.130680000000000263e+01 1.310069999999999979e+01
4.876900000000000013e+00 5.161440000000000339e+01 2.085010000000000119e+01
5.608870000000000289e+01 -8.235599999999999810e+00 1.256220000000000070e+01
2.477179999999999893e+01 -1.285399999999999920e+01 4.884299999999999642e+00
9.100400000000000489e+00 -2.080120000000000147e+01 7.328669999999999618e+01
4.974739999999999895e+01 2.414239999999999853e+01 2.964410000000000167e+01
4.082289999999999708e+01 5.511010000000000275e+01 2.080110000000000170e+01
4.746990000000000265e+01 4.017940000000000111e+01 3.285499999999999687e+01
6.972400000000000375e+00 -6.194550000000000267e+01 1.570679999999999943e+01
4.246809999999999974e+01 -1.445149999999999935e+01 6.290540000000000020e+01
7.846700000000000230e+00 -4.637299999999999756e+00 5.989990000000000236e+01
4.152810000000000201e+01 -4.599700000000000344e+00 6.430899999999999750e+01
1.021439999999999948e+01 -4.864609999999999701e+01 5.074009999999999820e+01
3.492300000000000182e+00 4.805310000000000059e+01 3.242770000000000152e+01
3.612960000000000349e+01 5.014560000000000173e+01 4.727669999999999817e+01
1.189080000000000048e+01 3.005930000000000035e+01 6.920690000000000452e+01
2.334530000000000172e+01 -5.080089999999999861e+01 5.847079999999999700e+01
5.337069999999999936e+01 5.637699999999999712e+00 1.631419999999999959e+01
5.030330000000000013e+01 -2.514079999999999870e+01 4.702980000000000160e+01
1.164819999999999922e+01 7.930200000000000671e+01 2.822149999999999892e+01
2.705000000000000071e+01 3.248279999999999745e+01 -3.732000000000000206e+00
4.158870000000000289e+01 -5.810200000000000031e+00 2.839020000000000010e+01
4.033820000000000050e+01 1.394130000000000003e+01 2.061820000000000164e+01
