1.642490000000000006e+00 1.592039999999999900e+00 1.542550000000000088e+00 1.493980000000000086e+00 1.446199999999999930e+00 1.399019999999999930e+00 1.352289999999999992e+00 1.305979999999999919e+00 1.260250000000000092e+00 1.215529999999999999e+00 1.172660000000000036e+00 1.132859999999999978e+00 1.097599999999999909e+00 1.068149999999999933e+00 1.045239999999999947e+00 1.027989999999999959e+00
1.115790000000000060e+00 1.108279999999999932e+00 1.101059999999999928e+00 1.094070000000000098e+00 1.087269999999999959e+00 1.080610000000000070e+00 1.074089999999999989e+00 1.067720000000000002e+00 1.061500000000000110e+00 1.055479999999999974e+00 1.049649999999999972e+00 1.044070000000000054e+00 1.038750000000000062e+00 1.033789999999999987e+00 1.029479999999999951e+00 1.025900000000000034e+00
1.825730000000000075e+00 1.762150000000000105e+00 1.699549999999999894e+00 1.637920000000000043e+00 1.577080000000000037e+00 1.516820000000000057e+00 1.456930000000000058e+00 1.397270000000000012e+00 1.337860000000000049e+00 1.278969999999999940e+00 1.221309999999999896e+00 1.166369999999999907e+00 1.116950000000000109e+00 1.075990000000000002e+00 1.045150000000000023e+00 1.023330000000000073e+00
2.703699999999999992e+00 2.575060000000000127e+00 2.448179999999999801e+00 2.323189999999999866e+00 2.200089999999999879e+00 2.078819999999999890e+00 1.958970000000000100e+00 1.839920000000000000e+00 1.721179999999999932e+00 1.602579999999999893e+00 1.484299999999999953e+00 1.366989999999999927e+00 1.252879999999999994e+00 1.149559999999999915e+00 1.072549999999999892e+00 1.024310000000000054e+00
1.062680000000000069e+00 1.060049999999999937e+00 1.057469999999999910e+00 1.054920000000000080e+00 1.052380000000000093e+00 1.049830000000000041e+00 1.047260000000000080e+00 1.044669999999999987e+00 1.042079999999999895e+00 1.039509999999999934e+00 1.036960000000000104e+00 1.034480000000000066e+00 1.032089999999999952e+00 1.029849999999999932e+00 1.027830000000000021e+00 1.026029999999999998e+00
1.716050000000000075e+00 1.660150000000000015e+00 1.605240000000000000e+00 1.551299999999999901e+00 1.498229999999999951e+00 1.445850000000000080e+00 1.393950000000000022e+00 1.342389999999999972e+00 1.291279999999999983e+00 1.241000000000000103e+00 1.192229999999999901e+00 1.146369999999999889e+00 1.105259999999999909e+00 1.070100000000000051e+00 1.042540000000000022e+00 1.022899999999999920e+00
2.923659999999999926e+00 2.779040000000000177e+00 2.636319999999999997e+00 2.495639999999999858e+00 2.357009999999999827e+00 2.220340000000000202e+00 2.085210000000000008e+00 1.951019999999999976e+00 1.817290000000000072e+00 1.683750000000000080e+00 1.550450000000000106e+00 1.417810000000000015e+00 1.287679999999999936e+00 1.168749999999999956e+00 1.080349999999999921e+00 1.025579999999999936e+00
2.040420000000000122e+00 1.959759999999999946e+00 1.880449999999999955e+00 1.802470000000000017e+00 1.725719999999999921e+00 1.649990000000000068e+00 1.574980000000000047e+00 1.500439999999999996e+00 1.426260000000000083e+00 1.352670000000000039e+00 1.280219999999999914e+00 1.210269999999999957e+00 1.146150000000000002e+00 1.092559999999999976e+00 1.052079999999999904e+00 1.023579999999999934e+00
1.414660000000000029e+00 1.381229999999999958e+00 1.348549999999999915e+00 1.316610000000000058e+00 1.285320000000000018e+00 1.254580000000000028e+00 1.224299999999999944e+00 1.194520000000000026e+00 1.165499999999999980e+00 1.137680000000000025e+00 1.111599999999999921e+00 1.087739999999999929e+00 1.066279999999999895e+00 1.047409999999999952e+00 1.031919999999999948e+00 1.020180000000000087e+00
3.837909999999999933e+00 3.621020000000000127e+00 3.407160000000000188e+00 3.196629999999999860e+00 2.989660000000000206e+00 2.786319999999999908e+00 2.586300000000000043e+00 2.388990000000000169e+00 2.193760000000000154e+00 2.000360000000000138e+00 1.808740000000000014e+00 1.619080000000000075e+00 1.432560000000000056e+00 1.256440000000000001e+00 1.117830000000000101e+00 1.030159999999999965e+00
1.739959999999999951e+00 1.681899999999999951e+00 1.624819999999999931e+00 1.568589999999999929e+00 1.512999999999999901e+00 1.457869999999999999e+00 1.403100000000000014e+00 1.348740000000000050e+00 1.295139999999999958e+00 1.242969999999999908e+00 1.193380000000000107e+00 1.147899999999999920e+00 1.107900000000000107e+00 1.074149999999999938e+00 1.046920000000000073e+00 1.025300000000000100e+00
1.656840000000000090e+00 1.604300000000000059e+00 1.552729999999999944e+00 1.502129999999999965e+00 1.452390000000000070e+00 1.403399999999999981e+00 1.355010000000000048e+00 1.307139999999999969e+00 1.259859999999999980e+00 1.213610000000000078e+00 1.169210000000000083e+00 1.128190000000000026e+00 1.092189999999999994e+00 1.061919999999999975e+00 1.037919999999999954e+00 1.020310000000000050e+00
1.677380000000000093e+00 1.624230000000000063e+00 1.571949999999999958e+00 1.520420000000000105e+00 1.469449999999999923e+00 1.418900000000000050e+00 1.368659999999999988e+00 1.318869999999999987e+00 1.269879999999999898e+00 1.222429999999999906e+00 1.177589999999999915e+00 1.136540000000000106e+00 1.100219999999999976e+00 1.069199999999999928e+00 1.043889999999999985e+00 1.023689999999999989e+00
2.511150000000000215e+00 2.394130000000000091e+00 2.279049999999999798e+00 2.165999999999999925e+00 2.054860000000000131e+00 1.945429999999999993e+00 1.837339999999999973e+00 1.730150000000000077e+00 1.623559999999999892e+00 1.517560000000000020e+00 1.412530000000000063e+00 1.309590000000000032e+00 1.212499999999999911e+00 1.129750000000000032e+00 1.067800000000000082e+00 1.024729999999999919e+00
1.081679999999999975e+00 1.077339999999999964e+00 1.073150000000000048e+00 1.069059999999999899e+00 1.065039999999999987e+00 1.061050000000000049e+00 1.057090000000000085e+00 1.053129999999999900e+00 1.049199999999999910e+00 1.045320000000000027e+00 1.041509999999999936e+00 1.037809999999999899e+00 1.034259999999999957e+00 1.030950000000000033e+00 1.028040000000000065e+00 1.025519999999999987e+00
1.332379999999999898e+00 1.305500000000000105e+00 1.279339999999999922e+00 1.253859999999999975e+00 1.228990000000000027e+00 1.204690000000000039e+00 1.180970000000000075e+00 1.157939999999999969e+00 1.135860000000000092e+00 1.115019999999999900e+00 1.095639999999999947e+00 1.077839999999999909e+00 1.061509999999999954e+00 1.046790000000000109e+00 1.034399999999999986e+00 1.024550000000000072e+00
1.684660000000000046e+00 1.631029999999999980e+00 1.578400000000000025e+00 1.526680000000000037e+00 1.475719999999999921e+00 1.425310000000000077e+00 1.375329999999999941e+00 1.325739999999999919e+00 1.276669999999999972e+00 1.228560000000000096e+00 1.182279999999999998e+00 1.139329999999999954e+00 1.101410000000000000e+00 1.069720000000000004e+00 1.044910000000000005e+00 1.026289999999999925e+00
1.300310000000000077e+00 1.276289999999999925e+00 1.252709999999999990e+00 1.229530000000000012e+00 1.206690000000000040e+00 1.184199999999999919e+00 1.162160000000000082e+00 1.140749999999999931e+00 1.120249999999999968e+00 1.100940000000000030e+00 1.083099999999999952e+00 1.066929999999999934e+00 1.052540000000000031e+00 1.040089999999999959e+00 1.029740000000000100e+00 1.021200000000000108e+00
1.637979999999999992e+00 1.587690000000000046e+00 1.538340000000000041e+00 1.489829999999999988e+00 1.441959999999999908e+00 1.394570000000000087e+00 1.347569999999999935e+00 1.300980000000000025e+00 1.255049999999999999e+00 1.210309999999999997e+00 1.167750000000000066e+00 1.128719999999999946e+00 1.094440000000000079e+00 1.065620000000000012e+00 1.042599999999999971e+00 1.024589999999999890e+00
1.939969999999999972e+00 1.866880000000000095e+00 1.794999999999999929e+00 1.724359999999999893e+00 1.654889999999999972e+00 1.586430000000000007e+00 1.518739999999999979e+00 1.451519999999999921e+00 1.384700000000000042e+00 1.318480000000000096e+00 1.253540000000000099e+00 1.191389999999999949e+00 1.134919999999999929e+00 1.087299999999999933e+00 1.050599999999999978e+00 1.025120000000000031e+00
1.957799999999999985e+00 1.884279999999999955e+00 1.811949999999999950e+00 1.740820000000000034e+00 1.670719999999999983e+00 1.601439999999999975e+00 1.532699999999999951e+00 1.464269999999999960e+00 1.396050000000000013e+00 1.328300000000000036e+00 1.261619999999999964e+00 1.197429999999999994e+00 1.138390000000000013e+00 1.088389999999999969e+00 1.050740000000000007e+00 1.024510000000000032e+00
1.289020000000000055e+00 1.265770000000000062e+00 1.243170000000000108e+00 1.221160000000000023e+00 1.199710000000000054e+00 1.178819999999999979e+00 1.158519999999999994e+00 1.138940000000000063e+00 1.120249999999999968e+00 1.102619999999999933e+00 1.086179999999999923e+00 1.070910000000000029e+00 1.056840000000000002e+00 1.044089999999999963e+00 1.033220000000000027e+00 1.024340000000000028e+00
3.070219999999999949e+00 2.911410000000000053e+00 2.755059999999999842e+00 2.601300000000000168e+00 2.450099999999999945e+00 2.301239999999999952e+00 2.154360000000000053e+00 2.008900000000000130e+00 1.864460000000000006e+00 1.720869999999999900e+00 1.578319999999999945e+00 1.437659999999999938e+00 1.301819999999999977e+00 1.180639999999999912e+00 1.089220000000000077e+00 1.027779999999999916e+00
2.242280000000000051e+00 2.146630000000000038e+00 2.052599999999999980e+00 1.960220000000000073e+00 1.869410000000000016e+00 1.779979999999999896e+00 1.691540000000000044e+00 1.603679999999999994e+00 1.516189999999999927e+00 1.429249999999999909e+00 1.343390000000000084e+00 1.259700000000000042e+00 1.180739999999999901e+00 1.111969999999999903e+00 1.059760000000000035e+00 1.024029999999999996e+00
1.304959999999999898e+00 1.280650000000000066e+00 1.256790000000000074e+00 1.233349999999999946e+00 1.210269999999999957e+00 1.187570000000000014e+00 1.165350000000000108e+00 1.143809999999999993e+00 1.123229999999999951e+00 1.103890000000000038e+00 1.086009999999999920e+00 1.069679999999999964e+00 1.054950000000000054e+00 1.041919999999999957e+00 1.030909999999999993e+00 1.021840000000000082e+00
2.526400000000000201e+00 2.409580000000000055e+00 2.294709999999999805e+00 2.181770000000000209e+00 2.070539999999999825e+00 1.960700000000000109e+00 1.851820000000000022e+00 1.743430000000000035e+00 1.635289999999999910e+00 1.527460000000000040e+00 1.420469999999999899e+00 1.315709999999999935e+00 1.216930000000000067e+00 1.132379999999999942e+00 1.068910000000000027e+00 1.024969999999999937e+00
3.003089999999999815e+00 2.849619999999999820e+00 2.698809999999999931e+00 2.550730000000000164e+00 2.405260000000000176e+00 2.262070000000000025e+00 2.120649999999999924e+00 1.980390000000000095e+00 1.840789999999999926e+00 1.701710000000000056e+00 1.563399999999999901e+00 1.426770000000000094e+00 1.294569999999999999e+00 1.176449999999999996e+00 1.086789999999999923e+00 1.026029999999999998e+00
3.976360000000000117e+00 3.749859999999999971e+00 3.526370000000000005e+00 3.306140000000000079e+00 3.089399999999999924e+00 2.876279999999999948e+00 2.666469999999999896e+00 2.459350000000000147e+00 2.254329999999999945e+00 2.051079999999999792e+00 1.849469999999999947e+00 1.649550000000000072e+00 1.452280000000000015e+00 1.265689999999999982e+00 1.119420000000000082e+00 1.028170000000000028e+00
2.292219999999999924e+00 2.191600000000000215e+00 2.092849999999999877e+00 1.995929999999999982e+00 1.900709999999999900e+00 1.806859999999999911e+00 1.713989999999999903e+00 1.621680000000000010e+00 1.529700000000000060e+00 1.438190000000000079e+00 1.347730000000000095e+00 1.259900000000000020e+00 1.178609999999999935e+00 1.110190000000000010e+00 1.057919999999999972e+00 1.020289999999999919e+00
2.296520000000000117e+00 2.197249999999999925e+00 2.099540000000000184e+00 2.003490000000000215e+00 1.909030000000000005e+00 1.815979999999999928e+00 1.723959999999999937e+00 1.632579999999999920e+00 1.541549999999999976e+00 1.450970000000000093e+00 1.361240000000000006e+00 1.273439999999999905e+00 1.190520000000000023e+00 1.119169999999999998e+00 1.065649999999999986e+00 1.029190000000000049e+00
1.202120000000000077e+00 1.186860000000000026e+00 1.171950000000000047e+00 1.157370000000000010e+00 1.143129999999999979e+00 1.129250000000000087e+00 1.115730000000000111e+00 1.102649999999999908e+00 1.090090000000000003e+00 1.078170000000000073e+00 1.066980000000000040e+00 1.056629999999999958e+00 1.047290000000000054e+00 1.039050000000000029e+00 1.032010000000000094e+00 1.026049999999999907e+00
1.343420000000000059e+00 1.315569999999999906e+00 1.288359999999999950e+00 1.261730000000000018e+00 1.235619999999999941e+00 1.209980000000000055e+00 1.184870000000000090e+00 1.160409999999999942e+00 1.136910000000000087e+00 1.114729999999999999e+00 1.094230000000000036e+00 1.075579999999999981e+00 1.058920000000000083e+00 1.044470000000000010e+00 1.032469999999999999e+00 1.022610000000000019e+00
1.117909999999999959e+00 1.110160000000000036e+00 1.102740000000000054e+00 1.095590000000000064e+00 1.088680000000000092e+00 1.081909999999999927e+00 1.075269999999999948e+00 1.068710000000000049e+00 1.062279999999999891e+00 1.055960000000000010e+00 1.049779999999999935e+00 1.043749999999999956e+00 1.037959999999999994e+00 1.032720000000000082e+00 1.028389999999999915e+00 1.024950000000000028e+00
1.532820000000000071e+00 1.490359999999999907e+00 1.448690000000000033e+00 1.407750000000000057e+00 1.367390000000000105e+00 1.327499999999999902e+00 1.288010000000000099e+00 1.248990000000000045e+00 1.210760000000000058e+00 1.173910000000000009e+00 1.139369999999999994e+00 1.108100000000000085e+00 1.080549999999999899e+00 1.056969999999999965e+00 1.037849999999999939e+00 1.022739999999999982e+00
1.592340000000000089e+00 1.545099999999999918e+00 1.498809999999999976e+00 1.453449999999999909e+00 1.408970000000000056e+00 1.365250000000000075e+00 1.322119999999999962e+00 1.279490000000000016e+00 1.237409999999999899e+00 1.196229999999999905e+00 1.156689999999999996e+00 1.119890000000000052e+00 1.087089999999999890e+00 1.059099999999999930e+00 1.037330000000000085e+00 1.021689999999999987e+00
1.347469999999999946e+00 1.319590000000000041e+00 1.292340000000000044e+00 1.265670000000000073e+00 1.239489999999999981e+00 1.213729999999999976e+00 1.188339999999999952e+00 1.163440000000000030e+00 1.139270000000000005e+00 1.116219999999999990e+00 1.094710000000000072e+00 1.075050000000000061e+00 1.057309999999999972e+00 1.041560000000000041e+00 1.028829999999999911e+00 1.019320000000000004e+00
1.952110000000000012e+00 1.878710000000000102e+00 1.806519999999999904e+00 1.735570000000000057e+00 1.665739999999999998e+00 1.596829999999999972e+00 1.528499999999999970e+00 1.460460000000000091e+00 1.392560000000000020e+00 1.324959999999999916e+00 1.258199999999999985e+00 1.193699999999999983e+00 1.134530000000000038e+00 1.084959999999999924e+00 1.047649999999999970e+00 1.022119999999999918e+00
2.054159999999999986e+00 1.972169999999999979e+00 1.891590000000000105e+00 1.812510000000000066e+00 1.734890000000000043e+00 1.658630000000000049e+00 1.583380000000000010e+00 1.508820000000000050e+00 1.434819999999999984e+00 1.361509999999999998e+00 1.289339999999999931e+00 1.219349999999999934e+00 1.153839999999999977e+00 1.096549999999999914e+00 1.051840000000000108e+00 1.022089999999999943e+00
1.045220000000000038e+00 1.043770000000000087e+00 1.042340000000000044e+00 1.040899999999999936e+00 1.039460000000000051e+00 1.038000000000000034e+00 1.036520000000000108e+00 1.035009999999999986e+00 1.033479999999999954e+00 1.031930000000000014e+00 1.030389999999999917e+00 1.028850000000000042e+00 1.027339999999999920e+00 1.025879999999999903e+00 1.024529999999999941e+00 1.023339999999999916e+00
1.784899999999999931e+00 1.724089999999999900e+00 1.664430000000000076e+00 1.606000000000000094e+00 1.548740000000000006e+00 1.492510000000000003e+00 1.436930000000000041e+00 1.381769999999999943e+00 1.326980000000000048e+00 1.272790000000000088e+00 1.219759999999999955e+00 1.168879999999999919e+00 1.122000000000000108e+00 1.081199999999999939e+00 1.048880000000000035e+00 1.026880000000000015e+00
3.598320000000000185e+00 3.403529999999999944e+00 3.211030000000000051e+00 3.021160000000000068e+00 2.834060000000000024e+00 2.649789999999999868e+00 2.468020000000000103e+00 2.288199999999999790e+00 2.109570000000000167e+00 1.931710000000000038e+00 1.754459999999999908e+00 1.577839999999999909e+00 1.402490000000000014e+00 1.234070000000000000e+00 1.102200000000000069e+00 1.024829999999999908e+00
2.580220000000000180e+00 2.459049999999999958e+00 2.339659999999999851e+00 2.222220000000000084e+00 2.106759999999999966e+00 1.993209999999999926e+00 1.881110000000000060e+00 1.770029999999999992e+00 1.659540000000000015e+00 1.549579999999999957e+00 1.440350000000000019e+00 1.332580000000000098e+00 1.228420000000000067e+00 1.135669999999999957e+00 1.066750000000000087e+00 1.022280000000000078e+00
1.158479999999999954e+00 1.145909999999999984e+00 1.133899999999999908e+00 1.122419999999999973e+00 1.111450000000000049e+00 1.100929999999999964e+00 1.090770000000000017e+00 1.080950000000000077e+00 1.071460000000000079e+00 1.062329999999999997e+00 1.053579999999999961e+00 1.045230000000000103e+00 1.037279999999999980e+00 1.029849999999999932e+00 1.023390000000000022e+00 1.018340000000000023e+00
3.745499999999999829e+00 3.536979999999999791e+00 3.331100000000000172e+00 3.128229999999999844e+00 2.928650000000000198e+00 2.732489999999999863e+00 2.539480000000000182e+00 2.349040000000000017e+00 2.160540000000000127e+00 1.973670000000000035e+00 1.788399999999999990e+00 1.604810000000000070e+00 1.423729999999999940e+00 1.249910000000000077e+00 1.111029999999999962e+00 1.027239999999999931e+00
1.558959999999999901e+00 1.513940000000000063e+00 1.469770000000000021e+00 1.426399999999999890e+00 1.383720000000000061e+00 1.341590000000000060e+00 1.299940000000000095e+00 1.258920000000000039e+00 1.218860000000000054e+00 1.180409999999999959e+00 1.144539999999999891e+00 1.112130000000000063e+00 1.083599999999999897e+00 1.059099999999999930e+00 1.039039999999999964e+00 1.022960000000000091e+00
1.194350000000000023e+00 1.178479999999999972e+00 1.163240000000000052e+00 1.148640000000000105e+00 1.134619999999999962e+00 1.121159999999999934e+00 1.108190000000000008e+00 1.095720000000000027e+00 1.083820000000000006e+00 1.072529999999999983e+00 1.061849999999999961e+00 1.051749999999999963e+00 1.042259999999999964e+00 1.033509999999999929e+00 1.025930000000000009e+00 1.019930000000000003e+00
1.527390000000000025e+00 1.485789999999999944e+00 1.444960000000000022e+00 1.404789999999999983e+00 1.365150000000000086e+00 1.325919999999999987e+00 1.287039999999999962e+00 1.248629999999999907e+00 1.211009999999999920e+00 1.174849999999999950e+00 1.140980000000000105e+00 1.110200000000000076e+00 1.082950000000000079e+00 1.059239999999999959e+00 1.039789999999999992e+00 1.024529999999999941e+00
2.923599999999999977e+00 2.774640000000000217e+00 2.627949999999999786e+00 2.483820000000000139e+00 2.342340000000000089e+00 2.203520000000000145e+00 2.066969999999999974e+00 1.932190000000000074e+00 1.798689999999999900e+00 1.666369999999999907e+00 1.535420000000000007e+00 1.406470000000000109e+00 1.281479999999999952e+00 1.168660000000000032e+00 1.083299999999999930e+00 1.027279999999999971e+00
1.045099999999999918e+00 1.043679999999999941e+00 1.042270000000000030e+00 1.040869999999999962e+00 1.039460000000000051e+00 1.038040000000000074e+00 1.036589999999999900e+00 1.035120000000000040e+00 1.033630000000000049e+00 1.032129999999999992e+00 1.030629999999999935e+00 1.029139999999999944e+00 1.027660000000000018e+00 1.026240000000000041e+00 1.024929999999999897e+00 1.023760000000000003e+00
1.397149999999999892e+00 1.365250000000000075e+00 1.334179999999999922e+00 1.303919999999999968e+00 1.274380000000000068e+00 1.245470000000000077e+00 1.217090000000000005e+00 1.189249999999999918e+00 1.162160000000000082e+00 1.136109999999999953e+00 1.111539999999999973e+00 1.088829999999999965e+00 1.068210000000000104e+00 1.049930000000000030e+00 1.035069999999999935e+00 1.023779999999999912e+00
1.622870000000000035e+00 1.573639999999999928e+00 1.525379999999999958e+00 1.478089999999999904e+00 1.431580000000000075e+00 1.385680000000000023e+00 1.340200000000000058e+00 1.295109999999999983e+00 1.250529999999999919e+00 1.206939999999999902e+00 1.165280000000000094e+00 1.126949999999999896e+00 1.093169999999999975e+00 1.064419999999999922e+00 1.041590000000000016e+00 1.024650000000000061e+00
1.445710000000000051e+00 1.409599999999999964e+00 1.374230000000000063e+00 1.339569999999999927e+00 1.305500000000000105e+00 1.271959999999999980e+00 1.238899999999999890e+00 1.206460000000000088e+00 1.174930000000000030e+00 1.144859999999999989e+00 1.116989999999999927e+00 1.091890000000000027e+00 1.069749999999999979e+00 1.050729999999999942e+00 1.035130000000000106e+00 1.022699999999999942e+00
1.585539999999999949e+00 1.538370000000000015e+00 1.492119999999999891e+00 1.446769999999999889e+00 1.402179999999999982e+00 1.358249999999999957e+00 1.314850000000000074e+00 1.271980000000000111e+00 1.229870000000000019e+00 1.189060000000000006e+00 1.150539999999999896e+00 1.115480000000000027e+00 1.084780000000000078e+00 1.058789999999999898e+00 1.037910000000000110e+00 1.021779999999999911e+00
1.313080000000000025e+00 1.286929999999999907e+00 1.261570000000000080e+00 1.237000000000000099e+00 1.213200000000000056e+00 1.190150000000000041e+00 1.167799999999999949e+00 1.146169999999999911e+00 1.125529999999999919e+00 1.106130000000000058e+00 1.088119999999999976e+00 1.071600000000000108e+00 1.056540000000000035e+00 1.042829999999999924e+00 1.031039999999999957e+00 1.022029999999999994e+00
2.374070000000000125e+00 2.269390000000000018e+00 2.166279999999999983e+00 2.064849999999999852e+00 1.965000000000000080e+00 1.866570000000000062e+00 1.769179999999999975e+00 1.672430000000000083e+00 1.576070000000000082e+00 1.480080000000000062e+00 1.384789999999999965e+00 1.291029999999999900e+00 1.201149999999999940e+00 1.122190000000000021e+00 1.063469999999999915e+00 1.025099999999999900e+00
1.112829999999999986e+00 1.104800000000000004e+00 1.097169999999999979e+00 1.089879999999999960e+00 1.082889999999999908e+00 1.076140000000000096e+00 1.069579999999999975e+00 1.063190000000000079e+00 1.056950000000000056e+00 1.050890000000000102e+00 1.045029999999999903e+00 1.039390000000000036e+00 1.033989999999999965e+00 1.028920000000000057e+00 1.024459999999999926e+00 1.020739999999999981e+00
3.392119999999999802e+00 3.209420000000000162e+00 3.029329999999999856e+00 2.852170000000000094e+00 2.677960000000000118e+00 2.506569999999999965e+00 2.337619999999999809e+00 2.170599999999999863e+00 2.004950000000000010e+00 1.840449999999999919e+00 1.677149999999999919e+00 1.515519999999999978e+00 1.357290000000000108e+00 1.211780000000000079e+00 1.101059999999999928e+00 1.029840000000000089e+00
1.972560000000000091e+00 1.897359999999999935e+00 1.823369999999999935e+00 1.750660000000000105e+00 1.679179999999999895e+00 1.608719999999999928e+00 1.538990000000000080e+00 1.469649999999999901e+00 1.400560000000000027e+00 1.331870000000000109e+00 1.264119999999999910e+00 1.198499999999999899e+00 1.137620000000000076e+00 1.085530000000000106e+00 1.045469999999999899e+00 1.019020000000000037e+00
1.401159999999999961e+00 1.369180000000000064e+00 1.337849999999999984e+00 1.307099999999999929e+00 1.276820000000000066e+00 1.246950000000000003e+00 1.217489999999999961e+00 1.188609999999999944e+00 1.160649999999999959e+00 1.134100000000000108e+00 1.109469999999999956e+00 1.087150000000000061e+00 1.067090000000000094e+00 1.049369999999999914e+00 1.034799999999999942e+00 1.023430000000000062e+00
2.709480000000000111e+00 2.577809999999999935e+00 2.448389999999999844e+00 2.321279999999999788e+00 2.196349999999999802e+00 2.073339999999999961e+00 1.951740000000000030e+00 1.831090000000000106e+00 1.711019999999999985e+00 1.591509999999999980e+00 1.472990000000000022e+00 1.356589999999999963e+00 1.245440000000000103e+00 1.148349999999999982e+00 1.075369999999999937e+00 1.025419999999999998e+00
3.132509999999999906e+00 2.967849999999999877e+00 2.805919999999999970e+00 2.646879999999999900e+00 2.490650000000000031e+00 2.336969999999999992e+00 2.185350000000000126e+00 2.035239999999999938e+00 1.886139999999999928e+00 1.737980000000000080e+00 1.591059999999999919e+00 1.446199999999999930e+00 1.305509999999999948e+00 1.178109999999999991e+00 1.081620000000000026e+00 1.018389999999999906e+00
4.787069999999999936e+00 4.498190000000000133e+00 4.212760000000000282e+00 3.931290000000000173e+00 3.654139999999999944e+00 3.381639999999999979e+00 3.113609999999999989e+00 2.849660000000000082e+00 2.589319999999999844e+00 2.332329999999999792e+00 2.078650000000000109e+00 1.828289999999999971e+00 1.581609999999999960e+00 1.342799999999999994e+00 1.145499999999999963e+00 1.025830000000000020e+00
2.360970000000000013e+00 2.254750000000000032e+00 2.150389999999999802e+00 2.048020000000000174e+00 1.947610000000000063e+00 1.848999999999999977e+00 1.751810000000000089e+00 1.655629999999999935e+00 1.560119999999999951e+00 1.465270000000000072e+00 1.371539999999999981e+00 1.280070000000000041e+00 1.193699999999999983e+00 1.118840000000000057e+00 1.061760000000000037e+00 1.022450000000000081e+00
2.520729999999999915e+00 2.404189999999999827e+00 2.289309999999999956e+00 2.176260000000000083e+00 2.065090000000000092e+00 1.955659999999999954e+00 1.847650000000000015e+00 1.740569999999999951e+00 1.633979999999999988e+00 1.527779999999999916e+00 1.422250000000000014e+00 1.318219999999999947e+00 1.218169999999999975e+00 1.129480000000000040e+00 1.062950000000000061e+00 1.020729999999999915e+00
1.231239999999999890e+00 1.213349999999999929e+00 1.195910000000000029e+00 1.178879999999999928e+00 1.162230000000000096e+00 1.145960000000000090e+00 1.130139999999999922e+00 1.114870000000000028e+00 1.100230000000000041e+00 1.086359999999999992e+00 1.073369999999999935e+00 1.061369999999999925e+00 1.050429999999999975e+00 1.040620000000000100e+00 1.032280000000000086e+00 1.025400000000000089e+00
1.212809999999999944e+00 1.195899999999999963e+00 1.179610000000000047e+00 1.163920000000000066e+00 1.148789999999999978e+00 1.134179999999999966e+00 1.120069999999999899e+00 1.106530000000000014e+00 1.093620000000000037e+00 1.081399999999999917e+00 1.069900000000000073e+00 1.059099999999999930e+00 1.049020000000000064e+00 1.039760000000000018e+00 1.031840000000000090e+00 1.025439999999999907e+00
1.109089999999999909e+00 1.101699999999999902e+00 1.094670000000000032e+00 1.087960000000000038e+00 1.081530000000000102e+00 1.075290000000000079e+00 1.069199999999999928e+00 1.063209999999999988e+00 1.057320000000000038e+00 1.051539999999999919e+00 1.045879999999999921e+00 1.040350000000000108e+00 1.035029999999999895e+00 1.030119999999999925e+00 1.026019999999999932e+00 1.022799999999999931e+00
1.693789999999999907e+00 1.638309999999999933e+00 1.583979999999999944e+00 1.530790000000000095e+00 1.478630000000000111e+00 1.427340000000000053e+00 1.376740000000000075e+00 1.326789999999999914e+00 1.277590000000000003e+00 1.229610000000000092e+00 1.183699999999999974e+00 1.141080000000000094e+00 1.103180000000000049e+00 1.070889999999999898e+00 1.045179999999999998e+00 1.025719999999999965e+00
