1.470509999999999984e+00 2.228070000000000217e+00 2.610720000000000152e+00 2.302299999999999791e+00 2.079940000000000122e+00 2.061160000000000103e+00 2.198399999999999910e+00 2.154180000000000206e+00 1.919240000000000057e+00 1.943279999999999896e+00 1.782180000000000097e+00
1.361369999999999969e+00 1.695770000000000000e+00 1.848060000000000036e+00 1.759609999999999896e+00 1.661380000000000079e+00 1.629180000000000073e+00 1.713130000000000042e+00 1.650069999999999926e+00 1.555220000000000047e+00 1.601029999999999953e+00 1.553949999999999942e+00
2.902229999999999865e+00 3.210850000000000204e+00 3.286340000000000039e+00 4.071360000000000312e+00 3.714729999999999865e+00 2.447309999999999874e+00 3.833829999999999849e+00 3.802119999999999944e+00 3.071790000000000020e+00 3.155790000000000095e+00 2.754500000000000171e+00
2.007429999999999826e+00 3.123610000000000220e+00 3.932189999999999852e+00 3.137989999999999835e+00 2.873130000000000184e+00 2.755780000000000118e+00 3.065900000000000070e+00 2.580360000000000209e+00 2.353479999999999794e+00 2.395500000000000185e+00 2.130180000000000184e+00
1.330189999999999984e+00 1.649119999999999919e+00 1.790180000000000105e+00 1.696790000000000020e+00 1.614770000000000039e+00 1.578370000000000051e+00 1.647299999999999986e+00 1.629930000000000101e+00 1.518089999999999939e+00 1.570189999999999975e+00 1.532299999999999995e+00
2.052610000000000046e+00 2.988469999999999960e+00 3.741039999999999921e+00 3.215409999999999879e+00 2.971429999999999794e+00 2.683180000000000121e+00 2.876339999999999897e+00 2.649350000000000094e+00 2.449399999999999800e+00 2.458909999999999929e+00 2.163860000000000117e+00
4.369320000000000093e+00 6.252139999999999809e+00 8.399530000000000385e+00 4.221759999999999735e+00 4.100010000000000154e+00 3.198819999999999997e+00 3.413650000000000073e+00 5.449629999999999974e+00 3.113440000000000207e+00 3.864780000000000104e+00 2.625119999999999898e+00
2.523600000000000065e+00 3.932059999999999889e+00 2.983449999999999935e+00 3.886800000000000033e+00 3.552620000000000111e+00 2.572369999999999823e+00 3.023179999999999978e+00 2.356599999999999806e+00 2.945190000000000197e+00 2.940389999999999837e+00 2.530159999999999965e+00
1.491309999999999913e+00 2.405699999999999950e+00 2.670619999999999994e+00 2.364500000000000046e+00 2.148249999999999993e+00 2.118980000000000086e+00 2.270290000000000141e+00 2.150710000000000122e+00 1.906069999999999931e+00 1.922840000000000105e+00 1.781940000000000079e+00
4.616349999999999731e+00 4.765850000000000364e+00 8.522510000000000474e+00 4.404779999999999696e+00 5.366279999999999717e+00 3.696959999999999802e+00 4.120420000000000194e+00 3.332539999999999836e+00 4.183919999999999639e+00 2.665540000000000020e+00 2.358389999999999986e+00
1.543080000000000007e+00 2.476710000000000189e+00 2.674100000000000144e+00 2.514660000000000117e+00 2.242140000000000022e+00 2.259590000000000209e+00 2.181519999999999904e+00 2.142920000000000158e+00 1.964860000000000051e+00 1.999840000000000062e+00 1.879559999999999897e+00
1.467859999999999943e+00 2.352689999999999948e+00 2.674840000000000106e+00 2.196250000000000036e+00 2.182720000000000216e+00 2.121319999999999872e+00 2.204060000000000130e+00 2.018979999999999997e+00 1.911350000000000104e+00 1.886679999999999913e+00 1.749330000000000052e+00
1.633890000000000065e+00 2.076049999999999951e+00 2.362000000000000099e+00 2.164950000000000152e+00 2.008950000000000014e+00 2.001269999999999882e+00 1.996520000000000072e+00 1.967680000000000096e+00 1.813719999999999999e+00 1.849140000000000006e+00 1.759209999999999940e+00
2.951130000000000031e+00 3.247609999999999886e+00 5.226280000000000037e+00 4.263600000000000279e+00 2.914039999999999964e+00 3.744040000000000035e+00 3.063520000000000021e+00 4.625949999999999562e+00 2.810459999999999958e+00 3.216060000000000141e+00 2.683209999999999873e+00
1.386779999999999902e+00 1.760610000000000008e+00 1.917680000000000051e+00 1.769910000000000094e+00 1.697179999999999911e+00 1.656570000000000098e+00 1.727459999999999996e+00 1.710490000000000066e+00 1.568810000000000038e+00 1.610840000000000050e+00 1.560140000000000082e+00
2.151829999999999909e+00 3.827199999999999935e+00 4.243590000000000195e+00 2.884619999999999962e+00 2.073700000000000099e+00 3.204759999999999831e+00 3.182290000000000063e+00 2.985250000000000181e+00 2.429710000000000036e+00 2.538969999999999949e+00 2.273270000000000124e+00
2.414950000000000152e+00 4.432400000000000340e+00 4.342900000000000205e+00 3.919830000000000148e+00 3.406690000000000218e+00 2.565939999999999888e+00 2.567039999999999988e+00 3.400100000000000122e+00 2.784839999999999982e+00 2.809680000000000177e+00 2.454460000000000086e+00
1.525830000000000020e+00 2.450979999999999936e+00 2.653459999999999930e+00 2.473399999999999821e+00 2.199930000000000163e+00 2.210760000000000058e+00 2.177939999999999987e+00 2.128449999999999953e+00 1.930949999999999944e+00 1.963249999999999940e+00 1.857599999999999918e+00
1.946020000000000083e+00 2.846550000000000136e+00 2.944399999999999906e+00 2.718490000000000073e+00 2.478380000000000027e+00 2.374509999999999899e+00 2.381839999999999957e+00 2.320390000000000175e+00 2.099359999999999893e+00 2.135650000000000048e+00 1.986890000000000045e+00
1.806340000000000057e+00 2.767700000000000049e+00 3.408599999999999852e+00 2.011629999999999807e+00 2.401949999999999807e+00 2.510650000000000048e+00 2.710970000000000102e+00 2.329120000000000079e+00 2.244889999999999830e+00 2.184429999999999872e+00 1.908840000000000092e+00
3.379480000000000040e+00 4.642929999999999779e+00 6.232479999999999798e+00 3.280310000000000059e+00 2.566570000000000018e+00 3.668429999999999858e+00 4.581760000000000055e+00 3.542629999999999946e+00 2.315650000000000208e+00 2.933429999999999982e+00 2.566329999999999778e+00
1.452630000000000088e+00 2.285010000000000208e+00 2.554860000000000131e+00 2.230589999999999851e+00 1.985340000000000105e+00 2.107419999999999849e+00 2.200649999999999995e+00 2.045189999999999841e+00 1.837099999999999955e+00 1.905559999999999921e+00 1.780059999999999976e+00
4.550699999999999967e+00 6.787600000000000300e+00 8.189659999999999940e+00 6.469899999999999984e+00 3.961339999999999861e+00 5.422270000000000145e+00 6.135290000000000354e+00 5.359429999999999694e+00 2.876290000000000013e+00 2.680480000000000196e+00 2.505770000000000053e+00
2.106360000000000010e+00 2.954470000000000152e+00 4.109510000000000218e+00 3.156029999999999891e+00 2.873699999999999921e+00 2.785880000000000134e+00 3.227669999999999817e+00 1.805779999999999941e+00 2.495989999999999931e+00 2.552770000000000206e+00 2.223930000000000184e+00
1.367250000000000076e+00 1.700169999999999959e+00 1.843579999999999997e+00 1.769099999999999895e+00 1.672970000000000068e+00 1.624710000000000099e+00 1.694800000000000084e+00 1.650479999999999947e+00 1.551230000000000109e+00 1.601960000000000051e+00 1.560929999999999929e+00
2.474909999999999943e+00 2.801239999999999952e+00 4.399829999999999686e+00 3.962579999999999991e+00 3.579559999999999853e+00 3.495099999999999874e+00 3.466889999999999805e+00 3.480059999999999931e+00 2.881600000000000161e+00 3.015610000000000124e+00 2.633179999999999854e+00
2.897889999999999855e+00 3.380689999999999973e+00 6.118199999999999861e+00 4.649169999999999803e+00 3.765559999999999796e+00 3.924170000000000158e+00 4.678960000000000008e+00 4.047889999999999766e+00 3.217379999999999907e+00 3.275469999999999882e+00 2.978730000000000100e+00
5.490829999999999878e+00 5.724009999999999820e+00 9.990880000000000649e+00 6.130469999999999864e+00 5.034709999999999575e+00 4.082930000000000170e+00 6.283999999999999808e+00 3.822900000000000187e+00 3.382490000000000219e+00 3.022759999999999891e+00 2.646830000000000016e+00
2.414730000000000043e+00 4.013989999999999725e+00 4.594380000000000130e+00 3.789239999999999942e+00 3.281690000000000218e+00 3.448550000000000004e+00 3.481710000000000083e+00 3.378080000000000194e+00 2.685540000000000038e+00 2.959649999999999892e+00 2.516179999999999861e+00
2.847840000000000149e+00 4.404880000000000351e+00 5.477549999999999919e+00 3.141680000000000028e+00 3.393740000000000201e+00 3.476269999999999971e+00 4.482190000000000119e+00 3.600179999999999936e+00 2.892619999999999969e+00 3.012000000000000011e+00 2.612820000000000142e+00
1.396130000000000093e+00 1.731149999999999967e+00 1.887010000000000076e+00 1.802589999999999915e+00 1.713589999999999947e+00 1.663569999999999993e+00 1.702309999999999990e+00 1.675559999999999938e+00 1.582959999999999923e+00 1.624009999999999954e+00 1.581350000000000033e+00
1.230679999999999996e+00 1.938239999999999963e+00 2.096690000000000165e+00 1.979880000000000084e+00 1.834759999999999946e+00 1.802450000000000108e+00 1.846049999999999969e+00 1.820310000000000095e+00 1.672080000000000011e+00 1.709810000000000052e+00 1.647119999999999918e+00
1.147969999999999935e+00 1.875669999999999948e+00 2.031989999999999963e+00 1.902770000000000072e+00 1.785760000000000014e+00 1.726979999999999960e+00 1.792219999999999924e+00 1.780780000000000030e+00 1.641839999999999966e+00 1.668770000000000087e+00 1.599020000000000108e+00
2.218840000000000146e+00 3.046440000000000037e+00 3.255349999999999966e+00 3.023530000000000051e+00 2.532309999999999839e+00 2.661010000000000097e+00 2.595549999999999802e+00 2.551499999999999879e+00 2.231959999999999944e+00 2.293179999999999996e+00 2.053980000000000139e+00
1.814720000000000111e+00 2.891430000000000167e+00 2.651040000000000063e+00 2.694650000000000212e+00 2.652239999999999931e+00 2.617770000000000152e+00 2.542120000000000157e+00 2.592130000000000045e+00 2.253989999999999938e+00 2.272879999999999789e+00 2.135139999999999816e+00
1.459119999999999973e+00 2.289969999999999839e+00 2.514110000000000067e+00 2.176899999999999835e+00 2.175710000000000033e+00 2.079849999999999977e+00 2.093119999999999870e+00 2.069519999999999804e+00 1.920230000000000103e+00 1.932010000000000005e+00 1.833839999999999915e+00
2.236219999999999875e+00 2.084029999999999827e+00 1.951189999999999980e+00 2.680499999999999883e+00 2.750900000000000123e+00 2.755619999999999958e+00 2.857260000000000133e+00 2.666310000000000180e+00 2.409520000000000106e+00 2.438559999999999839e+00 2.201340000000000074e+00
1.930090000000000083e+00 2.993590000000000195e+00 3.229779999999999873e+00 3.114020000000000010e+00 2.105620000000000047e+00 2.805130000000000123e+00 2.791199999999999903e+00 2.622630000000000017e+00 2.327469999999999928e+00 2.514870000000000161e+00 2.209119999999999973e+00
1.402360000000000051e+00 1.726150000000000073e+00 1.860670000000000046e+00 1.810489999999999933e+00 1.730750000000000011e+00 1.670029999999999903e+00 1.759900000000000020e+00 1.668290000000000051e+00 1.588870000000000005e+00 1.632749999999999924e+00 1.589029999999999943e+00
1.904199999999999893e+00 2.888149999999999995e+00 3.160779999999999923e+00 3.087849999999999984e+00 2.802919999999999856e+00 2.933390000000000164e+00 3.327389999999999848e+00 2.625440000000000218e+00 2.338709999999999845e+00 2.532919999999999838e+00 2.259770000000000056e+00
4.346499999999999808e+00 4.593420000000000059e+00 4.041339999999999932e+00 4.197659999999999947e+00 5.658529999999999838e+00 5.297550000000000203e+00 4.954970000000000319e+00 2.897959999999999869e+00 3.622920000000000140e+00 4.356980000000000075e+00 3.949450000000000127e+00
3.317229999999999901e+00 3.383020000000000138e+00 5.806160000000000210e+00 5.227909999999999613e+00 4.533400000000000318e+00 4.446159999999999890e+00 4.741019999999999790e+00 3.851630000000000109e+00 3.529220000000000024e+00 3.771830000000000016e+00 3.138830000000000009e+00
1.521309999999999940e+00 2.279259999999999842e+00 2.534240000000000048e+00 2.360770000000000035e+00 2.265499999999999847e+00 2.165259999999999962e+00 2.208849999999999980e+00 2.080569999999999808e+00 1.914190000000000058e+00 2.006390000000000118e+00 1.897540000000000004e+00
4.328940000000000232e+00 5.706839999999999691e+00 4.346230000000000260e+00 4.332559999999999967e+00 4.472909999999999719e+00 4.742409999999999570e+00 3.615510000000000002e+00 2.854519999999999946e+00 3.640680000000000138e+00 4.983970000000000233e+00 3.888780000000000125e+00
2.083239999999999981e+00 3.121509999999999785e+00 2.977110000000000145e+00 2.839620000000000033e+00 2.624659999999999993e+00 2.768110000000000070e+00 2.624730000000000008e+00 2.562819999999999876e+00 2.269099999999999895e+00 2.282059999999999977e+00 2.099969999999999892e+00
1.331320000000000059e+00 2.035120000000000040e+00 2.197599999999999998e+00 2.101210000000000022e+00 1.945170000000000066e+00 1.905270000000000019e+00 1.988830000000000098e+00 1.856039999999999912e+00 1.799849999999999950e+00 1.832480000000000109e+00 1.752399999999999958e+00
1.337250000000000050e+00 2.141630000000000145e+00 2.278779999999999806e+00 2.107769999999999921e+00 1.992459999999999898e+00 1.920039999999999969e+00 1.956700000000000106e+00 1.922460000000000058e+00 1.784289999999999932e+00 1.821239999999999970e+00 1.743170000000000108e+00
3.072589999999999932e+00 3.040239999999999831e+00 3.159699999999999953e+00 4.423689999999999678e+00 4.023550000000000182e+00 4.175259999999999749e+00 4.064020000000000188e+00 3.764819999999999833e+00 3.395410000000000039e+00 3.541220000000000034e+00 3.050660000000000149e+00
1.355520000000000058e+00 1.667529999999999957e+00 1.769700000000000051e+00 1.729459999999999997e+00 1.663229999999999986e+00 1.612800000000000011e+00 1.710579999999999989e+00 1.615480000000000027e+00 1.551700000000000079e+00 1.597280000000000033e+00 1.558210000000000095e+00
1.803949999999999942e+00 2.809559999999999835e+00 3.132439999999999891e+00 2.833569999999999922e+00 2.506139999999999812e+00 2.466040000000000010e+00 2.561830000000000052e+00 2.411620000000000097e+00 2.198749999999999982e+00 2.242789999999999839e+00 2.094879999999999853e+00
1.883969999999999922e+00 2.917409999999999837e+00 3.048410000000000064e+00 2.731980000000000075e+00 2.749249999999999972e+00 2.631829999999999892e+00 2.759869999999999823e+00 2.587559999999999860e+00 2.319030000000000147e+00 2.358969999999999789e+00 2.176400000000000112e+00
1.727409999999999890e+00 2.912100000000000133e+00 2.781540000000000123e+00 2.645980000000000221e+00 2.546790000000000109e+00 2.536160000000000192e+00 2.390150000000000219e+00 2.367239999999999789e+00 2.178510000000000169e+00 2.167619999999999880e+00 2.024150000000000116e+00
1.674909999999999899e+00 2.777080000000000215e+00 2.789050000000000029e+00 2.578650000000000109e+00 2.453899999999999970e+00 2.371820000000000039e+00 2.353299999999999947e+00 2.315150000000000041e+00 2.073949999999999960e+00 2.130970000000000031e+00 1.992029999999999967e+00
1.702709999999999946e+00 2.782029999999999781e+00 2.759700000000000042e+00 2.627749999999999808e+00 2.336530000000000218e+00 2.557459999999999845e+00 2.493149999999999977e+00 2.272470000000000212e+00 2.192299999999999915e+00 2.271180000000000199e+00 2.071159999999999890e+00
2.240050000000000097e+00 3.160950000000000149e+00 4.146510000000000140e+00 3.534829999999999917e+00 3.219930000000000181e+00 2.900900000000000034e+00 3.221909999999999830e+00 2.962990000000000013e+00 2.623310000000000031e+00 2.815430000000000099e+00 2.435160000000000213e+00
1.946229999999999905e+00 2.638180000000000192e+00 2.910369999999999902e+00 2.631559999999999899e+00 2.335329999999999906e+00 2.363510000000000222e+00 2.388869999999999827e+00 2.297909999999999897e+00 2.052259999999999973e+00 2.123019999999999907e+00 1.983219999999999983e+00
2.879700000000000149e+00 3.709569999999999812e+00 5.105789999999999829e+00 4.355520000000000280e+00 3.069650000000000212e+00 2.629129999999999967e+00 4.617409999999999570e+00 2.324170000000000069e+00 3.195260000000000211e+00 3.286080000000000112e+00 2.874909999999999854e+00
2.151839999999999975e+00 2.311080000000000023e+00 3.910530000000000062e+00 3.456669999999999909e+00 3.124620000000000175e+00 2.203530000000000211e+00 2.254789999999999850e+00 2.811920000000000197e+00 2.589179999999999815e+00 2.770020000000000149e+00 2.441669999999999785e+00
1.402970000000000050e+00 2.244110000000000049e+00 2.409609999999999808e+00 2.147489999999999899e+00 2.105140000000000011e+00 2.003260000000000041e+00 2.060550000000000104e+00 1.996140000000000025e+00 1.863990000000000036e+00 1.894539999999999891e+00 1.800410000000000066e+00
2.503150000000000208e+00 4.030789999999999651e+00 2.674570000000000114e+00 2.563759999999999817e+00 3.667159999999999975e+00 3.493399999999999839e+00 3.179240000000000066e+00 3.453689999999999927e+00 2.932560000000000056e+00 3.007019999999999804e+00 2.687500000000000000e+00
3.365060000000000162e+00 4.377220000000000333e+00 4.894239999999999924e+00 2.869689999999999852e+00 4.047959999999999781e+00 2.857499999999999929e+00 3.976210000000000022e+00 3.701639999999999819e+00 3.108569999999999833e+00 3.226269999999999971e+00 2.887309999999999821e+00
5.581249999999999822e+00 5.720189999999999664e+00 7.909989999999999633e+00 7.238640000000000185e+00 6.961339999999999861e+00 4.572709999999999830e+00 4.096669999999999590e+00 3.546930000000000138e+00 3.533599999999999852e+00 5.391799999999999926e+00 4.423849999999999838e+00
2.634119999999999795e+00 4.430819999999999759e+00 2.634809999999999874e+00 2.658459999999999823e+00 3.708959999999999813e+00 3.746129999999999960e+00 3.609339999999999993e+00 4.442420000000000258e+00 3.031540000000000123e+00 3.167120000000000157e+00 2.776269999999999794e+00
2.769829999999999792e+00 4.397949999999999804e+00 4.649960000000000093e+00 2.783110000000000195e+00 4.063010000000000232e+00 2.832469999999999821e+00 3.387760000000000105e+00 3.792969999999999953e+00 2.987919999999999909e+00 3.274680000000000035e+00 2.919599999999999973e+00
1.506459999999999910e+00 1.906949999999999923e+00 2.063769999999999882e+00 1.939140000000000086e+00 1.869420000000000082e+00 1.810519999999999907e+00 1.836189999999999989e+00 1.805700000000000083e+00 1.693170000000000064e+00 1.726609999999999978e+00 1.664209999999999967e+00
1.758170000000000011e+00 2.680619999999999781e+00 2.996589999999999865e+00 2.970909999999999940e+00 2.537749999999999950e+00 2.709810000000000052e+00 2.502709999999999990e+00 2.475530000000000008e+00 2.232689999999999841e+00 2.236679999999999779e+00 2.083950000000000191e+00
1.391250000000000098e+00 1.706059999999999910e+00 1.747330000000000050e+00 1.712429999999999897e+00 1.730969999999999898e+00 1.665710000000000024e+00 1.708110000000000017e+00 1.675759999999999916e+00 1.588039999999999896e+00 1.641129999999999978e+00 1.588910000000000045e+00
1.751589999999999980e+00 1.926770000000000094e+00 2.880129999999999857e+00 2.752590000000000092e+00 2.611749999999999794e+00 2.560229999999999784e+00 2.442019999999999857e+00 2.449359999999999982e+00 2.116750000000000131e+00 2.222770000000000135e+00 2.042289999999999939e+00
