3.213080000000000158e+00 2.640750000000000153e+00 3.351379999999999804e+00 2.994159999999999933e+00 3.026139999999999830e+00 2.943270000000000053e+00 2.836749999999999883e+00 2.419999999999999929e+00 2.529700000000000060e+00 2.337660000000000071e+00 2.251609999999999889e+00
1.640109999999999957e+00 1.561870000000000092e+00 1.587879999999999958e+00 1.571050000000000058e+00 1.610519999999999952e+00 1.580489999999999950e+00 1.579560000000000075e+00 1.561800000000000077e+00 1.550550000000000095e+00 1.540480000000000071e+00 1.521530000000000049e+00
3.588049999999999962e+00 3.012340000000000018e+00 3.656909999999999883e+00 3.433739999999999792e+00 3.441510000000000069e+00 3.500259999999999927e+00 3.205869999999999997e+00 3.129529999999999923e+00 2.965399999999999814e+00 2.808539999999999814e+00 2.547449999999999992e+00
4.222260000000000346e+00 3.163699999999999957e+00 2.745379999999999932e+00 2.311529999999999863e+00 3.466800000000000104e+00 3.324129999999999807e+00 3.598500000000000032e+00 3.137000000000000011e+00 3.137350000000000083e+00 2.829099999999999948e+00 2.609929999999999861e+00
1.520199999999999996e+00 1.465629999999999988e+00 1.532289999999999930e+00 1.501419999999999977e+00 1.506739999999999968e+00 1.497309999999999919e+00 1.501719999999999944e+00 1.487999999999999989e+00 1.489209999999999923e+00 1.485910000000000064e+00 1.481100000000000083e+00
3.408739999999999881e+00 2.761029999999999873e+00 4.060380000000000322e+00 3.772539999999999782e+00 3.374289999999999790e+00 2.101240000000000219e+00 3.567470000000000141e+00 1.946900000000000075e+00 3.092820000000000125e+00 2.891270000000000007e+00 2.605480000000000018e+00
5.992860000000000298e+00 4.072729999999999961e+00 5.762970000000000148e+00 3.184250000000000025e+00 5.044950000000000045e+00 2.997700000000000031e+00 5.083560000000000301e+00 4.598090000000000011e+00 2.334509999999999863e+00 3.912160000000000082e+00 3.673169999999999824e+00
3.740670000000000162e+00 4.014990000000000059e+00 5.032040000000000290e+00 4.314680000000000071e+00 3.020719999999999850e+00 4.872910000000000075e+00 4.277490000000000236e+00 3.614739999999999842e+00 3.669420000000000126e+00 3.410810000000000120e+00 3.258570000000000189e+00
2.013990000000000169e+00 1.892770000000000064e+00 1.997430000000000039e+00 1.857520000000000060e+00 1.901200000000000001e+00 1.806349999999999900e+00 1.879150000000000098e+00 1.779099999999999904e+00 1.737519999999999953e+00 1.699279999999999902e+00 1.646770000000000067e+00
6.858889999999999709e+00 5.511519999999999975e+00 5.799999999999999822e+00 4.950380000000000003e+00 5.078299999999999592e+00 5.203199999999999825e+00 6.013679999999999914e+00 4.600839999999999819e+00 4.576870000000000438e+00 4.239980000000000082e+00 3.936640000000000139e+00
3.062949999999999839e+00 2.703279999999999905e+00 2.869810000000000194e+00 2.810779999999999834e+00 2.733470000000000066e+00 2.632849999999999913e+00 2.539719999999999978e+00 2.406789999999999985e+00 2.328380000000000116e+00 2.219289999999999985e+00 2.097510000000000208e+00
3.611229999999999940e+00 2.985770000000000035e+00 3.488319999999999865e+00 3.200140000000000207e+00 3.081100000000000172e+00 2.893489999999999895e+00 3.108429999999999804e+00 2.693680000000000074e+00 2.684740000000000126e+00 2.456690000000000040e+00 2.298500000000000210e+00
2.793340000000000156e+00 2.629000000000000004e+00 2.728639999999999954e+00 2.692680000000000184e+00 2.677760000000000140e+00 2.581710000000000171e+00 2.517869999999999830e+00 2.383140000000000036e+00 2.286709999999999798e+00 2.237150000000000194e+00 2.095310000000000006e+00
5.281769999999999854e+00 3.648519999999999985e+00 5.507839999999999847e+00 3.237089999999999801e+00 4.521589999999999776e+00 5.104280000000000150e+00 4.586210000000000342e+00 2.464240000000000208e+00 2.202960000000000029e+00 2.030260000000000176e+00 5.415219999999999700e+00
1.470849999999999991e+00 1.427510000000000057e+00 1.498429999999999929e+00 1.472580000000000000e+00 1.480159999999999920e+00 1.465799999999999992e+00 1.479950000000000099e+00 1.466630000000000100e+00 1.473179999999999934e+00 1.471039999999999903e+00 1.469510000000000094e+00
1.868460000000000010e+00 1.778450000000000086e+00 1.830559999999999965e+00 1.758799999999999919e+00 1.830770000000000008e+00 1.794510000000000050e+00 1.765209999999999946e+00 1.723530000000000006e+00 1.676779999999999937e+00 1.651599999999999957e+00 1.600410000000000110e+00
3.931709999999999816e+00 3.372479999999999922e+00 3.690570000000000128e+00 2.244330000000000158e+00 3.573789999999999800e+00 3.554790000000000116e+00 3.333229999999999915e+00 3.084670000000000023e+00 2.988820000000000032e+00 2.836240000000000094e+00 2.574050000000000171e+00
2.652489999999999792e+00 2.470689999999999831e+00 2.463000000000000078e+00 2.417619999999999880e+00 2.399049999999999905e+00 2.313639999999999919e+00 2.270030000000000214e+00 2.160670000000000091e+00 2.081240000000000201e+00 2.015260000000000051e+00 1.917350000000000110e+00
3.169859999999999900e+00 3.058349999999999902e+00 3.017139999999999933e+00 3.049900000000000055e+00 3.005819999999999936e+00 2.973720000000000141e+00 2.847010000000000041e+00 2.693010000000000126e+00 2.557819999999999983e+00 2.451130000000000031e+00 2.286630000000000162e+00
4.228780000000000427e+00 3.635299999999999976e+00 3.761179999999999968e+00 3.550450000000000106e+00 3.475459999999999994e+00 2.059079999999999799e+00 4.836850000000000094e+00 3.116859999999999964e+00 3.044119999999999937e+00 2.802979999999999805e+00 2.556239999999999846e+00
3.749049999999999994e+00 3.434379999999999988e+00 4.807489999999999597e+00 4.450219999999999843e+00 4.413140000000000285e+00 5.772899999999999920e+00 4.218239999999999768e+00 3.790029999999999788e+00 2.082430000000000003e+00 3.379589999999999872e+00 3.191159999999999997e+00
1.866689999999999960e+00 1.769870000000000054e+00 1.780110000000000081e+00 1.745749999999999913e+00 1.796470000000000011e+00 1.751630000000000020e+00 1.738040000000000029e+00 1.698090000000000099e+00 1.666789999999999994e+00 1.639829999999999899e+00 1.600980000000000070e+00
4.104099999999999859e+00 3.912619999999999987e+00 4.479669999999999597e+00 4.357240000000000002e+00 4.316159999999999997e+00 5.723069999999999879e+00 4.012380000000000280e+00 3.735030000000000072e+00 3.551559999999999828e+00 1.836850000000000094e+00 3.056459999999999955e+00
3.264979999999999993e+00 2.743479999999999919e+00 2.084700000000000220e+00 2.795269999999999921e+00 2.799539999999999917e+00 2.755630000000000024e+00 2.745530000000000026e+00 2.550679999999999836e+00 2.424609999999999932e+00 2.299560000000000048e+00 2.192009999999999792e+00
1.674930000000000030e+00 1.599089999999999900e+00 1.647170000000000023e+00 1.605560000000000098e+00 1.626400000000000068e+00 1.606630000000000003e+00 1.593299999999999939e+00 1.574729999999999963e+00 1.563430000000000097e+00 1.548300000000000010e+00 1.532089999999999952e+00
4.054960000000000342e+00 3.791819999999999968e+00 2.547320000000000029e+00 3.733220000000000205e+00 3.781120000000000037e+00 3.831210000000000004e+00 3.430289999999999839e+00 3.220829999999999860e+00 3.210059999999999913e+00 3.021150000000000002e+00 2.748099999999999987e+00
3.758680000000000021e+00 4.432360000000000078e+00 3.377549999999999830e+00 3.113010000000000055e+00 4.684809999999999697e+00 4.978369999999999962e+00 4.739980000000000082e+00 4.118769999999999598e+00 4.235809999999999853e+00 5.312439999999999607e+00 3.458709999999999951e+00
6.314519999999999911e+00 4.862289999999999779e+00 5.812850000000000072e+00 3.381200000000000205e+00 3.636530000000000040e+00 2.888240000000000141e+00 5.275059999999999860e+00 4.607800000000000118e+00 4.381999999999999673e+00 2.167629999999999946e+00 3.772299999999999986e+00
4.886389999999999567e+00 3.042949999999999822e+00 4.524090000000000167e+00 3.864689999999999959e+00 4.078730000000000189e+00 4.246610000000000440e+00 3.891319999999999890e+00 2.130799999999999805e+00 3.484729999999999883e+00 3.210010000000000030e+00 2.987569999999999837e+00
4.198629999999999640e+00 2.845200000000000173e+00 4.328579999999999650e+00 3.819479999999999986e+00 3.732279999999999820e+00 3.814130000000000020e+00 3.617090000000000138e+00 3.317439999999999944e+00 3.144610000000000127e+00 2.975000000000000089e+00 2.731440000000000090e+00
1.858430000000000026e+00 1.766539999999999999e+00 1.790289999999999937e+00 1.743780000000000108e+00 1.782990000000000075e+00 1.743349999999999955e+00 1.718050000000000077e+00 1.684360000000000079e+00 1.658439999999999914e+00 1.632870000000000044e+00 1.592729999999999979e+00
2.845479999999999787e+00 2.462270000000000181e+00 2.807539999999999925e+00 2.600579999999999892e+00 2.541049999999999809e+00 2.483610000000000095e+00 2.389969999999999928e+00 2.191590000000000149e+00 2.175990000000000091e+00 2.090209999999999901e+00 2.007639999999999869e+00
1.833450000000000024e+00 1.671529999999999960e+00 1.813539999999999930e+00 1.691889999999999894e+00 1.713729999999999976e+00 1.654079999999999995e+00 1.683729999999999949e+00 1.619080000000000075e+00 1.610789999999999944e+00 1.588570000000000038e+00 1.558599999999999985e+00
3.063060000000000116e+00 2.654949999999999921e+00 2.967169999999999863e+00 2.896409999999999929e+00 2.789400000000000102e+00 2.724310000000000009e+00 2.617160000000000153e+00 2.432459999999999845e+00 2.384199999999999875e+00 2.265849999999999920e+00 2.153420000000000112e+00
3.034050000000000136e+00 2.662319999999999798e+00 1.936819999999999986e+00 2.793899999999999828e+00 2.669840000000000213e+00 2.887919999999999821e+00 2.730309999999999793e+00 2.527940000000000076e+00 2.506359999999999921e+00 2.320370000000000044e+00 2.145010000000000083e+00
1.807279999999999998e+00 1.650689999999999991e+00 1.681950000000000056e+00 1.670269999999999921e+00 1.730059999999999931e+00 1.671170000000000044e+00 1.676299999999999901e+00 1.642549999999999955e+00 1.619359999999999911e+00 1.602629999999999999e+00 1.564170000000000060e+00
4.536380000000000301e+00 2.943849999999999856e+00 2.835659999999999847e+00 3.891030000000000211e+00 3.850839999999999819e+00 2.149669999999999970e+00 3.519899999999999807e+00 3.282459999999999933e+00 3.268629999999999924e+00 3.026689999999999880e+00 2.714960000000000040e+00
4.761300000000000310e+00 4.182249999999999801e+00 3.876710000000000100e+00 4.331660000000000288e+00 4.577300000000000146e+00 4.264770000000000394e+00 2.149439999999999795e+00 3.541859999999999786e+00 3.687899999999999956e+00 3.386530000000000040e+00 3.065859999999999808e+00
2.247149999999999981e+00 1.986129999999999951e+00 2.168880000000000141e+00 1.985579999999999901e+00 2.033990000000000187e+00 2.079299999999999926e+00 1.975500000000000034e+00 1.858370000000000077e+00 1.849229999999999929e+00 1.792229999999999990e+00 1.724650000000000016e+00
5.162790000000000212e+00 4.299739999999999895e+00 5.150800000000000267e+00 2.871719999999999828e+00 3.934540000000000148e+00 5.314530000000000420e+00 3.732120000000000104e+00 3.647299999999999986e+00 3.798680000000000057e+00 3.507699999999999818e+00 3.168919999999999959e+00
7.541269999999999918e+00 4.779630000000000045e+00 6.988129999999999953e+00 4.356270000000000309e+00 4.060559999999999725e+00 6.631780000000000008e+00 5.612919999999999909e+00 4.792950000000000266e+00 6.562730000000000175e+00 4.831680000000000419e+00 4.491620000000000168e+00
5.817000000000000171e+00 4.974490000000000300e+00 5.746340000000000003e+00 4.648979999999999890e+00 4.522879999999999789e+00 3.307749999999999968e+00 4.619460000000000122e+00 2.591340000000000199e+00 4.313480000000000203e+00 3.955519999999999925e+00 3.538089999999999957e+00
1.721629999999999994e+00 1.616130000000000067e+00 1.723489999999999966e+00 1.687969999999999970e+00 1.686330000000000107e+00 1.712830000000000075e+00 1.646570000000000089e+00 1.619539999999999980e+00 1.600749999999999895e+00 1.581479999999999997e+00 1.553930000000000033e+00
8.355299999999999727e+00 6.369539999999999758e+00 4.920989999999999753e+00 6.832980000000000054e+00 4.466380000000000017e+00 6.811200000000000365e+00 3.703110000000000124e+00 5.579259999999999664e+00 5.909830000000000361e+00 5.184020000000000294e+00 4.720320000000000071e+00
3.050380000000000091e+00 2.524160000000000181e+00 2.857940000000000147e+00 2.837250000000000050e+00 2.692810000000000148e+00 2.646259999999999835e+00 2.557599999999999874e+00 2.383519999999999861e+00 2.339199999999999946e+00 2.218179999999999819e+00 2.085360000000000102e+00
3.759220000000000006e+00 3.097719999999999807e+00 3.198609999999999953e+00 2.901740000000000208e+00 2.932859999999999800e+00 3.291920000000000179e+00 2.837079999999999824e+00 2.725610000000000088e+00 2.767830000000000013e+00 2.588389999999999969e+00 2.376850000000000129e+00
2.562180000000000124e+00 2.082370000000000054e+00 2.253849999999999909e+00 2.215489999999999959e+00 2.307350000000000012e+00 2.145719999999999850e+00 2.197900000000000187e+00 2.086889999999999912e+00 2.035680000000000156e+00 1.958779999999999966e+00 1.831949999999999967e+00
3.923259999999999970e+00 3.548979999999999801e+00 3.531940000000000079e+00 3.017290000000000028e+00 4.500020000000000131e+00 4.748240000000000016e+00 4.363109999999999822e+00 3.786490000000000133e+00 4.171999999999999709e+00 3.693449999999999900e+00 3.383599999999999941e+00
1.879539999999999988e+00 1.740010000000000057e+00 1.826910000000000034e+00 1.718469999999999942e+00 1.748429999999999929e+00 1.777689999999999992e+00 1.715170000000000083e+00 1.656039999999999957e+00 1.652439999999999909e+00 1.619590000000000085e+00 1.589069999999999983e+00
2.604740000000000055e+00 2.098749999999999893e+00 2.214420000000000055e+00 2.382340000000000124e+00 2.458689999999999820e+00 2.361600000000000144e+00 2.345639999999999947e+00 2.169280000000000097e+00 2.088919999999999888e+00 1.992340000000000000e+00 1.886679999999999913e+00
3.155640000000000001e+00 2.453559999999999963e+00 2.769050000000000011e+00 2.824390000000000178e+00 2.859989999999999810e+00 2.622609999999999886e+00 2.688969999999999860e+00 2.474990000000000023e+00 2.437920000000000087e+00 2.317400000000000126e+00 2.120000000000000107e+00
3.737449999999999939e+00 2.928090000000000082e+00 3.354929999999999968e+00 3.423700000000000188e+00 3.245620000000000172e+00 3.158069999999999933e+00 3.070300000000000029e+00 2.858239999999999892e+00 2.711050000000000182e+00 2.557490000000000041e+00 2.366680000000000117e+00
3.802420000000000133e+00 3.168960000000000221e+00 3.548369999999999802e+00 3.399129999999999985e+00 3.238379999999999814e+00 3.260429999999999939e+00 3.092709999999999848e+00 2.953190000000000204e+00 2.825480000000000214e+00 2.617420000000000080e+00 2.460869999999999891e+00
4.830040000000000333e+00 3.183209999999999873e+00 4.074449999999999683e+00 2.884609999999999896e+00 3.182110000000000216e+00 2.337229999999999919e+00 3.423449999999999882e+00 2.235440000000000094e+00 3.574879999999999836e+00 3.275370000000000115e+00 2.976199999999999957e+00
3.233140000000000125e+00 3.399789999999999868e+00 4.283570000000000100e+00 2.778329999999999966e+00 4.930159999999999876e+00 4.270209999999999617e+00 3.864809999999999857e+00 3.557760000000000034e+00 3.574429999999999996e+00 3.287799999999999834e+00 2.987830000000000208e+00
1.725440000000000085e+00 1.562510000000000066e+00 1.622670000000000057e+00 1.627620000000000067e+00 1.661659999999999915e+00 1.618260000000000032e+00 1.623599999999999932e+00 1.593739999999999934e+00 1.581010000000000026e+00 1.561269999999999936e+00 1.534340000000000037e+00
5.492820000000000036e+00 3.581080000000000041e+00 3.420450000000000212e+00 4.922119999999999607e+00 4.897770000000000401e+00 4.912490000000000023e+00 4.812490000000000379e+00 4.217299999999999827e+00 4.424619999999999997e+00 4.005379999999999718e+00 3.597919999999999785e+00
2.760470000000000201e+00 2.047989999999999977e+00 3.389990000000000059e+00 3.260949999999999793e+00 3.237089999999999801e+00 3.102020000000000000e+00 2.931849999999999845e+00 2.830919999999999881e+00 2.682100000000000151e+00 2.525860000000000216e+00 2.339010000000000034e+00
1.788950000000000040e+00 1.619250000000000078e+00 1.683449999999999891e+00 1.663929999999999909e+00 1.687550000000000106e+00 1.647370000000000001e+00 1.645869999999999944e+00 1.613730000000000109e+00 1.600519999999999943e+00 1.578969999999999985e+00 1.554059999999999997e+00
5.541800000000000281e+00 3.359820000000000029e+00 4.547089999999999854e+00 4.402999999999999581e+00 4.597089999999999677e+00 4.554929999999999701e+00 4.396379999999999733e+00 4.002699999999999925e+00 4.065830000000000055e+00 3.770610000000000017e+00 3.364850000000000119e+00
6.069600000000000328e+00 3.675349999999999895e+00 3.352840000000000042e+00 3.585539999999999949e+00 5.403749999999999609e+00 2.928970000000000073e+00 5.042080000000000339e+00 4.512050000000000338e+00 4.428399999999999892e+00 4.011750000000000149e+00 2.033490000000000020e+00
3.946880000000000166e+00 3.443760000000000154e+00 5.146670000000000300e+00 4.819709999999999717e+00 5.172220000000000262e+00 5.004010000000000069e+00 4.172480000000000189e+00 4.065839999999999677e+00 4.284329999999999750e+00 3.811040000000000205e+00 3.438200000000000145e+00
4.242189999999999905e+00 2.989459999999999784e+00 3.940370000000000150e+00 3.734440000000000204e+00 3.651190000000000158e+00 3.808720000000000105e+00 3.513560000000000016e+00 3.309870000000000090e+00 3.338670000000000027e+00 3.063790000000000013e+00 2.792600000000000193e+00
3.667580000000000062e+00 2.910839999999999872e+00 5.165720000000000312e+00 3.628280000000000172e+00 3.004529999999999923e+00 4.362260000000000026e+00 4.018030000000000435e+00 2.269000000000000128e+00 3.699539999999999829e+00 3.341479999999999784e+00 3.019249999999999989e+00
1.675540000000000029e+00 1.536869999999999958e+00 1.602999999999999980e+00 1.588179999999999925e+00 1.602950000000000097e+00 1.578689999999999927e+00 1.576429999999999998e+00 1.554890000000000105e+00 1.546189999999999953e+00 1.532340000000000035e+00 1.517980000000000107e+00
2.753589999999999982e+00 2.532739999999999991e+00 2.707949999999999857e+00 2.512080000000000091e+00 2.538219999999999921e+00 2.485489999999999977e+00 2.424900000000000055e+00 2.198100000000000165e+00 2.219370000000000065e+00 2.102479999999999905e+00 1.979889999999999928e+00
2.165309999999999846e+00 1.855040000000000022e+00 2.097579999999999778e+00 2.029450000000000198e+00 1.984240000000000004e+00 2.007859999999999978e+00 1.961470000000000047e+00 1.860819999999999919e+00 1.802559999999999940e+00 1.740350000000000064e+00 1.691240000000000077e+00
2.931309999999999860e+00 2.598700000000000010e+00 2.783949999999999925e+00 2.681939999999999991e+00 2.641989999999999839e+00 2.580589999999999939e+00 2.503760000000000208e+00 2.326330000000000009e+00 2.295889999999999986e+00 2.187689999999999912e+00 2.051019999999999843e+00
