2.556299999999999795e+00 1.662979999999999903e+00 2.683269999999999822e+00 2.431430000000000202e+00 2.548760000000000137e+00 1.483100000000000085e+00 2.162609999999999921e+00 2.316619999999999902e+00 2.265839999999999854e+00 2.194960000000000022e+00 2.078089999999999993e+00
2.495089999999999808e+00 1.462820000000000009e+00 2.221620000000000150e+00 2.393860000000000099e+00 2.122990000000000155e+00 1.323260000000000103e+00 1.939279999999999893e+00 1.959039999999999893e+00 2.125630000000000130e+00 2.020119999999999916e+00 1.907100000000000017e+00
4.511120000000000019e+00 2.588260000000000005e+00 4.897190000000000154e+00 2.850830000000000197e+00 3.693789999999999907e+00 2.176229999999999887e+00 3.109360000000000124e+00 2.066889999999999894e+00 3.656439999999999912e+00 3.363300000000000178e+00 3.162780000000000147e+00
3.965090000000000003e+00 2.438709999999999933e+00 3.073090000000000099e+00 3.471839999999999815e+00 3.223110000000000142e+00 2.043829999999999814e+00 2.966190000000000104e+00 2.436280000000000001e+00 3.559280000000000221e+00 3.178729999999999833e+00 2.915280000000000094e+00
1.592279999999999918e+00 1.253400000000000070e+00 1.591099999999999959e+00 1.504820000000000046e+00 1.576049999999999951e+00 1.224860000000000060e+00 1.447000000000000064e+00 1.482629999999999892e+00 1.545269999999999921e+00 1.527490000000000014e+00 1.515770000000000062e+00
2.416619999999999990e+00 1.916279999999999983e+00 3.118580000000000130e+00 2.761760000000000215e+00 2.055940000000000101e+00 1.895529999999999937e+00 2.467900000000000205e+00 2.615229999999999944e+00 2.578800000000000203e+00 2.505170000000000119e+00 2.333340000000000192e+00
4.957480000000000331e+00 2.891169999999999796e+00 5.040090000000000181e+00 2.872850000000000126e+00 3.064400000000000013e+00 2.389229999999999965e+00 2.801579999999999959e+00 3.674770000000000092e+00 4.100520000000000387e+00 3.656179999999999986e+00 3.347350000000000048e+00
4.159279999999999866e+00 2.479299999999999837e+00 2.774169999999999803e+00 3.721470000000000056e+00 3.591489999999999849e+00 2.558199999999999807e+00 2.985170000000000101e+00 3.322740000000000027e+00 3.514839999999999964e+00 3.309579999999999966e+00 2.993290000000000006e+00
2.366140000000000132e+00 1.406139999999999946e+00 2.291720000000000201e+00 2.161900000000000155e+00 2.143800000000000150e+00 1.264760000000000106e+00 1.820440000000000058e+00 1.957440000000000069e+00 2.007890000000000175e+00 1.890449999999999964e+00 1.827970000000000095e+00
5.918919999999999959e+00 3.448030000000000150e+00 6.008829999999999671e+00 3.554469999999999796e+00 5.150789999999999758e+00 2.894530000000000047e+00 3.239219999999999988e+00 4.196810000000000151e+00 2.409920000000000062e+00 4.190809999999999924e+00 3.831170000000000186e+00
3.333309999999999995e+00 1.979289999999999994e+00 2.311290000000000067e+00 3.339999999999999858e+00 3.160200000000000120e+00 1.706420000000000048e+00 2.449380000000000113e+00 2.627149999999999874e+00 2.766719999999999846e+00 2.596620000000000150e+00 2.423070000000000057e+00
2.921190000000000175e+00 1.677389999999999937e+00 2.760219999999999896e+00 2.405660000000000132e+00 2.526600000000000179e+00 1.479279999999999928e+00 2.145020000000000149e+00 2.306360000000000188e+00 2.296030000000000015e+00 2.269460000000000033e+00 2.082920000000000105e+00
3.033539999999999903e+00 1.704059999999999908e+00 2.769140000000000157e+00 2.868710000000000093e+00 2.499169999999999892e+00 1.761079999999999979e+00 2.158889999999999976e+00 2.256200000000000205e+00 2.442229999999999901e+00 2.290200000000000014e+00 2.149709999999999788e+00
3.389200000000000212e+00 2.687429999999999986e+00 3.322309999999999874e+00 3.224709999999999965e+00 2.843960000000000043e+00 2.223910000000000053e+00 3.163959999999999884e+00 3.480339999999999989e+00 2.005679999999999907e+00 3.512960000000000083e+00 3.206669999999999909e+00
1.540680000000000049e+00 1.236429999999999918e+00 1.550040000000000084e+00 1.468299999999999939e+00 1.536289999999999933e+00 1.214229999999999920e+00 1.424849999999999950e+00 1.459629999999999983e+00 1.520669999999999966e+00 1.510040000000000049e+00 1.499309999999999921e+00
4.266860000000000319e+00 2.417489999999999917e+00 2.900310000000000166e+00 3.563569999999999904e+00 3.371220000000000105e+00 2.058009999999999895e+00 3.166700000000000070e+00 2.163149999999999906e+00 3.432100000000000151e+00 3.112820000000000142e+00 2.998619999999999841e+00
3.324770000000000003e+00 1.947000000000000064e+00 3.271850000000000147e+00 3.065679999999999961e+00 2.860790000000000166e+00 1.971919999999999895e+00 2.421250000000000124e+00 2.544890000000000096e+00 2.727850000000000108e+00 2.530170000000000030e+00 2.398190000000000044e+00
2.809709999999999930e+00 1.671070000000000055e+00 2.624779999999999891e+00 2.691139999999999866e+00 2.587969999999999882e+00 1.460450000000000026e+00 2.163980000000000015e+00 2.212509999999999977e+00 2.346280000000000143e+00 2.227440000000000087e+00 2.083270000000000177e+00
3.398179999999999978e+00 2.294789999999999885e+00 3.539590000000000014e+00 3.366940000000000044e+00 3.023159999999999847e+00 1.728590000000000071e+00 2.411000000000000032e+00 2.646999999999999797e+00 2.807319999999999816e+00 2.619099999999999984e+00 2.451259999999999994e+00
3.007019999999999804e+00 1.716900000000000093e+00 2.872630000000000017e+00 2.560919999999999863e+00 2.669789999999999885e+00 1.679059999999999997e+00 2.195469999999999811e+00 2.308829999999999938e+00 2.348139999999999894e+00 4.287139999999999951e+00 2.125119999999999898e+00
2.898740000000000094e+00 3.063330000000000108e+00 5.264990000000000059e+00 4.415280000000000094e+00 3.752400000000000180e+00 2.945110000000000117e+00 3.248720000000000052e+00 3.526730000000000143e+00 4.056739999999999569e+00 3.580379999999999896e+00 3.414719999999999978e+00
2.370769999999999822e+00 1.443030000000000035e+00 2.286010000000000097e+00 2.180769999999999875e+00 2.141519999999999868e+00 1.568130000000000024e+00 1.910730000000000040e+00 1.936269999999999936e+00 2.046930000000000138e+00 1.936970000000000081e+00 1.887420000000000098e+00
6.350290000000000212e+00 4.516070000000000029e+00 6.669459999999999944e+00 4.605690000000000062e+00 4.178420000000000023e+00 3.412949999999999928e+00 4.736989999999999590e+00 3.013549999999999951e+00 2.888910000000000089e+00 2.560960000000000125e+00 4.528929999999999900e+00
2.426099999999999923e+00 1.985170000000000101e+00 3.523719999999999963e+00 2.930800000000000072e+00 3.138830000000000009e+00 1.728879999999999972e+00 2.530899999999999928e+00 2.594240000000000101e+00 2.811890000000000001e+00 2.627499999999999947e+00 2.469549999999999912e+00
1.869110000000000049e+00 1.388679999999999914e+00 1.759200000000000097e+00 1.733819999999999917e+00 1.750599999999999934e+00 1.331350000000000033e+00 1.582289999999999974e+00 1.620789999999999953e+00 1.680099999999999927e+00 1.647420000000000107e+00 1.615760000000000085e+00
3.884189999999999809e+00 3.373050000000000104e+00 5.750399999999999956e+00 5.311630000000000074e+00 4.820809999999999818e+00 2.588810000000000056e+00 2.885120000000000129e+00 2.690020000000000078e+00 4.648049999999999571e+00 4.094149999999999956e+00 3.744369999999999976e+00
5.769370000000000331e+00 4.593740000000000379e+00 4.228810000000000180e+00 5.814899999999999736e+00 3.728819999999999801e+00 2.888469999999999871e+00 3.453730000000000189e+00 2.936440000000000161e+00 5.118759999999999977e+00 4.538899999999999935e+00 4.117460000000000342e+00
6.055320000000000036e+00 4.734910000000000174e+00 7.766499999999999737e+00 4.592590000000000394e+00 5.547410000000000174e+00 3.662160000000000082e+00 4.068889999999999674e+00 3.768209999999999837e+00 5.962189999999999657e+00 2.832069999999999865e+00 2.557580000000000187e+00
3.016779999999999795e+00 2.421780000000000044e+00 4.049299999999999677e+00 2.531530000000000058e+00 3.696190000000000087e+00 2.043280000000000207e+00 2.442270000000000163e+00 3.326080000000000148e+00 3.568160000000000220e+00 3.291189999999999838e+00 2.987359999999999793e+00
4.265080000000000204e+00 2.450380000000000003e+00 2.925209999999999866e+00 3.013059999999999850e+00 3.535989999999999966e+00 2.072360000000000202e+00 2.759409999999999918e+00 3.081989999999999785e+00 3.548179999999999890e+00 1.705130000000000035e+00 2.935410000000000075e+00
1.742220000000000102e+00 1.334260000000000002e+00 1.673640000000000017e+00 1.642439999999999900e+00 1.671650000000000080e+00 1.290280000000000094e+00 1.521200000000000108e+00 1.558740000000000014e+00 1.617199999999999971e+00 1.592859999999999943e+00 1.568929999999999936e+00
2.071740000000000137e+00 1.316389999999999949e+00 2.094539999999999846e+00 1.906300000000000106e+00 2.048239999999999839e+00 1.183370000000000033e+00 1.782739999999999991e+00 1.863560000000000105e+00 1.899499999999999966e+00 1.841280000000000028e+00 1.774620000000000086e+00
1.969489999999999963e+00 1.250380000000000047e+00 2.073729999999999851e+00 1.809900000000000064e+00 1.968960000000000043e+00 1.433720000000000105e+00 1.695689999999999920e+00 1.807080000000000020e+00 1.829970000000000097e+00 1.752809999999999979e+00 1.709480000000000111e+00
2.036319999999999908e+00 1.723340000000000094e+00 2.821089999999999876e+00 2.664719999999999978e+00 2.589920000000000222e+00 1.855329999999999924e+00 2.254830000000000112e+00 2.275729999999999809e+00 2.413720000000000088e+00 2.275079999999999991e+00 2.158729999999999816e+00
3.311690000000000023e+00 1.808950000000000058e+00 2.766859999999999875e+00 2.839199999999999946e+00 2.510279999999999845e+00 1.603739999999999943e+00 2.144029999999999880e+00 2.618599999999999817e+00 2.715689999999999937e+00 2.447210000000000107e+00 2.223679999999999879e+00
2.253760000000000208e+00 1.299039999999999973e+00 2.189929999999999932e+00 1.982750000000000012e+00 1.848100000000000076e+00 1.468869999999999898e+00 1.827569999999999917e+00 1.787029999999999896e+00 1.912479999999999958e+00 1.755819999999999936e+00 1.756320000000000103e+00
4.316250000000000142e+00 2.373949999999999783e+00 4.187229999999999563e+00 3.189519999999999911e+00 3.472570000000000157e+00 2.022679999999999811e+00 2.513230000000000075e+00 3.034870000000000179e+00 3.699710000000000054e+00 3.160120000000000040e+00 2.920259999999999856e+00
3.040999999999999925e+00 1.930970000000000075e+00 3.081920000000000215e+00 2.961250000000000160e+00 2.980820000000000025e+00 1.679550000000000098e+00 2.435319999999999929e+00 2.451109999999999900e+00 2.718900000000000095e+00 2.579730000000000079e+00 2.373930000000000096e+00
1.898609999999999909e+00 1.218180000000000041e+00 1.973610000000000086e+00 1.818850000000000078e+00 1.874069999999999903e+00 1.391629999999999923e+00 1.696180000000000021e+00 1.724969999999999892e+00 1.792980000000000018e+00 1.737970000000000015e+00 1.687100000000000044e+00
3.780670000000000197e+00 2.166170000000000151e+00 3.365540000000000198e+00 3.585119999999999862e+00 3.331980000000000164e+00 1.867119999999999891e+00 2.683879999999999821e+00 2.900189999999999824e+00 3.018710000000000004e+00 2.873909999999999965e+00 2.613659999999999872e+00
6.605389999999999873e+00 4.158870000000000289e+00 5.569869999999999877e+00 4.074220000000000397e+00 3.736099999999999977e+00 3.189210000000000100e+00 3.884419999999999984e+00 4.355900000000000105e+00 6.746749999999999581e+00 4.741290000000000227e+00 2.171839999999999993e+00
5.232730000000000103e+00 3.255370000000000097e+00 4.832279999999999909e+00 4.450560000000000294e+00 3.372910000000000075e+00 2.522749999999999826e+00 3.191089999999999982e+00 3.916760000000000019e+00 4.436429999999999652e+00 3.907119999999999926e+00 3.433460000000000178e+00
2.078450000000000131e+00 1.524820000000000064e+00 2.033310000000000173e+00 1.841869999999999896e+00 1.935110000000000108e+00 1.423319999999999919e+00 1.745049999999999990e+00 1.744969999999999910e+00 1.843069999999999986e+00 1.773779999999999912e+00 1.718750000000000000e+00
5.289010000000000211e+00 4.276049999999999685e+00 3.547219999999999818e+00 5.846779999999999866e+00 5.359110000000000262e+00 3.291510000000000158e+00 3.702580000000000204e+00 3.336770000000000014e+00 2.949549999999999894e+00 4.996629999999999683e+00 2.251069999999999904e+00
2.673490000000000144e+00 2.138419999999999987e+00 3.653589999999999893e+00 3.382929999999999993e+00 3.301849999999999952e+00 2.045690000000000008e+00 2.773660000000000014e+00 3.002969999999999917e+00 3.032230000000000203e+00 2.868240000000000123e+00 2.652699999999999836e+00
3.264159999999999950e+00 1.886980000000000102e+00 3.000300000000000189e+00 2.954800000000000093e+00 2.858699999999999797e+00 1.640360000000000040e+00 2.262109999999999843e+00 2.442759999999999820e+00 2.644740000000000091e+00 2.516099999999999781e+00 2.319139999999999979e+00
2.748720000000000052e+00 1.626139999999999919e+00 2.710869999999999891e+00 2.626149999999999984e+00 2.429170000000000051e+00 1.565860000000000030e+00 2.107899999999999885e+00 2.216759999999999842e+00 2.403789999999999871e+00 2.145319999999999894e+00 2.098180000000000156e+00
6.336789999999999701e+00 4.538879999999999804e+00 4.305109999999999992e+00 4.372449999999999726e+00 3.387859999999999872e+00 3.464290000000000092e+00 3.804030000000000022e+00 4.026559999999999917e+00 6.472500000000000142e+00 4.397020000000000373e+00 3.896910000000000096e+00
1.588929999999999954e+00 1.248289999999999900e+00 1.569239999999999968e+00 1.496420000000000083e+00 1.553479999999999972e+00 1.228630000000000111e+00 1.446569999999999911e+00 1.477540000000000076e+00 1.534389999999999921e+00 1.522739999999999982e+00 1.509360000000000035e+00
3.915869999999999962e+00 2.211619999999999919e+00 2.380729999999999791e+00 3.296839999999999993e+00 3.325499999999999901e+00 1.887150000000000105e+00 2.771319999999999784e+00 2.872850000000000126e+00 3.293810000000000127e+00 2.944850000000000190e+00 2.762620000000000076e+00
3.796139999999999848e+00 2.077700000000000102e+00 3.701249999999999929e+00 3.122599999999999820e+00 2.975699999999999790e+00 1.809250000000000025e+00 2.640219999999999789e+00 2.754360000000000142e+00 3.182119999999999838e+00 2.691349999999999909e+00 2.548950000000000049e+00
3.019719999999999960e+00 1.916080000000000005e+00 2.187679999999999847e+00 2.983999999999999986e+00 2.968919999999999781e+00 1.666290000000000049e+00 2.422959999999999781e+00 2.581189999999999873e+00 2.706049999999999844e+00 2.476240000000000219e+00 2.305419999999999803e+00
2.788940000000000197e+00 2.252730000000000121e+00 3.987540000000000084e+00 3.562730000000000175e+00 3.521900000000000031e+00 2.189480000000000093e+00 2.651569999999999983e+00 3.039470000000000116e+00 3.401299999999999990e+00 2.956679999999999975e+00 2.749390000000000001e+00
3.223599999999999799e+00 1.887340000000000018e+00 2.971540000000000070e+00 3.014870000000000161e+00 2.958759999999999835e+00 1.812959999999999905e+00 2.377860000000000085e+00 2.425269999999999815e+00 2.626199999999999868e+00 2.526699999999999946e+00 2.310830000000000162e+00
3.141140000000000043e+00 2.716549999999999798e+00 4.063119999999999621e+00 4.204900000000000304e+00 4.076559999999999739e+00 2.156359999999999832e+00 3.203050000000000175e+00 2.432640000000000136e+00 1.876279999999999948e+00 3.437030000000000030e+00 3.136940000000000062e+00
2.278129999999999988e+00 1.662989999999999968e+00 2.192460000000000075e+00 2.083590000000000053e+00 2.131479999999999819e+00 1.259200000000000097e+00 1.862069999999999892e+00 1.906500000000000083e+00 1.981179999999999941e+00 1.885699999999999932e+00 1.823649999999999993e+00
5.140810000000000102e+00 4.210180000000000256e+00 4.576749999999999652e+00 4.322580000000000311e+00 4.812389999999999723e+00 3.043099999999999916e+00 3.570580000000000087e+00 4.257500000000000284e+00 5.450009999999999799e+00 4.641149999999999665e+00 4.324089999999999989e+00
2.575649999999999995e+00 1.998450000000000060e+00 3.356199999999999850e+00 2.723629999999999995e+00 2.756709999999999994e+00 1.730420000000000069e+00 2.281280000000000197e+00 2.587499999999999911e+00 2.852069999999999883e+00 2.598640000000000061e+00 2.534040000000000070e+00
1.970229999999999926e+00 1.422779999999999934e+00 1.919720000000000093e+00 1.781689999999999996e+00 1.778250000000000108e+00 1.353359999999999896e+00 1.654420000000000002e+00 1.646439999999999904e+00 1.704409999999999981e+00 1.664260000000000073e+00 1.651790000000000092e+00
4.599779999999999980e+00 2.905110000000000081e+00 6.014730000000000132e+00 3.261089999999999822e+00 3.860559999999999992e+00 2.373829999999999885e+00 3.235660000000000203e+00 3.774010000000000087e+00 4.388849999999999696e+00 3.745550000000000157e+00 3.435130000000000017e+00
7.017719999999999736e+00 5.402129999999999654e+00 7.223650000000000126e+00 6.294450000000000323e+00 3.973570000000000046e+00 3.283749999999999947e+00 4.207239999999999647e+00 3.460480000000000000e+00 7.081789999999999807e+00 2.709319999999999951e+00 4.571860000000000035e+00
7.728600000000000136e+00 4.970559999999999867e+00 7.517109999999999737e+00 4.988520000000000287e+00 4.687509999999999621e+00 4.423650000000000304e+00 4.331710000000000171e+00 3.574149999999999938e+00 6.239880000000000315e+00 5.614399999999999835e+00 4.757139999999999702e+00
3.202570000000000139e+00 2.523260000000000058e+00 2.658129999999999882e+00 3.756609999999999783e+00 3.597350000000000048e+00 2.106279999999999930e+00 3.220219999999999860e+00 3.288860000000000117e+00 3.733540000000000081e+00 3.407480000000000064e+00 3.058190000000000186e+00
3.427849999999999842e+00 2.794039999999999857e+00 3.529669999999999863e+00 3.586489999999999956e+00 3.750309999999999810e+00 2.204219999999999846e+00 3.021479999999999944e+00 3.495229999999999837e+00 3.938550000000000217e+00 3.525570000000000093e+00 3.155260000000000176e+00
2.055029999999999912e+00 1.225400000000000045e+00 2.071299999999999919e+00 1.855320000000000080e+00 1.882579999999999920e+00 1.412889999999999979e+00 1.741619999999999946e+00 1.720720000000000027e+00 1.791670000000000096e+00 1.735109999999999930e+00 1.688539999999999930e+00
2.242309999999999803e+00 2.185830000000000162e+00 2.935939999999999994e+00 2.838589999999999947e+00 2.641640000000000210e+00 1.725850000000000106e+00 2.350039999999999907e+00 2.573500000000000121e+00 2.587849999999999984e+00 2.419970000000000176e+00 2.232730000000000103e+00
1.756310000000000038e+00 1.410309999999999953e+00 1.711719999999999908e+00 1.767120000000000024e+00 1.780489999999999906e+00 1.347720000000000029e+00 1.622570000000000068e+00 1.628959999999999964e+00 1.706590000000000051e+00 1.656369999999999898e+00 1.619010000000000060e+00
2.893870000000000164e+00 1.989270000000000094e+00 3.193680000000000074e+00 2.770659999999999901e+00 2.963659999999999961e+00 1.727409999999999890e+00 2.593319999999999848e+00 2.716200000000000170e+00 2.823259999999999881e+00 2.568839999999999790e+00 2.409050000000000136e+00
