-0.75111962301504986428 -0.62697714044296148916 0.2066856968532080896
-0.035460706273408255929 0.089045540560683061893 0.99539611713972786511
-0.37059713939657790149 -0.067751500104263936985 0.92631932642296477276
-0.099605211656936573639 -0.97737491988021141243 0.18659332195962155532
-0.96971226392016429685 -0.012209973114217153797 -0.24394475144872332373
-0.70660807374776601897 -0.70050368348642477745 -0.099998097664017543407
-0.49769158197514262731 -0.79805378533826520915 0.33972524919167540469
-0.89155750544227319043 -0.44356439617541026932 -0.091519620492520270538
-0.16069284204402256577 -0.8556469027854797238 0.49198189831479627321
-0.33699510157926187981 -0.94150626815424487415 0.00049853570561759217097
-0.47930168950164842023 0.70871592155863361029 0.51767908299463105681
-0.2215348743171392798 -0.9747242349234757075 -0.028895766370426418518
-0.17010591277363032447 0.78231297950772149541 0.59920812789313993019
-0.90946497394205760845 -0.40551609221087425716 0.091815903473166704529
-0.70000910145190897715 -0.71412557016755229267 -0.0034536817107325293655
-0.050364345780758053295 -0.55244307235993328487 0.8320276945364222243
-0.65685688790244489699 0.092677838343824772704 0.74829796678531124154
-0.65505395207560357385 0.58783936559155836044 0.47470959557507058646
-0.66164537907522880111 0.36026401993708401239 0.65759807503304712473
-0.16874053606059144506 -0.98382452078704718534 0.060132718116856435919
-0.48457298522381447858 -0.46787646280365807749 0.73910800127289799644
-0.055794307657919463284 -0.49608247753537426661 0.8664809119163202622
-0.44229363295082146923 -0.33502578173332059341 0.83194595246634950314
-0.12986245665546428119 -0.84945913646446646883 0.51142440089269358694
-0.052025504607752730279 0.61615314833532830452 0.78590625692048765583
-0.38382399990943527612 0.45861364380954883213 0.80146906540754891957
-0.084814121281484050607 0.10906433282798418116 0.9904097819266711733
-0.25642051745201338564 -0.81364016854739285023 0.52176450085820469393
-0.91333957210497962453 -0.26168301582454339682 0.31198209124253351021
-0.6703310906014523507 -0.52368795510633914247 0.525744381472221467
-0.037432324220810740678 0.81763360939312834663 0.574520758453681335
-0.86605807339516427401 0.49978253936600808283 -0.012681752714856660974
-0.79280803107501496285 -0.38582071670750645032 0.47180271345368934854
-0.7820415598327916662 -0.0504129342252670129 0.62118397818769677254
0.71992148412629886067 -0.65748115019501429668 0.22233217003310201676
0.11884585789147572576 0.066999609922428093878 0.9906496425741452283
0.48221824906104188146 -0.18145272163218431616 0.85705336478236637809
0.0048104860338086989982 -0.99107986482891174962 0.1331824341075969198
0.91429420415365059149 -0.13301178103212535353 -0.38258851832968604478
0.57461596098275813382 -0.80218212027932489505 -0.16223545632206357037
0.44562705192563167866 -0.83859387324232859129 0.31333184701287541962
0.82604960071439226255 -0.54118721389932811228 -0.15734820199632343352
0.092845486739990573666 -0.88148247093391463025 0.46299931860452536725
0.25891080660108789502 -0.96551722370425596687 -0.027233893507903176451
0.60384079542988255973 0.61670038036961205563 0.50503161745239566471
0.13648445947422241376 -0.988795328326061429 -0.060463137551616454035
0.15969608102247973003 0.78198757060245238648 0.60248867302990505301
0.89705827100954083075 -0.44109120454236094844 0.026925966811652126548
0.60450445689836052043 -0.79560750273108904462 -0.039787726600274297972
0.093288818751124297224 -0.58296483107580276961 0.80712403137608312864
0.74035321581632185239 0.019641142092750526332 0.67193105402840469509
0.72003077874263643476 0.5344330038151683393 0.44264776300843200474
0.74923381831478308435 0.29300591251091340217 0.59396651481973083975
0.062335343651795466213 -0.99764453642362560526 0.028630121828270068546
0.50994162858016300888 -0.51300748915572269571 0.69049464263754600779
0.094995595393574550069 -0.54844717382012531104 0.83077164996437957711
0.47709990381287215033 -0.39023823915333916146 0.78745780743113436007
0.097339921434102513742 -0.85877242749251014864 0.50302570259761503202
0.11801975024442579176 0.54267773302850497164 0.83160821101483006768
0.49650002100391216198 0.39586496856930486477 0.77251450200157301129
0.22048558256636410779 0.028273448981171137029 0.97498036901420759293
0.19480023066582372038 -0.85805123808796734952 0.47518516701202723196
0.92910193373695904029 -0.27943011563015784926 0.24225690331786176035
0.6612247561201223256 -0.57978670107716656634 0.47605588237930751561
0.17585152356145616892 0.78587047320915159876 0.59286072647725507334
0.87378456059765086117 0.47613598619731767325 -0.098970017222781592192
0.77275719967787070974 -0.48024408192856427036 0.41498425526591503631
0.8299214901974757419 -0.14915576880589526132 0.53757127596284681736
