-5.050010000000000332e+01 -4.209190000000000254e+01 1.452100000000000080e+01
4.536999999999999922e-01 6.297799999999999621e+00 5.464770000000000039e+01
-2.778180000000000049e+01 -6.174000000000000377e+00 7.035280000000000200e+01
-4.616799999999999571e+00 -7.933689999999999998e+01 1.561819999999999986e+01
-2.500880000000000081e+01 -4.664400000000000213e-01 -7.368800000000000239e+00
-3.647910000000000252e+01 -3.611469999999999914e+01 -5.557400000000000340e+00
-4.176019999999999754e+01 -6.791620000000000346e+01 2.887150000000000105e+01
-4.988569999999999993e+01 -2.587140000000000128e+01 -5.467100000000000293e+00
-9.308400000000000674e+00 -4.765010000000000190e+01 2.607349999999999923e+01
-3.214719999999999800e+01 -8.292340000000000089e+01 2.642799999999999816e+00
-1.902980000000000160e+01 2.925649999999999906e+01 2.093479999999999919e+01
-1.479879999999999995e+01 -6.344659999999999656e+01 -4.133499999999999730e+00
-9.627299999999999969e+00 2.674419999999999931e+01 1.911809999999999832e+01
-5.490180000000000149e+01 -2.321519999999999939e+01 9.711299999999999599e+00
-2.527609999999999957e+01 -2.607740000000000080e+01 -5.678999999999999604e-01
-4.135299999999999976e+00 -4.609329999999999927e+01 6.850650000000000261e+01
-4.187109999999999843e+01 9.541900000000000048e+00 4.764229999999999876e+01
-3.397240000000000038e+01 3.119030000000000058e+01 2.592650000000000077e+01
-4.296779999999999688e+01 2.478869999999999862e+01 3.910399999999999920e+01
-1.296840000000000082e+01 -7.633729999999999905e+01 5.142500000000000071e+00
-3.764200000000000301e+01 -3.537859999999999872e+01 5.785280000000000200e+01
-3.096099999999999852e+00 -3.075619999999999976e+01 5.346869999999999834e+01
-3.291660000000000252e+01 -2.513109999999999999e+01 6.236319999999999908e+01
-1.027549999999999919e+01 -6.536679999999999779e+01 3.798879999999999768e+01
-7.114399999999999613e-01 2.775949999999999918e+01 3.551129999999999853e+01
-2.412640000000000029e+01 3.341799999999999926e+01 5.559590000000000032e+01
-3.277899999999999814e+00 9.880200000000000315e+00 6.840120000000000289e+01
-2.353209999999999980e+01 -7.276749999999999829e+01 4.622699999999999676e+01
-5.225229999999999819e+01 -1.538039999999999985e+01 1.555659999999999954e+01
-5.213909999999999911e+01 -3.929879999999999995e+01 3.769310000000000116e+01
-2.975900000000000212e+00 5.403179999999999694e+01 3.628370000000000317e+01
-2.837910000000000110e+01 1.651160000000000139e+01 4.022999999999999687e+00
-4.349049999999999727e+01 -2.107610000000000028e+01 2.572319999999999851e+01
-3.605760000000000076e+01 -1.112999999999999989e+00 3.037600000000000122e+01
4.728770000000000095e+01 -4.319740000000000180e+01 1.443820000000000014e+01
5.924000000000000377e+00 3.786399999999999988e+00 5.568950000000000244e+01
3.666640000000000299e+01 -1.432760000000000034e+01 6.377680000000000149e+01
4.042200000000000237e-01 -8.273619999999999663e+01 1.156559999999999988e+01
1.927179999999999893e+01 -2.327199999999999935e+00 -8.903299999999999770e+00
3.043329999999999913e+01 -4.343840000000000146e+01 -8.744799999999999685e+00
4.190149999999999864e+01 -7.384850000000000136e+01 2.816169999999999973e+01
4.181309999999999860e+01 -3.181800000000000139e+01 -1.044790000000000063e+01
3.697599999999999998e+00 -4.829780000000000229e+01 2.385389999999999944e+01
2.231449999999999889e+01 -8.655849999999999511e+01 2.075800000000000090e+00
2.367709999999999937e+01 2.381319999999999837e+01 1.983859999999999957e+01
9.385099999999999554e+00 -6.450360000000000582e+01 -5.681000000000000050e+00
6.727500000000000036e+00 3.303459999999999752e+01 2.499559999999999960e+01
5.222079999999999700e+01 -2.604240000000000066e+01 2.790799999999999947e+00
2.078209999999999980e+01 -2.846349999999999980e+01 -1.894800000000000040e+00
7.864600000000000257e+00 -4.319980000000000331e+01 6.575849999999999795e+01
4.652900000000000347e+01 5.985199999999999854e+00 4.209420000000000073e+01
4.168119999999999692e+01 3.076760000000000161e+01 2.550430000000000064e+01
4.584219999999999828e+01 1.870299999999999940e+01 3.551709999999999923e+01
5.754199999999999982e+00 -7.957470000000000709e+01 1.591699999999999893e+00
4.007809999999999917e+01 -4.169650000000000034e+01 5.498669999999999902e+01
2.428599999999999870e+00 -3.340749999999999886e+01 5.002729999999999677e+01
3.640120000000000289e+01 -3.258890000000000242e+01 5.779809999999999803e+01
7.289399999999999658e+00 -6.753969999999999629e+01 3.828040000000000020e+01
4.716499999999999915e+00 2.507679999999999865e+01 3.895519999999999783e+01
3.455859999999999843e+01 2.623819999999999908e+01 5.092269999999999897e+01
1.362540000000000084e+01 3.088000000000000078e+00 7.064090000000000202e+01
1.743690000000000140e+01 -7.778929999999999723e+01 4.305720000000000169e+01
5.023490000000000322e+01 -1.490700000000000003e+01 1.216890000000000072e+01
4.991510000000000247e+01 -4.395629999999999882e+01 3.626120000000000232e+01
1.144909999999999961e+01 5.235410000000000252e+01 3.866550000000000153e+01
2.702840000000000131e+01 1.722579999999999956e+01 -7.404799999999999827e+00
4.199069999999999681e+01 -2.458289999999999864e+01 2.265249999999999986e+01
3.838470000000000226e+01 -7.166800000000000281e+00 2.056330000000000169e+01
