3.106380000000000141e+00 2.385229999999999961e+00 2.674209999999999976e+00 2.383630000000000138e+00 2.860390000000000210e+00 2.837759999999999838e+00 2.538170000000000037e+00 2.323650000000000215e+00 2.396020000000000039e+00 2.192909999999999915e+00 2.066759999999999931e+00
2.359469999999999956e+00 1.940059999999999896e+00 2.129820000000000046e+00 1.881510000000000016e+00 1.929810000000000025e+00 2.012970000000000148e+00 1.931729999999999947e+00 1.811320000000000041e+00 1.847839999999999927e+00 1.791690000000000005e+00 1.734080000000000066e+00
5.292110000000000092e+00 3.126349999999999962e+00 4.481270000000000309e+00 2.778300000000000214e+00 4.308729999999999727e+00 4.516320000000000334e+00 3.876500000000000057e+00 3.432869999999999866e+00 3.808609999999999829e+00 3.261449999999999960e+00 3.090310000000000112e+00
4.238990000000000258e+00 3.313369999999999926e+00 3.858729999999999993e+00 2.213389999999999969e+00 4.853760000000000296e+00 3.724239999999999995e+00 2.205169999999999852e+00 2.798789999999999889e+00 3.160610000000000142e+00 2.646150000000000002e+00 2.682430000000000092e+00
2.039429999999999854e+00 1.927839999999999998e+00 2.050199999999999800e+00 1.797309999999999963e+00 2.065220000000000056e+00 1.883999999999999897e+00 1.885450000000000070e+00 1.795179999999999998e+00 1.785390000000000033e+00 1.729670000000000041e+00 1.716439999999999966e+00
2.673760000000000137e+00 3.328549999999999898e+00 3.765150000000000219e+00 2.589249999999999829e+00 5.209769999999999790e+00 1.865590000000000082e+00 3.479359999999999786e+00 2.898010000000000197e+00 1.895010000000000083e+00 2.700810000000000155e+00 2.773130000000000095e+00
4.227560000000000429e+00 4.239130000000000287e+00 6.114099999999999646e+00 5.184309999999999974e+00 6.325339999999999741e+00 5.505230000000000068e+00 4.626050000000000217e+00 4.030840000000000423e+00 4.712159999999999904e+00 3.916990000000000194e+00 2.140000000000000124e+00
4.490149999999999864e+00 3.591479999999999784e+00 3.708270000000000177e+00 3.208540000000000170e+00 5.226810000000000400e+00 4.056099999999999817e+00 3.499929999999999986e+00 3.170920000000000183e+00 3.288110000000000088e+00 2.855949999999999989e+00 2.776569999999999983e+00
2.583720000000000017e+00 2.016340000000000021e+00 2.374709999999999877e+00 1.918840000000000101e+00 2.234910000000000174e+00 2.258739999999999970e+00 2.046619999999999884e+00 1.929629999999999956e+00 2.007890000000000175e+00 1.888630000000000031e+00 1.847320000000000073e+00
4.549000000000000377e+00 4.778850000000000264e+00 4.018449999999999633e+00 4.892960000000000420e+00 7.082629999999999981e+00 2.934450000000000003e+00 4.722170000000000201e+00 3.191240000000000077e+00 5.114679999999999893e+00 2.817680000000000184e+00 4.123960000000000292e+00
3.501209999999999933e+00 2.480459999999999887e+00 3.053450000000000220e+00 2.689750000000000085e+00 2.855269999999999975e+00 2.878130000000000077e+00 2.552989999999999871e+00 2.405619999999999870e+00 2.509300000000000086e+00 2.267669999999999852e+00 2.174949999999999939e+00
2.924199999999999910e+00 2.485949999999999882e+00 2.660789999999999988e+00 2.342449999999999921e+00 2.773120000000000029e+00 2.527670000000000083e+00 2.375119999999999898e+00 2.174980000000000135e+00 2.255549999999999944e+00 2.030689999999999884e+00 2.030089999999999950e+00
3.040049999999999919e+00 2.273029999999999884e+00 2.527820000000000178e+00 2.283879999999999910e+00 2.421720000000000095e+00 2.596309999999999896e+00 2.323879999999999946e+00 2.116389999999999993e+00 2.242900000000000116e+00 2.079579999999999984e+00 1.998699999999999921e+00
5.572499999999999787e+00 3.517440000000000122e+00 3.348679999999999879e+00 3.364710000000000090e+00 5.930550000000000210e+00 4.921529999999999738e+00 3.940920000000000201e+00 3.434919999999999973e+00 3.913180000000000103e+00 3.409050000000000136e+00 3.179580000000000073e+00
1.759409999999999918e+00 1.615899999999999892e+00 1.711729999999999974e+00 1.551520000000000010e+00 1.697889999999999899e+00 1.667880000000000029e+00 1.631399999999999961e+00 1.597699999999999898e+00 1.607150000000000079e+00 1.579139999999999988e+00 1.569379999999999997e+00
3.763459999999999805e+00 3.007280000000000175e+00 3.043730000000000047e+00 2.845279999999999809e+00 2.976109999999999811e+00 3.427049999999999930e+00 3.003429999999999822e+00 2.529949999999999921e+00 2.817530000000000090e+00 2.482060000000000155e+00 2.411999999999999922e+00
4.601679999999999993e+00 2.723800000000000221e+00 3.523559999999999803e+00 3.378909999999999858e+00 2.286109999999999864e+00 3.875690000000000079e+00 3.266000000000000014e+00 2.874280000000000168e+00 3.172579999999999956e+00 2.868829999999999991e+00 2.647390000000000132e+00
3.090980000000000061e+00 2.334470000000000045e+00 2.622069999999999901e+00 2.338260000000000005e+00 2.543460000000000054e+00 2.520020000000000149e+00 2.260510000000000019e+00 2.196750000000000203e+00 2.241010000000000169e+00 2.093259999999999899e+00 2.002409999999999801e+00
3.834400000000000031e+00 2.648159999999999847e+00 3.301530000000000076e+00 2.136239999999999917e+00 2.960030000000000161e+00 3.119429999999999925e+00 2.741979999999999862e+00 2.508080000000000087e+00 2.684039999999999981e+00 2.420189999999999841e+00 2.281140000000000168e+00
3.974429999999999907e+00 3.075480000000000214e+00 3.326119999999999965e+00 2.313470000000000137e+00 3.623279999999999834e+00 3.455490000000000173e+00 2.869610000000000216e+00 2.658380000000000187e+00 2.838010000000000144e+00 2.446410000000000196e+00 2.447150000000000158e+00
3.562009999999999899e+00 3.915119999999999933e+00 3.054930000000000145e+00 2.984010000000000051e+00 4.050139999999999851e+00 4.904880000000000351e+00 4.058469999999999800e+00 3.294130000000000003e+00 3.844549999999999912e+00 2.067619999999999791e+00 3.241760000000000197e+00
2.672849999999999948e+00 2.239390000000000214e+00 2.414330000000000087e+00 2.057879999999999932e+00 2.225499999999999812e+00 2.338569999999999816e+00 2.099540000000000184e+00 1.979479999999999906e+00 2.059260000000000090e+00 1.936069999999999958e+00 1.883760000000000101e+00
6.564519999999999911e+00 4.258029999999999760e+00 3.997500000000000053e+00 3.382839999999999847e+00 3.270150000000000112e+00 5.806320000000000370e+00 4.600859999999999950e+00 2.916450000000000209e+00 4.759290000000000020e+00 3.810610000000000053e+00 3.744159999999999933e+00
5.086990000000000123e+00 3.827669999999999906e+00 4.847690000000000055e+00 2.697859999999999925e+00 3.942009999999999792e+00 4.118039999999999701e+00 2.464329999999999909e+00 3.036099999999999799e+00 3.532880000000000020e+00 3.035000000000000142e+00 2.939929999999999932e+00
2.601319999999999855e+00 1.995770000000000044e+00 2.285369999999999902e+00 1.951370000000000049e+00 2.083940000000000126e+00 2.183689999999999909e+00 2.034409999999999830e+00 1.909499999999999975e+00 1.967910000000000048e+00 1.886500000000000066e+00 1.817369999999999930e+00
6.226399999999999935e+00 3.577830000000000066e+00 4.500409999999999577e+00 3.950569999999999915e+00 4.576130000000000031e+00 2.581920000000000215e+00 2.847459999999999880e+00 3.446079999999999810e+00 4.040309999999999846e+00 3.508080000000000087e+00 3.371329999999999938e+00
7.033459999999999823e+00 4.124970000000000248e+00 5.591540000000000177e+00 3.819780000000000175e+00 3.263809999999999878e+00 5.753919999999999924e+00 4.221960000000000157e+00 2.967179999999999929e+00 4.617270000000000429e+00 3.772870000000000168e+00 3.873029999999999973e+00
7.091510000000000424e+00 4.706249999999999822e+00 6.714940000000000353e+00 3.981910000000000061e+00 4.097769999999999690e+00 2.964379999999999793e+00 5.127530000000000143e+00 3.104830000000000201e+00 5.078240000000000087e+00 3.770309999999999828e+00 3.928589999999999804e+00
5.521580000000000155e+00 4.147770000000000401e+00 3.130900000000000016e+00 2.745400000000000063e+00 5.356499999999999595e+00 4.637019999999999698e+00 3.948749999999999982e+00 3.454149999999999832e+00 3.828679999999999861e+00 3.243219999999999992e+00 3.142300000000000093e+00
2.826769999999999783e+00 3.520750000000000046e+00 4.076690000000000147e+00 2.781239999999999934e+00 2.748540000000000205e+00 4.226969999999999672e+00 3.494969999999999910e+00 2.152849999999999930e+00 3.462559999999999860e+00 2.993419999999999970e+00 2.887439999999999785e+00
2.141340000000000021e+00 1.813909999999999911e+00 1.944639999999999924e+00 1.758839999999999959e+00 1.835860000000000047e+00 1.850719999999999921e+00 1.806510000000000060e+00 1.718259999999999899e+00 1.743330000000000046e+00 1.704239999999999977e+00 1.660069999999999935e+00
2.730160000000000142e+00 2.293149999999999800e+00 2.527750000000000163e+00 2.271929999999999783e+00 2.659289999999999932e+00 2.434919999999999973e+00 2.298299999999999788e+00 2.143699999999999939e+00 2.172719999999999985e+00 2.023080000000000211e+00 1.976499999999999924e+00
2.422180000000000000e+00 2.028540000000000010e+00 2.046279999999999877e+00 1.937580000000000080e+00 2.264790000000000081e+00 2.132219999999999782e+00 2.028919999999999835e+00 1.921580000000000066e+00 1.908979999999999899e+00 1.840789999999999926e+00 1.778680000000000039e+00
3.675469999999999793e+00 2.765829999999999789e+00 3.135740000000000194e+00 2.578860000000000152e+00 3.083289999999999864e+00 3.254620000000000068e+00 2.850760000000000183e+00 2.515270000000000117e+00 2.690220000000000056e+00 2.417460000000000164e+00 2.314109999999999889e+00
3.100769999999999804e+00 2.530839999999999979e+00 2.462709999999999955e+00 2.673869999999999969e+00 2.864590000000000192e+00 2.902680000000000149e+00 2.357670000000000154e+00 2.328320000000000167e+00 2.281320000000000014e+00 2.148140000000000160e+00 2.074230000000000018e+00
2.391010000000000080e+00 1.984960000000000058e+00 1.924749999999999961e+00 1.816580000000000084e+00 2.067590000000000039e+00 2.025659999999999794e+00 1.933540000000000036e+00 1.804450000000000109e+00 1.823099999999999943e+00 1.781269999999999909e+00 1.710679999999999978e+00
4.850369999999999848e+00 3.239050000000000207e+00 2.853310000000000013e+00 2.645999999999999908e+00 3.893170000000000019e+00 4.114390000000000214e+00 2.379030000000000200e+00 3.151019999999999932e+00 3.360300000000000065e+00 2.961259999999999781e+00 2.864139999999999908e+00
5.235179999999999723e+00 2.866070000000000118e+00 3.117939999999999934e+00 2.182030000000000136e+00 2.860110000000000152e+00 3.323399999999999910e+00 2.550139999999999851e+00 2.397580000000000044e+00 2.617220000000000102e+00 2.346299999999999830e+00 2.299609999999999932e+00
1.913610000000000033e+00 1.701580000000000092e+00 1.756089999999999929e+00 1.653510000000000035e+00 1.753870000000000040e+00 1.755740000000000078e+00 1.680439999999999934e+00 1.650649999999999951e+00 1.658670000000000089e+00 1.613490000000000091e+00 1.601939999999999920e+00
4.599510000000000431e+00 3.124429999999999819e+00 4.200179999999999580e+00 3.566860000000000142e+00 2.484339999999999993e+00 2.202409999999999979e+00 2.696009999999999796e+00 2.958990000000000009e+00 3.262389999999999901e+00 2.891980000000000217e+00 2.864240000000000119e+00
9.026120000000000587e+00 5.851510000000000211e+00 7.345589999999999620e+00 4.881470000000000198e+00 6.501529999999999809e+00 7.718910000000000160e+00 3.856949999999999878e+00 3.535379999999999967e+00 3.011299999999999866e+00 2.763230000000000075e+00 4.601840000000000153e+00
3.194830000000000059e+00 3.166760000000000019e+00 4.034580000000000055e+00 3.714139999999999997e+00 3.985059999999999825e+00 2.164449999999999985e+00 3.383770000000000167e+00 3.260320000000000107e+00 3.362919999999999909e+00 3.022320000000000118e+00 2.930660000000000043e+00
2.295020000000000060e+00 1.863120000000000109e+00 2.022600000000000176e+00 1.829499999999999904e+00 1.972630000000000106e+00 1.992199999999999971e+00 1.814859999999999918e+00 1.765840000000000076e+00 1.820510000000000073e+00 1.703589999999999938e+00 1.708990000000000009e+00
4.305880000000000152e+00 5.484440000000000204e+00 5.928020000000000067e+00 5.213790000000000369e+00 3.375509999999999788e+00 6.304299999999999571e+00 3.064620000000000122e+00 2.884570000000000078e+00 2.534279999999999866e+00 3.482880000000000198e+00 3.980840000000000156e+00
3.879640000000000200e+00 2.473370000000000068e+00 2.697490000000000165e+00 3.173369999999999802e+00 3.316650000000000098e+00 3.396389999999999798e+00 2.779770000000000074e+00 2.680509999999999948e+00 2.789730000000000043e+00 2.554549999999999876e+00 2.414179999999999993e+00
3.344959999999999933e+00 2.571909999999999918e+00 2.943659999999999943e+00 2.673979999999999801e+00 2.576760000000000161e+00 2.947400000000000020e+00 2.371410000000000018e+00 2.269270000000000120e+00 2.377549999999999830e+00 2.235230000000000050e+00 2.153869999999999951e+00
3.193119999999999958e+00 2.294799999999999951e+00 2.468910000000000160e+00 2.439400000000000013e+00 2.663100000000000023e+00 2.678910000000000124e+00 2.419770000000000199e+00 2.228190000000000115e+00 2.266090000000000160e+00 2.115130000000000177e+00 2.025399999999999867e+00
4.105010000000000048e+00 4.335519999999999818e+00 3.531200000000000117e+00 4.766250000000000320e+00 4.820879999999999832e+00 5.306339999999999613e+00 3.767329999999999846e+00 3.594120000000000203e+00 2.277899999999999814e+00 3.444840000000000124e+00 3.509980000000000100e+00
2.030959999999999877e+00 1.731659999999999977e+00 1.854640000000000066e+00 1.715989999999999904e+00 1.797309999999999963e+00 1.837990000000000013e+00 1.724110000000000031e+00 1.687510000000000066e+00 1.708949999999999969e+00 1.650309999999999944e+00 1.637280000000000069e+00
2.212810000000000166e+00 1.937550000000000106e+00 1.879839999999999955e+00 1.833280000000000021e+00 1.876770000000000049e+00 1.927389999999999937e+00 1.844170000000000087e+00 1.751020000000000021e+00 1.788580000000000059e+00 1.710110000000000019e+00 1.689959999999999907e+00
3.918870000000000076e+00 3.028779999999999806e+00 3.064540000000000042e+00 2.788910000000000000e+00 3.234329999999999927e+00 3.298939999999999984e+00 2.692829999999999835e+00 2.558489999999999931e+00 2.687870000000000203e+00 2.453969999999999985e+00 2.378810000000000091e+00
3.716390000000000082e+00 2.963760000000000172e+00 3.058339999999999836e+00 2.955820000000000114e+00 3.289200000000000124e+00 3.360850000000000115e+00 2.841540000000000177e+00 2.666420000000000012e+00 2.727749999999999897e+00 2.503319999999999990e+00 2.379449999999999843e+00
2.458489999999999842e+00 3.091099999999999959e+00 3.090650000000000119e+00 2.322400000000000020e+00 3.250879999999999992e+00 3.409969999999999946e+00 2.918270000000000142e+00 2.665039999999999853e+00 2.761159999999999837e+00 2.546990000000000087e+00 2.406660000000000021e+00
3.194780000000000175e+00 2.591530000000000111e+00 2.844689999999999941e+00 2.549100000000000144e+00 2.615880000000000205e+00 2.919719999999999871e+00 2.285550000000000193e+00 2.185560000000000169e+00 2.326449999999999907e+00 2.210139999999999993e+00 2.136550000000000171e+00
3.043610000000000149e+00 3.097199999999999953e+00 3.913380000000000081e+00 3.425609999999999822e+00 3.712410000000000210e+00 4.017850000000000144e+00 3.213089999999999780e+00 2.122520000000000184e+00 3.376910000000000078e+00 2.907989999999999853e+00 2.845019999999999882e+00
1.978599999999999914e+00 1.740990000000000038e+00 1.786839999999999984e+00 1.652260000000000062e+00 1.774729999999999919e+00 1.769800000000000040e+00 1.706129999999999924e+00 1.649459999999999926e+00 1.677859999999999907e+00 1.624370000000000092e+00 1.613539999999999974e+00
5.981069999999999887e+00 4.309859999999999580e+00 3.639979999999999993e+00 3.226710000000000189e+00 2.991010000000000169e+00 2.515960000000000196e+00 3.935939999999999994e+00 3.578399999999999803e+00 4.038599999999999746e+00 3.417120000000000157e+00 3.377940000000000165e+00
3.787150000000000016e+00 2.783739999999999881e+00 3.133929999999999882e+00 2.729519999999999946e+00 2.923500000000000210e+00 3.218510000000000204e+00 2.521590000000000220e+00 2.389730000000000132e+00 2.595310000000000006e+00 2.263959999999999972e+00 2.275310000000000166e+00
2.269359999999999822e+00 1.877909999999999968e+00 1.897159999999999958e+00 1.781230000000000091e+00 1.974390000000000089e+00 1.941629999999999967e+00 1.871860000000000079e+00 1.758499999999999952e+00 1.774639999999999995e+00 1.733219999999999983e+00 1.677149999999999919e+00
5.079200000000000159e+00 3.898620000000000196e+00 2.558530000000000193e+00 3.107489999999999863e+00 2.488980000000000192e+00 4.214409999999999989e+00 3.427859999999999907e+00 3.036649999999999849e+00 3.387469999999999981e+00 3.032360000000000166e+00 2.896590000000000220e+00
6.064000000000000057e+00 4.713849999999999874e+00 3.187800000000000189e+00 3.213330000000000020e+00 4.807269999999999932e+00 2.540049999999999919e+00 3.538510000000000044e+00 2.632039999999999935e+00 2.260450000000000070e+00 3.527200000000000113e+00 1.976059999999999928e+00
8.159860000000000113e+00 5.066799999999999748e+00 6.179009999999999891e+00 4.124710000000000321e+00 3.949120000000000186e+00 6.781839999999999868e+00 3.406750000000000167e+00 3.091969999999999885e+00 5.003250000000000419e+00 2.789159999999999862e+00 4.331159999999999677e+00
5.801599999999999646e+00 4.155770000000000408e+00 3.539149999999999796e+00 4.738480000000000025e+00 5.158369999999999678e+00 5.372160000000000046e+00 2.892689999999999984e+00 3.911700000000000177e+00 4.116179999999999950e+00 2.174179999999999779e+00 2.005119999999999791e+00
3.498040000000000038e+00 4.210049999999999848e+00 3.991639999999999855e+00 4.046549999999999869e+00 4.220650000000000013e+00 4.796170000000000044e+00 3.542899999999999938e+00 3.363039999999999807e+00 3.669890000000000096e+00 3.048169999999999824e+00 3.091289999999999871e+00
2.287199999999999900e+00 1.909429999999999961e+00 1.859869999999999912e+00 1.836119999999999974e+00 1.980550000000000033e+00 1.966839999999999922e+00 1.888640000000000096e+00 1.807960000000000012e+00 1.808100000000000041e+00 1.747789999999999955e+00 1.695359999999999978e+00
3.495029999999999859e+00 2.862109999999999932e+00 2.977660000000000196e+00 2.938419999999999810e+00 2.982569999999999943e+00 2.974040000000000017e+00 2.587629999999999875e+00 2.479299999999999837e+00 2.587720000000000020e+00 2.340549999999999908e+00 2.219959999999999933e+00
2.129230000000000178e+00 1.762080000000000091e+00 1.784699999999999953e+00 1.779449999999999976e+00 1.954099999999999948e+00 1.865580000000000016e+00 1.661280000000000090e+00 1.749880000000000102e+00 1.741649999999999920e+00 1.615969999999999906e+00 1.633189999999999920e+00
2.906179999999999986e+00 3.656460000000000043e+00 2.945640000000000036e+00 3.383900000000000130e+00 3.748130000000000184e+00 6.342109999999999914e+00 3.154079999999999995e+00 2.875960000000000072e+00 3.243990000000000151e+00 2.770370000000000221e+00 2.719100000000000072e+00
