1.764340000000000019e+00 2.347550000000000026e+00 2.214080000000000048e+00 2.091880000000000184e+00 2.385159999999999947e+00 2.121560000000000112e+00 2.082920000000000105e+00 1.797230000000000105e+00 2.012939999999999952e+00 1.992909999999999959e+00 1.882660000000000000e+00
1.486070000000000002e+00 2.255560000000000009e+00 2.151609999999999800e+00 2.158259999999999845e+00 2.348230000000000040e+00 1.951079999999999925e+00 2.070609999999999840e+00 1.808110000000000106e+00 2.006609999999999783e+00 2.001469999999999860e+00 1.923089999999999966e+00
2.767230000000000079e+00 4.606029999999999625e+00 3.075410000000000199e+00 3.650700000000000056e+00 4.131109999999999616e+00 3.385139999999999816e+00 2.549310000000000187e+00 2.388669999999999849e+00 3.165319999999999911e+00 3.483049999999999979e+00 3.213620000000000143e+00
2.352939999999999809e+00 3.711730000000000196e+00 3.254849999999999799e+00 3.289649999999999963e+00 3.726550000000000029e+00 3.202939999999999898e+00 3.114860000000000184e+00 2.471670000000000034e+00 2.874610000000000110e+00 3.030899999999999928e+00 2.716470000000000162e+00
1.214590000000000058e+00 1.804009999999999891e+00 1.796010000000000106e+00 1.738229999999999942e+00 1.751449999999999951e+00 1.761330000000000062e+00 1.720020000000000104e+00 1.532210000000000072e+00 1.684090000000000087e+00 1.680989999999999984e+00 1.627429999999999932e+00
2.330950000000000077e+00 3.692260000000000097e+00 3.662739999999999885e+00 3.356590000000000185e+00 3.012000000000000011e+00 3.143979999999999997e+00 3.128150000000000208e+00 2.451579999999999870e+00 2.866120000000000001e+00 3.027870000000000061e+00 2.717560000000000198e+00
3.762329999999999952e+00 4.212159999999999904e+00 3.674619999999999997e+00 3.420269999999999921e+00 4.680979999999999919e+00 3.590180000000000149e+00 3.892479999999999940e+00 2.536929999999999907e+00 3.398870000000000058e+00 3.761309999999999931e+00 3.354049999999999976e+00
2.530359999999999943e+00 3.645340000000000025e+00 3.736730000000000107e+00 3.181740000000000013e+00 3.796129999999999782e+00 3.438750000000000195e+00 2.414109999999999978e+00 2.191419999999999924e+00 2.847960000000000047e+00 3.185519999999999907e+00 2.859430000000000138e+00
1.522350000000000092e+00 2.362309999999999910e+00 2.237319999999999975e+00 2.219739999999999824e+00 2.353530000000000122e+00 2.139540000000000219e+00 2.131709999999999994e+00 1.834580000000000100e+00 2.030460000000000154e+00 2.019969999999999821e+00 1.900479999999999947e+00
3.564189999999999969e+00 4.190850000000000186e+00 4.178580000000000183e+00 4.400299999999999656e+00 4.749769999999999825e+00 3.835459999999999869e+00 3.865779999999999994e+00 3.366190000000000015e+00 3.569710000000000161e+00 4.063500000000000334e+00 3.661900000000000155e+00
1.970299999999999940e+00 2.920129999999999892e+00 2.744730000000000114e+00 2.493970000000000020e+00 2.824619999999999909e+00 2.537069999999999936e+00 2.526069999999999816e+00 2.136569999999999858e+00 2.354290000000000216e+00 2.385269999999999779e+00 2.214550000000000018e+00
1.897939999999999960e+00 2.911449999999999871e+00 2.812669999999999781e+00 2.677259999999999973e+00 2.936080000000000023e+00 2.677490000000000148e+00 2.483330000000000037e+00 2.078500000000000014e+00 2.456350000000000033e+00 2.448220000000000063e+00 2.231069999999999887e+00
1.660830000000000028e+00 2.630609999999999893e+00 2.527699999999999836e+00 2.338849999999999874e+00 2.595540000000000180e+00 2.279110000000000191e+00 2.320910000000000029e+00 1.882120000000000015e+00 2.125579999999999803e+00 2.172470000000000123e+00 2.042759999999999909e+00
2.502289999999999903e+00 4.135209999999999830e+00 3.624049999999999994e+00 3.299170000000000158e+00 3.851280000000000037e+00 3.218739999999999934e+00 3.150650000000000173e+00 2.485300000000000065e+00 2.958110000000000017e+00 3.142310000000000159e+00 2.831150000000000055e+00
1.294059999999999988e+00 1.613750000000000018e+00 1.588729999999999976e+00 1.538259999999999961e+00 1.584200000000000053e+00 1.573499999999999899e+00 1.562000000000000055e+00 1.408160000000000078e+00 1.549600000000000088e+00 1.559330000000000105e+00 1.532510000000000039e+00
1.976750000000000007e+00 3.276310000000000056e+00 2.772060000000000191e+00 2.826979999999999826e+00 3.119240000000000013e+00 2.703990000000000116e+00 2.594409999999999883e+00 2.203650000000000109e+00 2.530269999999999797e+00 2.538609999999999811e+00 2.439610000000000056e+00
2.110879999999999868e+00 3.265099999999999891e+00 2.439799999999999969e+00 3.042149999999999910e+00 3.211990000000000123e+00 2.876529999999999809e+00 2.001059999999999839e+00 2.290249999999999897e+00 2.631639999999999979e+00 2.698189999999999866e+00 2.498930000000000096e+00
1.483970000000000011e+00 2.268330000000000179e+00 2.259920000000000151e+00 2.167800000000000171e+00 2.318779999999999841e+00 2.019540000000000113e+00 2.093710000000000182e+00 1.811870000000000092e+00 1.962369999999999948e+00 1.987020000000000008e+00 1.881780000000000008e+00
1.761230000000000073e+00 2.710059999999999913e+00 2.663980000000000015e+00 2.535849999999999937e+00 2.803760000000000030e+00 2.280159999999999965e+00 2.321149999999999824e+00 1.992269999999999985e+00 2.282760000000000122e+00 2.267240000000000144e+00 2.142170000000000130e+00
2.548750000000000071e+00 4.098749999999999893e+00 3.343519999999999825e+00 3.758239999999999803e+00 4.075179999999999580e+00 3.545990000000000197e+00 2.471429999999999794e+00 2.247799999999999798e+00 3.016539999999999999e+00 3.225839999999999819e+00 2.881569999999999965e+00
2.072999999999999954e+00 3.443150000000000155e+00 2.937949999999999839e+00 3.635549999999999837e+00 2.337720000000000020e+00 2.767879999999999896e+00 2.735069999999999890e+00 2.285449999999999982e+00 2.608420000000000183e+00 2.684359999999999857e+00 2.495649999999999924e+00
2.133779999999999788e+00 2.295170000000000154e+00 2.579060000000000130e+00 2.573100000000000165e+00 2.879900000000000126e+00 2.537710000000000132e+00 2.487239999999999895e+00 2.099419999999999842e+00 2.373709999999999987e+00 2.399230000000000196e+00 2.283650000000000180e+00
4.232300000000000395e+00 6.541030000000000122e+00 4.418569999999999887e+00 4.515229999999999855e+00 5.990540000000000198e+00 4.255349999999999966e+00 3.579800000000000093e+00 3.220530000000000115e+00 4.368859999999999744e+00 4.658369999999999678e+00 5.349859999999999616e+00
2.168629999999999836e+00 3.401470000000000216e+00 2.336479999999999890e+00 2.947950000000000070e+00 3.476630000000000109e+00 3.050110000000000099e+00 2.973100000000000076e+00 2.340809999999999835e+00 2.522609999999999797e+00 2.824129999999999807e+00 2.538930000000000131e+00
1.538920000000000066e+00 2.003750000000000142e+00 1.965670000000000028e+00 1.885000000000000009e+00 2.020770000000000177e+00 1.851020000000000110e+00 1.858160000000000034e+00 1.624039999999999928e+00 1.779949999999999921e+00 1.788550000000000084e+00 1.722350000000000048e+00
2.395030000000000214e+00 2.932209999999999983e+00 3.361219999999999875e+00 3.199069999999999858e+00 3.849580000000000002e+00 3.199419999999999931e+00 3.193859999999999921e+00 2.548979999999999801e+00 2.895519999999999872e+00 3.105700000000000127e+00 2.873390000000000111e+00
3.539229999999999876e+00 4.417880000000000251e+00 3.914200000000000124e+00 3.929250000000000131e+00 5.294249999999999901e+00 3.171040000000000081e+00 3.819659999999999833e+00 2.679510000000000058e+00 3.640569999999999862e+00 4.208779999999999966e+00 5.050089999999999968e+00
3.668930000000000025e+00 5.350830000000000197e+00 4.238920000000000243e+00 3.917440000000000033e+00 4.980380000000000251e+00 4.351359999999999673e+00 3.985139999999999905e+00 2.862740000000000062e+00 2.889619999999999855e+00 4.207679999999999865e+00 3.725769999999999804e+00
2.676429999999999865e+00 3.570240000000000080e+00 2.510380000000000056e+00 2.467729999999999979e+00 3.456679999999999975e+00 2.386249999999999982e+00 2.140460000000000029e+00 1.937699999999999978e+00 2.751640000000000086e+00 2.893320000000000114e+00 2.620260000000000034e+00
2.334849999999999870e+00 3.059790000000000010e+00 3.226300000000000168e+00 3.355379999999999807e+00 3.574289999999999967e+00 3.263580000000000148e+00 3.079130000000000145e+00 2.548569999999999780e+00 2.657350000000000101e+00 3.015719999999999956e+00 2.759580000000000144e+00
1.361809999999999965e+00 1.701670000000000016e+00 1.694430000000000103e+00 1.636200000000000099e+00 1.729559999999999986e+00 1.637140000000000040e+00 1.633839999999999959e+00 1.467470000000000052e+00 1.599140000000000006e+00 1.612729999999999997e+00 1.579620000000000024e+00
1.817160000000000108e+00 2.302439999999999820e+00 2.755209999999999937e+00 2.502279999999999838e+00 2.764590000000000103e+00 2.618729999999999780e+00 2.394029999999999880e+00 2.082619999999999916e+00 2.319799999999999862e+00 2.346130000000000049e+00 2.159100000000000019e+00
1.284869999999999957e+00 2.082269999999999843e+00 1.834019999999999984e+00 1.758420000000000094e+00 2.027820000000000178e+00 1.845490000000000075e+00 1.776769999999999960e+00 1.583280000000000021e+00 1.779330000000000078e+00 1.779519999999999991e+00 1.707500000000000018e+00
1.674809999999999910e+00 2.578129999999999811e+00 2.541370000000000129e+00 2.395189999999999930e+00 2.644690000000000207e+00 2.322239999999999860e+00 2.295399999999999885e+00 1.904349999999999987e+00 2.194380000000000219e+00 2.201569999999999805e+00 2.062330000000000219e+00
1.602950000000000097e+00 2.579600000000000115e+00 2.232899999999999885e+00 2.330410000000000093e+00 2.205839999999999801e+00 2.263180000000000192e+00 2.114510000000000112e+00 1.901259999999999950e+00 2.082850000000000090e+00 2.102640000000000065e+00 1.987149999999999972e+00
1.877499999999999947e+00 2.317079999999999806e+00 2.298439999999999817e+00 2.157779999999999809e+00 2.394829999999999792e+00 2.131940000000000168e+00 2.130640000000000089e+00 1.833029999999999937e+00 1.963209999999999900e+00 1.992569999999999952e+00 1.964089999999999892e+00
2.227430000000000021e+00 2.783959999999999990e+00 3.150440000000000129e+00 3.255160000000000053e+00 2.263370000000000104e+00 2.871070000000000011e+00 2.808860000000000134e+00 2.427999999999999936e+00 2.631499999999999950e+00 2.860819999999999919e+00 2.624909999999999854e+00
3.779160000000000075e+00 4.657000000000000028e+00 4.973790000000000155e+00 4.733679999999999666e+00 4.975950000000000095e+00 3.633399999999999963e+00 2.941489999999999938e+00 2.825499999999999901e+00 3.510949999999999793e+00 4.099809999999999732e+00 2.130630000000000024e+00
1.142859999999999987e+00 1.877610000000000001e+00 1.758410000000000029e+00 1.760389999999999899e+00 1.781250000000000000e+00 1.754070000000000018e+00 1.644050000000000011e+00 1.489500000000000046e+00 1.674819999999999975e+00 1.665429999999999966e+00 1.625680000000000014e+00
2.213020000000000209e+00 3.773610000000000131e+00 3.047470000000000123e+00 3.191669999999999785e+00 2.994819999999999816e+00 3.150189999999999824e+00 2.013269999999999893e+00 1.962159999999999904e+00 2.815760000000000041e+00 2.938130000000000130e+00 2.693439999999999834e+00
4.263760000000000439e+00 5.979599999999999582e+00 4.214360000000000106e+00 5.065419999999999590e+00 4.090700000000000003e+00 4.116509999999999891e+00 4.444849999999999746e+00 3.111060000000000159e+00 2.336359999999999992e+00 2.291650000000000187e+00 2.288079999999999892e+00
3.619549999999999823e+00 5.621010000000000062e+00 4.388440000000000119e+00 4.016989999999999839e+00 3.045170000000000154e+00 4.461420000000000385e+00 3.925170000000000048e+00 3.110539999999999861e+00 3.582570000000000032e+00 4.030680000000000263e+00 3.637319999999999887e+00
1.616109999999999935e+00 2.111940000000000150e+00 2.028059999999999974e+00 1.903100000000000014e+00 2.017409999999999926e+00 1.943680000000000074e+00 1.884100000000000108e+00 1.691219999999999946e+00 1.843110000000000026e+00 1.814659999999999940e+00 1.769430000000000058e+00
5.591689999999999827e+00 6.750869999999999926e+00 5.511739999999999640e+00 5.758370000000000211e+00 4.908100000000000129e+00 5.908520000000000216e+00 4.164360000000000284e+00 3.809470000000000134e+00 4.628490000000000215e+00 5.454100000000000392e+00 5.715320000000000178e+00
2.094040000000000123e+00 2.559379999999999988e+00 2.740909999999999958e+00 3.294859999999999900e+00 3.144569999999999865e+00 2.738049999999999873e+00 2.765540000000000109e+00 2.294130000000000003e+00 2.479290000000000216e+00 2.716889999999999805e+00 2.427779999999999827e+00
1.845140000000000002e+00 2.347249999999999837e+00 2.585059999999999913e+00 2.715580000000000105e+00 2.571320000000000050e+00 2.714920000000000222e+00 2.328539999999999832e+00 2.138570000000000082e+00 2.412040000000000184e+00 2.393079999999999874e+00 2.275799999999999823e+00
1.636290000000000022e+00 2.435280000000000111e+00 2.450130000000000141e+00 2.340570000000000039e+00 2.524480000000000057e+00 2.252740000000000187e+00 2.258220000000000116e+00 1.883639999999999981e+00 2.112760000000000193e+00 2.109220000000000095e+00 2.029949999999999921e+00
3.783780000000000143e+00 5.763049999999999784e+00 4.187380000000000102e+00 4.813579999999999970e+00 3.168079999999999785e+00 3.936599999999999877e+00 3.224829999999999863e+00 2.872199999999999864e+00 3.681090000000000195e+00 4.154779999999999696e+00 3.596540000000000070e+00
1.262999999999999901e+00 1.579919999999999991e+00 1.526189999999999936e+00 1.509740000000000082e+00 1.561809999999999921e+00 1.535130000000000106e+00 1.500350000000000072e+00 1.370689999999999964e+00 1.520639999999999992e+00 1.532820000000000071e+00 1.514999999999999902e+00
1.435089999999999977e+00 2.239790000000000170e+00 2.124989999999999934e+00 2.054139999999999855e+00 2.187629999999999963e+00 2.002380000000000049e+00 1.962609999999999966e+00 1.715589999999999948e+00 1.950720000000000010e+00 1.924069999999999947e+00 1.857399999999999940e+00
2.224270000000000191e+00 3.399340000000000028e+00 3.231700000000000017e+00 3.200089999999999879e+00 2.277000000000000135e+00 3.008729999999999905e+00 2.074879999999999836e+00 2.419649999999999856e+00 2.597350000000000048e+00 2.798750000000000071e+00 2.583499999999999908e+00
2.083120000000000083e+00 3.105789999999999829e+00 3.056099999999999817e+00 2.920339999999999936e+00 2.984239999999999782e+00 2.889069999999999805e+00 2.729849999999999888e+00 1.816810000000000036e+00 2.518710000000000004e+00 2.676140000000000185e+00 2.398820000000000174e+00
1.947910000000000030e+00 3.003140000000000143e+00 2.891630000000000145e+00 2.495169999999999888e+00 2.826270000000000060e+00 2.537570000000000103e+00 2.502289999999999903e+00 2.128750000000000142e+00 2.353229999999999933e+00 2.497219999999999995e+00 2.275980000000000114e+00
3.191739999999999799e+00 4.010209999999999830e+00 4.023590000000000444e+00 4.238010000000000055e+00 4.126990000000000158e+00 3.869270000000000209e+00 3.347269999999999968e+00 3.001560000000000006e+00 3.466019999999999879e+00 3.653939999999999966e+00 3.233369999999999855e+00
3.515919999999999934e+00 4.515299999999999869e+00 3.840800000000000214e+00 3.865870000000000140e+00 3.178100000000000147e+00 3.587919999999999998e+00 3.430109999999999992e+00 2.815420000000000034e+00 3.012129999999999974e+00 3.423459999999999948e+00 3.085789999999999811e+00
1.463249999999999940e+00 2.288990000000000080e+00 2.151240000000000041e+00 2.054260000000000197e+00 2.278770000000000184e+00 2.030860000000000110e+00 2.042829999999999924e+00 1.763560000000000016e+00 1.949859999999999927e+00 1.928139999999999965e+00 1.874949999999999894e+00
4.127390000000000114e+00 6.243070000000000341e+00 4.314110000000000333e+00 5.237840000000000273e+00 4.880519999999999747e+00 4.033129999999999882e+00 3.405860000000000110e+00 3.157970000000000166e+00 3.998650000000000038e+00 4.444149999999999601e+00 4.037569999999999659e+00
1.941109999999999891e+00 3.432490000000000041e+00 2.711860000000000159e+00 2.124480000000000146e+00 2.825450000000000017e+00 2.571200000000000152e+00 2.539940000000000087e+00 2.165070000000000050e+00 2.404420000000000002e+00 2.511260000000000048e+00 2.319669999999999899e+00
1.415200000000000014e+00 2.154640000000000111e+00 2.095849999999999991e+00 1.983889999999999931e+00 2.207819999999999894e+00 1.969840000000000035e+00 1.989290000000000003e+00 1.759540000000000104e+00 1.856060000000000043e+00 1.872069999999999901e+00 1.838810000000000056e+00
2.842420000000000169e+00 4.430589999999999584e+00 4.256490000000000329e+00 3.174139999999999961e+00 3.241340000000000110e+00 3.709639999999999826e+00 2.634739999999999860e+00 2.971410000000000107e+00 2.376869999999999816e+00 3.453100000000000058e+00 3.220149999999999846e+00
3.909030000000000005e+00 4.296610000000000262e+00 4.185080000000000133e+00 4.559700000000000308e+00 4.759199999999999875e+00 3.582739999999999814e+00 4.418269999999999698e+00 3.076420000000000154e+00 2.844230000000000036e+00 2.343350000000000044e+00 3.817000000000000171e+00
4.515579999999999927e+00 5.156139999999999723e+00 4.482800000000000118e+00 4.669089999999999741e+00 5.358329999999999593e+00 4.629470000000000418e+00 3.506440000000000001e+00 9.428199999999999914e-01 4.169500000000000206e+00 2.398979999999999890e+00 4.143030000000000435e+00
2.629300000000000193e+00 4.071130000000000138e+00 2.903379999999999850e+00 3.813130000000000130e+00 2.505700000000000038e+00 2.844990000000000130e+00 3.269350000000000200e+00 2.775879999999999903e+00 3.129179999999999851e+00 3.351339999999999986e+00 3.014180000000000081e+00
3.221000000000000085e+00 4.425200000000000244e+00 4.133580000000000254e+00 4.629780000000000229e+00 4.199290000000000411e+00 2.934959999999999791e+00 3.303609999999999935e+00 2.578009999999999913e+00 3.104800000000000004e+00 3.634739999999999860e+00 3.307529999999999859e+00
1.213279999999999914e+00 1.858260000000000023e+00 1.884050000000000002e+00 1.825809999999999933e+00 1.900579999999999936e+00 1.801579999999999959e+00 1.764329999999999954e+00 1.578279999999999905e+00 1.701789999999999914e+00 1.719559999999999977e+00 1.676460000000000061e+00
2.355700000000000127e+00 4.283050000000000246e+00 3.100109999999999921e+00 3.434689999999999799e+00 3.124039999999999928e+00 3.172470000000000123e+00 2.969590000000000174e+00 2.053580000000000183e+00 2.914429999999999854e+00 3.091889999999999805e+00 2.787370000000000125e+00
1.437759999999999927e+00 1.824289999999999967e+00 1.704010000000000025e+00 1.759810000000000096e+00 1.696199999999999930e+00 1.654509999999999925e+00 1.700990000000000002e+00 1.532939999999999969e+00 1.675179999999999891e+00 1.668809999999999905e+00 1.630049999999999999e+00
2.254000000000000004e+00 3.523989999999999956e+00 3.171019999999999950e+00 3.280510000000000037e+00 3.066510000000000069e+00 2.877590000000000092e+00 2.080189999999999984e+00 2.414530000000000065e+00 2.560760000000000147e+00 2.870019999999999794e+00 2.638440000000000119e+00
