1.006860000000000088e+00 1.033470000000000111e+00 1.066840000000000011e+00 1.103169999999999984e+00 1.139799999999999924e+00 1.172709999999999919e+00 1.203370000000000051e+00 1.238070000000000004e+00 1.279109999999999969e+00 1.326119999999999965e+00 1.377240000000000020e+00
1.006559999999999899e+00 1.022590000000000110e+00 1.041840000000000099e+00 1.062110000000000110e+00 1.082759999999999945e+00 1.101890000000000036e+00 1.118479999999999919e+00 1.134649999999999936e+00 1.152689999999999992e+00 1.173280000000000101e+00 1.196390000000000065e+00
1.008049999999999891e+00 1.080740000000000034e+00 1.180930000000000035e+00 1.290580000000000060e+00 1.396940000000000071e+00 1.497470000000000079e+00 1.601010000000000044e+00 1.719160000000000021e+00 1.852859999999999951e+00 1.996699999999999919e+00 2.145680000000000032e+00
1.008029999999999982e+00 1.082929999999999948e+00 1.183789999999999898e+00 1.289190000000000058e+00 1.388759999999999994e+00 1.484860000000000069e+00 1.596109999999999918e+00 1.727870000000000017e+00 1.870339999999999892e+00 2.020020000000000149e+00 2.173290000000000166e+00
1.006180000000000074e+00 1.009570000000000078e+00 1.013130000000000086e+00 1.016710000000000003e+00 1.020040000000000058e+00 1.022920000000000051e+00 1.025339999999999918e+00 1.027660000000000018e+00 1.030030000000000001e+00 1.032510000000000039e+00 1.035090000000000066e+00
1.008129999999999971e+00 1.084279999999999911e+00 1.185759999999999925e+00 1.292399999999999993e+00 1.394150000000000000e+00 1.491120000000000001e+00 1.599569999999999936e+00 1.728390000000000093e+00 1.871250000000000080e+00 2.021020000000000039e+00 2.174970000000000070e+00
1.010550000000000059e+00 1.196499999999999897e+00 1.447810000000000041e+00 1.697170000000000067e+00 1.939159999999999995e+00 2.195139999999999869e+00 2.485840000000000050e+00 2.807319999999999816e+00 3.142450000000000188e+00 3.486180000000000057e+00 3.831490000000000062e+00
1.007840000000000069e+00 1.071739999999999915e+00 1.156619999999999981e+00 1.248390000000000111e+00 1.336810000000000054e+00 1.419519999999999893e+00 1.508099999999999996e+00 1.613120000000000109e+00 1.731740000000000057e+00 1.857750000000000012e+00 1.989500000000000046e+00
1.006539999999999990e+00 1.022270000000000012e+00 1.040640000000000009e+00 1.059299999999999908e+00 1.077120000000000077e+00 1.092109999999999914e+00 1.105609999999999982e+00 1.121269999999999989e+00 1.140220000000000011e+00 1.162080000000000002e+00 1.186790000000000012e+00
1.010229999999999961e+00 1.176840000000000108e+00 1.399950000000000028e+00 1.623099999999999987e+00 1.839380000000000015e+00 2.065529999999999866e+00 2.324160000000000004e+00 2.613560000000000105e+00 2.918489999999999807e+00 3.230620000000000047e+00 3.546339999999999826e+00
1.006990000000000052e+00 1.035770000000000080e+00 1.070780000000000065e+00 1.109699999999999909e+00 1.151200000000000001e+00 1.192099999999999937e+00 1.229970000000000008e+00 1.266909999999999981e+00 1.306089999999999973e+00 1.348379999999999912e+00 1.394849999999999923e+00
1.006780000000000008e+00 1.030769999999999964e+00 1.060000000000000053e+00 1.090580000000000105e+00 1.120430000000000037e+00 1.145839999999999970e+00 1.170530000000000070e+00 1.201319999999999943e+00 1.238620000000000054e+00 1.281239999999999934e+00 1.327550000000000008e+00
1.006780000000000008e+00 1.029279999999999973e+00 1.056019999999999959e+00 1.085040000000000004e+00 1.115420000000000078e+00 1.145010000000000083e+00 1.172320000000000029e+00 1.199189999999999978e+00 1.227680000000000105e+00 1.258590000000000098e+00 1.292100000000000026e+00
1.008490000000000109e+00 1.096600000000000019e+00 1.214369999999999949e+00 1.340189999999999992e+00 1.461729999999999974e+00 1.578149999999999942e+00 1.703389999999999960e+00 1.849329999999999918e+00 2.011319999999999997e+00 2.183409999999999851e+00 2.360450000000000159e+00
1.006189999999999918e+00 1.010099999999999998e+00 1.014250000000000096e+00 1.018329999999999957e+00 1.022049999999999903e+00 1.025060000000000082e+00 1.027390000000000025e+00 1.029719999999999969e+00 1.032200000000000006e+00 1.034859999999999891e+00 1.037690000000000001e+00
1.007779999999999898e+00 1.070889999999999898e+00 1.156560000000000032e+00 1.248059999999999947e+00 1.335860000000000047e+00 1.417489999999999917e+00 1.503519999999999968e+00 1.605480000000000018e+00 1.721770000000000023e+00 1.846230000000000038e+00 1.975670000000000037e+00
1.007870000000000044e+00 1.071530000000000094e+00 1.157149999999999901e+00 1.252180000000000071e+00 1.345949999999999980e+00 1.433840000000000003e+00 1.521679999999999922e+00 1.620780000000000109e+00 1.733400000000000052e+00 1.856910000000000061e+00 1.986650000000000027e+00
1.006610000000000005e+00 1.023770000000000069e+00 1.044140000000000068e+00 1.066480000000000095e+00 1.090109999999999912e+00 1.113459999999999894e+00 1.135219999999999896e+00 1.156029999999999891e+00 1.177340000000000053e+00 1.200229999999999908e+00 1.225070000000000103e+00
1.007060000000000066e+00 1.039090000000000069e+00 1.079290000000000083e+00 1.124270000000000103e+00 1.171519999999999895e+00 1.216439999999999966e+00 1.257460000000000022e+00 1.299129999999999896e+00 1.345520000000000049e+00 1.397960000000000091e+00 1.455400000000000027e+00
1.007390000000000008e+00 1.054429999999999978e+00 1.115080000000000071e+00 1.180129999999999901e+00 1.242480000000000029e+00 1.299120000000000053e+00 1.361250000000000071e+00 1.438059999999999894e+00 1.525339999999999918e+00 1.619720000000000049e+00 1.718140000000000001e+00
1.008010000000000073e+00 1.081299999999999928e+00 1.182129999999999903e+00 1.289400000000000102e+00 1.392290000000000028e+00 1.490410000000000013e+00 1.596130000000000049e+00 1.721030000000000060e+00 1.860109999999999930e+00 2.006850000000000023e+00 2.158119999999999816e+00
1.006559999999999899e+00 1.022869999999999946e+00 1.042319999999999913e+00 1.062389999999999946e+00 1.082260000000000000e+00 1.099779999999999980e+00 1.114780000000000104e+00 1.130849999999999911e+00 1.150069999999999926e+00 1.172509999999999941e+00 1.198180000000000023e+00
1.010520000000000085e+00 1.184199999999999919e+00 1.419510000000000050e+00 1.658760000000000012e+00 1.891750000000000043e+00 2.128280000000000172e+00 2.389619999999999855e+00 2.684709999999999930e+00 3.001020000000000021e+00 3.329819999999999780e+00 3.661890000000000089e+00
1.007540000000000102e+00 1.060140000000000082e+00 1.127890000000000059e+00 1.201079999999999925e+00 1.271570000000000089e+00 1.335830000000000073e+00 1.403450000000000086e+00 1.484169999999999989e+00 1.576659999999999950e+00 1.677000000000000046e+00 1.781889999999999974e+00
1.006580000000000030e+00 1.022610000000000019e+00 1.041320000000000023e+00 1.061460000000000070e+00 1.082459999999999978e+00 1.103040000000000020e+00 1.122049999999999992e+00 1.140339999999999909e+00 1.159170000000000034e+00 1.179550000000000098e+00 1.201600000000000001e+00
1.008599999999999941e+00 1.099189999999999889e+00 1.221319999999999961e+00 1.354370000000000074e+00 1.485090000000000021e+00 1.608419999999999961e+00 1.730809999999999960e+00 1.866130000000000067e+00 2.019169999999999909e+00 2.184320000000000039e+00 2.361679999999999779e+00
1.009439999999999893e+00 1.135250000000000092e+00 1.305220000000000047e+00 1.482240000000000002e+00 1.652449999999999974e+00 1.815639999999999921e+00 1.986790000000000056e+00 2.181690000000000129e+00 2.397479999999999833e+00 2.628150000000000208e+00 2.867179999999999840e+00
1.011500000000000066e+00 1.236680000000000001e+00 1.534080000000000110e+00 1.826940000000000008e+00 2.115099999999999980e+00 2.423379999999999868e+00 2.774220000000000130e+00 3.158230000000000093e+00 3.558429999999999982e+00 3.966159999999999908e+00 4.383479999999999599e+00
1.007910000000000084e+00 1.071989999999999998e+00 1.154809999999999892e+00 1.245290000000000008e+00 1.333749999999999991e+00 1.415399999999999991e+00 1.498010000000000064e+00 1.592980000000000063e+00 1.700220000000000065e+00 1.817549999999999999e+00 1.941060000000000008e+00
1.007970000000000033e+00 1.077430000000000110e+00 1.171140000000000070e+00 1.272019999999999929e+00 1.369129999999999958e+00 1.461559999999999970e+00 1.560559999999999947e+00 1.677049999999999930e+00 1.806980000000000031e+00 1.946949999999999958e+00 2.089659999999999851e+00
1.006199999999999983e+00 1.010219999999999896e+00 1.014760000000000106e+00 1.019500000000000073e+00 1.024170000000000025e+00 1.028459999999999930e+00 1.031889999999999974e+00 1.034739999999999993e+00 1.037320000000000020e+00 1.039900000000000047e+00 1.042519999999999891e+00
1.006629999999999914e+00 1.024480000000000057e+00 1.045900000000000052e+00 1.068869999999999987e+00 1.092309999999999892e+00 1.114049999999999985e+00 1.133659999999999890e+00 1.154020000000000046e+00 1.176830000000000043e+00 1.202590000000000048e+00 1.231139999999999901e+00
1.006240000000000023e+00 1.011989999999999945e+00 1.018750000000000044e+00 1.025579999999999936e+00 1.031959999999999988e+00 1.037009999999999987e+00 1.040589999999999904e+00 1.043690000000000007e+00 1.047009999999999996e+00 1.050880000000000036e+00 1.055330000000000101e+00
1.007139999999999924e+00 1.042640000000000011e+00 1.086619999999999919e+00 1.135210000000000052e+00 1.185230000000000006e+00 1.232110000000000039e+00 1.275800000000000045e+00 1.323059999999999903e+00 1.376600000000000046e+00 1.436280000000000001e+00 1.501819999999999933e+00
1.007060000000000066e+00 1.041379999999999972e+00 1.084980000000000055e+00 1.132100000000000106e+00 1.177880000000000038e+00 1.218229999999999924e+00 1.260950000000000015e+00 1.312939999999999996e+00 1.373439999999999994e+00 1.440420000000000034e+00 1.511400000000000077e+00
1.006629999999999914e+00 1.025290000000000035e+00 1.047970000000000068e+00 1.072140000000000093e+00 1.096789999999999932e+00 1.119499999999999940e+00 1.139569999999999972e+00 1.159350000000000103e+00 1.181499999999999995e+00 1.206809999999999938e+00 1.235500000000000043e+00
1.007430000000000048e+00 1.056189999999999962e+00 1.120949999999999891e+00 1.192460000000000075e+00 1.262049999999999894e+00 1.325769999999999893e+00 1.390830000000000011e+00 1.466180000000000039e+00 1.552650000000000086e+00 1.647999999999999909e+00 1.747670000000000057e+00
1.007980000000000098e+00 1.082019999999999982e+00 1.181289999999999951e+00 1.283930000000000016e+00 1.379839999999999955e+00 1.474539999999999962e+00 1.588160000000000016e+00 1.720779999999999976e+00 1.863299999999999956e+00 2.011979999999999880e+00 2.162150000000000016e+00
1.006159999999999943e+00 1.009109999999999951e+00 1.012320000000000109e+00 1.015609999999999902e+00 1.018710000000000004e+00 1.021269999999999900e+00 1.023279999999999967e+00 1.025050000000000017e+00 1.026699999999999946e+00 1.028359999999999941e+00 1.029979999999999896e+00
1.007819999999999938e+00 1.074880000000000058e+00 1.164330000000000087e+00 1.256580000000000030e+00 1.342260000000000009e+00 1.425100000000000033e+00 1.525009999999999977e+00 1.643569999999999975e+00 1.771619999999999973e+00 1.904689999999999994e+00 2.042190000000000172e+00
1.010939999999999950e+00 1.219519999999999937e+00 1.499589999999999979e+00 1.773670000000000080e+00 2.043950000000000156e+00 2.339459999999999873e+00 2.676890000000000214e+00 3.040249999999999897e+00 3.414410000000000167e+00 3.795150000000000023e+00 4.179129999999999789e+00
1.008979999999999988e+00 1.121760000000000090e+00 1.274890000000000079e+00 1.430129999999999901e+00 1.578200000000000047e+00 1.729070000000000107e+00 1.904989999999999961e+00 2.104800000000000004e+00 2.317039999999999988e+00 2.535699999999999843e+00 2.758239999999999803e+00
1.006459999999999910e+00 1.019570000000000087e+00 1.034559999999999924e+00 1.049309999999999965e+00 1.062650000000000095e+00 1.072920000000000096e+00 1.082589999999999941e+00 1.094580000000000108e+00 1.109299999999999953e+00 1.126419999999999977e+00 1.145790000000000086e+00
1.011449999999999960e+00 1.231139999999999901e+00 1.515160000000000062e+00 1.794960000000000111e+00 2.071969999999999867e+00 2.374379999999999935e+00 2.721830000000000194e+00 3.102419999999999956e+00 3.499369999999999870e+00 3.901829999999999909e+00 4.305850000000000399e+00
1.007179999999999964e+00 1.042669999999999986e+00 1.087110000000000021e+00 1.138030000000000097e+00 1.192250000000000032e+00 1.244490000000000096e+00 1.293430000000000080e+00 1.342270000000000074e+00 1.394630000000000036e+00 1.452050000000000063e+00 1.514650000000000052e+00
1.006820000000000048e+00 1.033779999999999921e+00 1.066449999999999898e+00 1.099830000000000085e+00 1.130579999999999918e+00 1.155690000000000106e+00 1.184600000000000097e+00 1.223100000000000076e+00 1.268599999999999950e+00 1.319360000000000088e+00 1.373780000000000001e+00
1.007020000000000026e+00 1.036880000000000024e+00 1.072990000000000110e+00 1.112999999999999989e+00 1.155340000000000034e+00 1.196320000000000050e+00 1.234529999999999905e+00 1.272100000000000009e+00 1.312130000000000019e+00 1.355690000000000062e+00 1.403180000000000094e+00
1.009249999999999980e+00 1.131499999999999950e+00 1.296929999999999916e+00 1.465759999999999952e+00 1.628530000000000033e+00 1.794019999999999948e+00 1.985179999999999945e+00 2.201509999999999856e+00 2.432300000000000129e+00 2.671640000000000015e+00 2.913510000000000044e+00
1.006119999999999903e+00 1.007970000000000033e+00 1.009940000000000060e+00 1.011770000000000058e+00 1.013319999999999999e+00 1.014350000000000085e+00 1.015009999999999968e+00 1.015700000000000047e+00 1.016469999999999985e+00 1.017239999999999922e+00 1.018089999999999939e+00
1.007670000000000066e+00 1.066449999999999898e+00 1.145899999999999919e+00 1.231260000000000021e+00 1.313099999999999934e+00 1.388300000000000090e+00 1.468220000000000081e+00 1.562179999999999902e+00 1.670009999999999994e+00 1.785740000000000105e+00 1.906689999999999996e+00
1.007220000000000004e+00 1.046049999999999924e+00 1.096179999999999932e+00 1.152330000000000076e+00 1.209240000000000093e+00 1.261069999999999913e+00 1.311309999999999976e+00 1.366989999999999927e+00 1.431499999999999995e+00 1.503160000000000052e+00 1.580929999999999946e+00
1.007300000000000084e+00 1.047360000000000069e+00 1.098240000000000105e+00 1.156800000000000050e+00 1.218210000000000015e+00 1.276669999999999972e+00 1.331949999999999967e+00 1.388470000000000093e+00 1.449829999999999952e+00 1.517339999999999911e+00 1.591890000000000027e+00
1.007470000000000088e+00 1.054419999999999913e+00 1.115299999999999958e+00 1.184749999999999970e+00 1.255349999999999966e+00 1.321250000000000036e+00 1.385040000000000049e+00 1.454059999999999908e+00 1.531479999999999952e+00 1.617459999999999898e+00 1.709959999999999924e+00
1.007740000000000080e+00 1.071450000000000014e+00 1.155869999999999953e+00 1.243889999999999940e+00 1.325970000000000093e+00 1.405370000000000008e+00 1.499810000000000088e+00 1.613180000000000058e+00 1.735759999999999970e+00 1.864649999999999919e+00 1.996709999999999985e+00
1.007630000000000026e+00 1.065269999999999939e+00 1.142870000000000053e+00 1.226099999999999968e+00 1.305469999999999908e+00 1.379089999999999927e+00 1.459880000000000067e+00 1.555609999999999937e+00 1.664169999999999927e+00 1.779770000000000074e+00 1.899289999999999923e+00
1.006590000000000096e+00 1.023630000000000040e+00 1.043940000000000090e+00 1.064999999999999947e+00 1.085660000000000069e+00 1.103720000000000034e+00 1.119550000000000045e+00 1.136810000000000098e+00 1.157489999999999908e+00 1.181440000000000046e+00 1.208679999999999977e+00
1.010480000000000045e+00 1.182129999999999903e+00 1.412460000000000049e+00 1.646300000000000097e+00 1.873380000000000045e+00 2.105020000000000113e+00 2.363519999999999843e+00 2.656709999999999905e+00 2.968820000000000014e+00 3.289750000000000174e+00 3.619940000000000158e+00
1.007179999999999964e+00 1.045739999999999892e+00 1.093539999999999957e+00 1.144609999999999905e+00 1.193869999999999987e+00 1.237379999999999924e+00 1.283619999999999983e+00 1.339299999999999935e+00 1.403839999999999977e+00 1.474750000000000005e+00 1.550580000000000069e+00
1.006469999999999976e+00 1.019099999999999895e+00 1.033989999999999965e+00 1.049779999999999935e+00 1.065830000000000055e+00 1.080840000000000023e+00 1.094139999999999890e+00 1.106859999999999955e+00 1.120000000000000107e+00 1.134530000000000038e+00 1.150640000000000107e+00
1.008340000000000014e+00 1.087849999999999984e+00 1.193389999999999951e+00 1.310959999999999903e+00 1.427200000000000024e+00 1.536909999999999998e+00 1.645559999999999912e+00 1.765030000000000099e+00 1.898430000000000062e+00 2.045020000000000060e+00 2.199600000000000222e+00
1.009319999999999995e+00 1.129440000000000000e+00 1.290669999999999984e+00 1.459540000000000060e+00 1.621620000000000061e+00 1.777290000000000036e+00 1.939990000000000103e+00 2.124890000000000168e+00 2.331339999999999968e+00 2.551140000000000185e+00 2.780660000000000132e+00
1.011039999999999939e+00 1.218849999999999989e+00 1.491999999999999993e+00 1.760119999999999907e+00 2.022810000000000219e+00 2.308590000000000142e+00 2.639190000000000147e+00 2.997320000000000206e+00 3.368430000000000035e+00 3.745859999999999967e+00 4.127620000000000289e+00
1.008019999999999916e+00 1.077360000000000095e+00 1.167359999999999953e+00 1.263740000000000085e+00 1.355599999999999916e+00 1.440989999999999993e+00 1.534359999999999946e+00 1.643839999999999968e+00 1.766590000000000105e+00 1.897319999999999895e+00 2.034279999999999866e+00
1.009050000000000002e+00 1.125909999999999966e+00 1.284359999999999946e+00 1.445799999999999974e+00 1.600139999999999896e+00 1.758229999999999960e+00 1.940700000000000092e+00 2.147429999999999950e+00 2.366859999999999964e+00 2.594339999999999868e+00 2.825079999999999814e+00
1.006529999999999925e+00 1.020990000000000064e+00 1.038249999999999895e+00 1.056920000000000082e+00 1.076279999999999903e+00 1.094950000000000090e+00 1.111969999999999903e+00 1.128290000000000015e+00 1.144859999999999989e+00 1.162770000000000081e+00 1.182369999999999921e+00
1.006669999999999954e+00 1.026540000000000008e+00 1.050359999999999960e+00 1.075399999999999912e+00 1.100260000000000016e+00 1.122120000000000006e+00 1.143189999999999928e+00 1.166989999999999972e+00 1.194669999999999899e+00 1.225810000000000066e+00 1.260459999999999914e+00
1.006229999999999958e+00 1.011630000000000029e+00 1.017919999999999936e+00 1.024119999999999919e+00 1.029609999999999914e+00 1.033549999999999969e+00 1.036210000000000075e+00 1.038739999999999997e+00 1.041600000000000081e+00 1.045109999999999983e+00 1.049230000000000107e+00
1.007239999999999913e+00 1.045679999999999943e+00 1.093280000000000030e+00 1.145829999999999904e+00 1.198839999999999906e+00 1.247330000000000050e+00 1.294869999999999965e+00 1.348000000000000087e+00 1.407859999999999889e+00 1.474569999999999936e+00 1.546740000000000004e+00
