3.055330000000000101e+00 2.769340000000000135e+00 2.494120000000000115e+00 2.334509999999999863e+00 2.475760000000000183e+00 2.653230000000000199e+00 2.432139999999999969e+00 2.325839999999999907e+00 2.223730000000000206e+00 2.142100000000000115e+00 1.991719999999999935e+00
2.382550000000000168e+00 2.197220000000000173e+00 2.045490000000000030e+00 2.043489999999999807e+00 2.258960000000000079e+00 2.013279999999999959e+00 1.883920000000000039e+00 1.969810000000000061e+00 1.845169999999999977e+00 1.872640000000000082e+00 1.758520000000000083e+00
3.785429999999999851e+00 3.574160000000000004e+00 3.149140000000000050e+00 3.360910000000000064e+00 3.787500000000000089e+00 3.653939999999999966e+00 3.061290000000000067e+00 2.981469999999999843e+00 2.686430000000000096e+00 2.782129999999999992e+00 2.435439999999999827e+00
4.663969999999999949e+00 3.128499999999999837e+00 2.902880000000000127e+00 2.466959999999999820e+00 5.355640000000000178e+00 4.239029999999999632e+00 3.314880000000000049e+00 3.427540000000000031e+00 3.016220000000000123e+00 3.005999999999999783e+00 2.732829999999999870e+00
1.763830000000000009e+00 1.748189999999999911e+00 1.646500000000000075e+00 1.674250000000000016e+00 1.764100000000000001e+00 1.726399999999999935e+00 1.678290000000000060e+00 1.651289999999999925e+00 1.623609999999999998e+00 1.614020000000000010e+00 1.561830000000000052e+00
2.360110000000000152e+00 3.395989999999999842e+00 3.117049999999999876e+00 2.802849999999999842e+00 4.740840000000000387e+00 1.899440000000000017e+00 2.963600000000000012e+00 2.872279999999999944e+00 2.774700000000000166e+00 2.684639999999999915e+00 2.398179999999999978e+00
2.866340000000000110e+00 3.376479999999999926e+00 2.976290000000000102e+00 2.541349999999999998e+00 2.462009999999999810e+00 2.363809999999999967e+00 3.554520000000000124e+00 3.540739999999999998e+00 3.076560000000000183e+00 1.856260000000000021e+00 2.768959999999999866e+00
2.834849999999999870e+00 4.244790000000000063e+00 3.355789999999999829e+00 2.630980000000000096e+00 5.150319999999999787e+00 4.022979999999999556e+00 3.374620000000000175e+00 3.411200000000000010e+00 4.429079999999999906e+00 3.079050000000000065e+00 2.715240000000000098e+00
2.474279999999999813e+00 2.354890000000000150e+00 2.300769999999999982e+00 2.070990000000000109e+00 2.364749999999999908e+00 2.363550000000000040e+00 2.044579999999999842e+00 2.061030000000000140e+00 1.961950000000000083e+00 1.915440000000000031e+00 1.834729999999999972e+00
6.113889999999999603e+00 4.622069999999999901e+00 4.227949999999999875e+00 3.615019999999999900e+00 3.530149999999999899e+00 5.970559999999999867e+00 3.019470000000000098e+00 4.587259999999999671e+00 2.567670000000000119e+00 4.079250000000000043e+00 3.398320000000000007e+00
3.931290000000000173e+00 3.418719999999999981e+00 2.848710000000000075e+00 2.404929999999999790e+00 3.436139999999999972e+00 3.318909999999999805e+00 3.009749999999999925e+00 2.722459999999999880e+00 2.731710000000000083e+00 2.625799999999999912e+00 2.348219999999999974e+00
3.132080000000000197e+00 2.777489999999999792e+00 2.399999999999999911e+00 2.269839999999999858e+00 2.627250000000000085e+00 2.718389999999999862e+00 2.253989999999999938e+00 2.373499999999999943e+00 2.176419999999999799e+00 2.176750000000000185e+00 2.033869999999999845e+00
1.991489999999999982e+00 2.664400000000000102e+00 2.526370000000000005e+00 2.446460000000000079e+00 2.742490000000000094e+00 2.715450000000000141e+00 2.453759999999999941e+00 2.366709999999999869e+00 2.305880000000000152e+00 2.216540000000000177e+00 2.055909999999999904e+00
4.354190000000000005e+00 4.458450000000000024e+00 3.644060000000000077e+00 3.310369999999999813e+00 2.291580000000000172e+00 4.048300000000000232e+00 3.574450000000000127e+00 3.290560000000000151e+00 3.295599999999999863e+00 3.068080000000000140e+00 2.665470000000000006e+00
1.692499999999999893e+00 1.682169999999999943e+00 1.589469999999999938e+00 1.614430000000000032e+00 1.701889999999999903e+00 1.674730000000000052e+00 1.632819999999999938e+00 1.611240000000000006e+00 1.591040000000000010e+00 1.582049999999999956e+00 1.537150000000000016e+00
3.135530000000000150e+00 2.788899999999999935e+00 2.566159999999999997e+00 2.699110000000000120e+00 2.945829999999999949e+00 2.843210000000000015e+00 2.355679999999999996e+00 2.448620000000000019e+00 2.197610000000000063e+00 2.298059999999999992e+00 2.026100000000000012e+00
2.549199999999999910e+00 3.474810000000000176e+00 3.150180000000000202e+00 3.143800000000000150e+00 3.658990000000000187e+00 3.568509999999999849e+00 2.966340000000000199e+00 2.982159999999999922e+00 2.801299999999999901e+00 2.782770000000000188e+00 2.427259999999999973e+00
3.341270000000000184e+00 2.656219999999999803e+00 2.616960000000000175e+00 2.466349999999999820e+00 2.860459999999999781e+00 2.832390000000000185e+00 2.552630000000000177e+00 2.447649999999999881e+00 2.341279999999999806e+00 2.262970000000000148e+00 2.084600000000000009e+00
4.040160000000000196e+00 3.743170000000000108e+00 3.251700000000000035e+00 2.501900000000000013e+00 3.721569999999999823e+00 3.608299999999999841e+00 3.230069999999999997e+00 2.926899999999999835e+00 2.905310000000000059e+00 2.782360000000000166e+00 2.480179999999999829e+00
3.749299999999999855e+00 3.089560000000000084e+00 2.692330000000000112e+00 2.543730000000000047e+00 3.134479999999999933e+00 1.758289999999999909e+00 2.617059999999999942e+00 2.676540000000000141e+00 2.523280000000000189e+00 2.469230000000000036e+00 2.273060000000000080e+00
3.943299999999999805e+00 3.480459999999999887e+00 2.740510000000000002e+00 3.432739999999999903e+00 3.714859999999999829e+00 2.076490000000000169e+00 2.981630000000000003e+00 2.980999999999999872e+00 2.644730000000000025e+00 2.802770000000000206e+00 2.322430000000000216e+00
2.407099999999999795e+00 2.239780000000000104e+00 2.064010000000000122e+00 2.102360000000000007e+00 2.282880000000000020e+00 2.160769999999999857e+00 1.949149999999999938e+00 2.017090000000000050e+00 1.898279999999999967e+00 1.907850000000000046e+00 1.773649999999999949e+00
3.982569999999999943e+00 3.877260000000000151e+00 4.885159999999999947e+00 4.551549999999999763e+00 5.756140000000000256e+00 5.360750000000000348e+00 2.827040000000000219e+00 4.286579999999999835e+00 2.540560000000000151e+00 4.015760000000000218e+00 2.207110000000000127e+00
3.806690000000000129e+00 3.210640000000000160e+00 2.897569999999999979e+00 2.875420000000000087e+00 3.483639999999999848e+00 3.534460000000000157e+00 2.229579999999999895e+00 2.836720000000000130e+00 2.625090000000000146e+00 2.597529999999999895e+00 2.380119999999999791e+00
2.476129999999999942e+00 2.260029999999999983e+00 2.098320000000000185e+00 2.107880000000000198e+00 2.309530000000000083e+00 2.111340000000000217e+00 1.988150000000000084e+00 2.010969999999999924e+00 1.899149999999999894e+00 1.918830000000000036e+00 1.780510000000000037e+00
5.189029999999999809e+00 3.436710000000000154e+00 3.127260000000000151e+00 3.837159999999999904e+00 4.566469999999999807e+00 4.380169999999999675e+00 3.532129999999999992e+00 3.488980000000000192e+00 3.333870000000000111e+00 3.318779999999999841e+00 2.775819999999999954e+00
6.599619999999999820e+00 4.233419999999999739e+00 4.278520000000000323e+00 3.893660000000000121e+00 5.616189999999999571e+00 2.998170000000000002e+00 2.946419999999999817e+00 4.546020000000000394e+00 2.429330000000000211e+00 4.003330000000000055e+00 3.354690000000000172e+00
4.514750000000000263e+00 4.331750000000000433e+00 4.813349999999999795e+00 3.762100000000000222e+00 6.833879999999999733e+00 6.942709999999999937e+00 4.515279999999999738e+00 4.995949999999999669e+00 2.606189999999999785e+00 2.412150000000000016e+00 3.462680000000000202e+00
3.835900000000000087e+00 3.220800000000000107e+00 2.780829999999999913e+00 2.165140000000000065e+00 3.274620000000000086e+00 3.340679999999999872e+00 2.852079999999999949e+00 2.742360000000000131e+00 2.694030000000000147e+00 2.589179999999999815e+00 2.315749999999999975e+00
3.315630000000000077e+00 2.896609999999999907e+00 2.789520000000000000e+00 2.512500000000000178e+00 3.038679999999999826e+00 3.032500000000000195e+00 2.702640000000000153e+00 2.602149999999999963e+00 2.356689999999999952e+00 2.347170000000000201e+00 2.179629999999999956e+00
2.050209999999999866e+00 2.009240000000000137e+00 1.860710000000000086e+00 1.862950000000000106e+00 2.000779999999999781e+00 1.883240000000000025e+00 1.828540000000000054e+00 1.807039999999999980e+00 1.736169999999999991e+00 1.740469999999999962e+00 1.654630000000000045e+00
2.430719999999999992e+00 2.328749999999999876e+00 2.095680000000000209e+00 2.074720000000000120e+00 2.273369999999999891e+00 2.253929999999999989e+00 2.122650000000000148e+00 2.052049999999999930e+00 1.970110000000000028e+00 1.924080000000000013e+00 1.802859999999999907e+00
2.019219999999999793e+00 1.978239999999999998e+00 1.827620000000000022e+00 1.720020000000000104e+00 1.894009999999999971e+00 1.861159999999999926e+00 1.815870000000000095e+00 1.771209999999999951e+00 1.712139999999999995e+00 1.689540000000000042e+00 1.634100000000000108e+00
3.164899999999999824e+00 2.816730000000000178e+00 2.466870000000000118e+00 2.327780000000000182e+00 2.861769999999999925e+00 2.764949999999999797e+00 2.430769999999999875e+00 2.428319999999999812e+00 2.258230000000000182e+00 2.245369999999999866e+00 2.052960000000000118e+00
3.290039999999999853e+00 3.030279999999999863e+00 2.742770000000000152e+00 2.711800000000000210e+00 2.907010000000000094e+00 3.021510000000000140e+00 2.650360000000000049e+00 2.355010000000000048e+00 2.376139999999999919e+00 2.281699999999999839e+00 2.078399999999999803e+00
2.077739999999999920e+00 1.998140000000000027e+00 1.933040000000000092e+00 1.912360000000000060e+00 2.061179999999999790e+00 1.959670000000000023e+00 1.897860000000000102e+00 1.768690000000000095e+00 1.792170000000000041e+00 1.768319999999999892e+00 1.690760000000000041e+00
2.633420000000000094e+00 2.680989999999999984e+00 3.087530000000000108e+00 2.459389999999999965e+00 3.493440000000000101e+00 3.584579999999999878e+00 3.079009999999999803e+00 2.667079999999999895e+00 2.771920000000000162e+00 2.636569999999999858e+00 2.338540000000000063e+00
4.869360000000000355e+00 3.807090000000000085e+00 3.550450000000000106e+00 3.612839999999999829e+00 2.226570000000000160e+00 4.597730000000000317e+00 3.792370000000000019e+00 4.047460000000000058e+00 3.057069999999999954e+00 3.127060000000000173e+00 2.404700000000000060e+00
1.638949999999999907e+00 1.596910000000000052e+00 1.530669999999999975e+00 1.567409999999999970e+00 1.630560000000000009e+00 1.586440000000000072e+00 1.595849999999999991e+00 1.549860000000000015e+00 1.559379999999999988e+00 1.548480000000000079e+00 1.506629999999999914e+00
2.557319999999999816e+00 3.977349999999999941e+00 3.182729999999999837e+00 2.906979999999999897e+00 3.682900000000000063e+00 4.090989999999999682e+00 3.541100000000000136e+00 3.002850000000000019e+00 3.146580000000000155e+00 2.908920000000000172e+00 2.472999999999999865e+00
7.210619999999999585e+00 4.894890000000000185e+00 4.075319999999999609e+00 4.522050000000000125e+00 6.567129999999999690e+00 6.070520000000000138e+00 4.781629999999999825e+00 3.560960000000000125e+00 4.109510000000000218e+00 3.999509999999999899e+00 3.207209999999999894e+00
5.857020000000000337e+00 4.697569999999999801e+00 3.689750000000000085e+00 4.193660000000000387e+00 4.914439999999999920e+00 5.373560000000000336e+00 4.302319999999999922e+00 2.614009999999999945e+00 3.849619999999999820e+00 3.722710000000000186e+00 3.051149999999999807e+00
2.087549999999999795e+00 1.923570000000000002e+00 1.808580000000000076e+00 1.903059999999999974e+00 1.957079999999999931e+00 1.952970000000000095e+00 1.878149999999999986e+00 1.689140000000000086e+00 1.751290000000000013e+00 1.716420000000000057e+00 1.615019999999999900e+00
5.082440000000000069e+00 6.705840000000000245e+00 4.754480000000000040e+00 4.800279999999999880e+00 3.878350000000000186e+00 7.454559999999999853e+00 5.201100000000000279e+00 3.568869999999999987e+00 4.532020000000000159e+00 4.694549999999999557e+00 2.389800000000000146e+00
4.162270000000000358e+00 3.496690000000000076e+00 2.855510000000000215e+00 3.211640000000000050e+00 3.402789999999999981e+00 3.350880000000000081e+00 3.001930000000000209e+00 2.733260000000000023e+00 2.722719999999999807e+00 2.581449999999999800e+00 2.331609999999999960e+00
2.455049999999999955e+00 2.344040000000000123e+00 2.203279999999999905e+00 2.200219999999999843e+00 2.269800000000000040e+00 2.408209999999999962e+00 2.241730000000000000e+00 1.888679999999999914e+00 2.016340000000000021e+00 1.950599999999999890e+00 1.768820000000000059e+00
2.899049999999999905e+00 2.605090000000000128e+00 2.416329999999999867e+00 2.508010000000000073e+00 2.682350000000000012e+00 2.642900000000000027e+00 2.405209999999999848e+00 2.190799999999999859e+00 2.204969999999999875e+00 2.166459999999999830e+00 2.005059999999999842e+00
6.568329999999999558e+00 5.255600000000000271e+00 4.375860000000000305e+00 4.894400000000000084e+00 5.513849999999999696e+00 6.477800000000000225e+00 4.461260000000000225e+00 3.974720000000000031e+00 3.898249999999999993e+00 3.753229999999999844e+00 3.089059999999999917e+00
1.810149999999999926e+00 1.743100000000000094e+00 1.660479999999999956e+00 1.697119999999999962e+00 1.774499999999999966e+00 1.712809999999999944e+00 1.710059999999999913e+00 1.616999999999999993e+00 1.644630000000000036e+00 1.620970000000000022e+00 1.559099999999999930e+00
2.810700000000000198e+00 2.439830000000000165e+00 2.312759999999999927e+00 2.386519999999999975e+00 2.574840000000000018e+00 2.620389999999999997e+00 2.299630000000000063e+00 2.179809999999999803e+00 2.083899999999999864e+00 2.070730000000000182e+00 1.894349999999999978e+00
3.553049999999999820e+00 3.032880000000000020e+00 2.758039999999999825e+00 2.875119999999999898e+00 3.133950000000000014e+00 3.134510000000000129e+00 2.748439999999999994e+00 2.516960000000000086e+00 2.550870000000000193e+00 2.424490000000000034e+00 2.215599999999999792e+00
4.909799999999999720e+00 2.920570000000000110e+00 2.863059999999999938e+00 2.878260000000000041e+00 3.043289999999999829e+00 3.055099999999999927e+00 2.631580000000000030e+00 2.529009999999999980e+00 2.506349999999999856e+00 2.369380000000000042e+00 2.161680000000000046e+00
5.280509999999999593e+00 2.647810000000000219e+00 3.054390000000000160e+00 3.045150000000000023e+00 3.499270000000000103e+00 3.446899999999999853e+00 1.934020000000000072e+00 2.739489999999999981e+00 2.792489999999999917e+00 2.615450000000000053e+00 2.372850000000000126e+00
2.935039999999999871e+00 2.793460000000000054e+00 2.629210000000000047e+00 2.649199999999999999e+00 2.578980000000000050e+00 3.094840000000000035e+00 2.690830000000000055e+00 2.169509999999999827e+00 2.321429999999999882e+00 2.291869999999999852e+00 1.931969999999999965e+00
4.971140000000000114e+00 3.330779999999999852e+00 2.994600000000000151e+00 2.401829999999999909e+00 3.342620000000000147e+00 3.545249999999999790e+00 2.997310000000000141e+00 2.620610000000000106e+00 2.706350000000000033e+00 2.527960000000000207e+00 2.278620000000000090e+00
1.956199999999999939e+00 1.906789999999999985e+00 1.789430000000000076e+00 1.825990000000000002e+00 1.908930000000000016e+00 1.830540000000000056e+00 1.795479999999999965e+00 1.699019999999999975e+00 1.712280000000000024e+00 1.689079999999999915e+00 1.618440000000000101e+00
5.722599999999999909e+00 4.774969999999999715e+00 4.378739999999999633e+00 4.299330000000000318e+00 4.848980000000000068e+00 6.036810000000000009e+00 3.996389999999999887e+00 3.786649999999999849e+00 3.535690000000000222e+00 3.608839999999999826e+00 2.997279999999999944e+00
3.331139999999999990e+00 2.745870000000000033e+00 2.549310000000000187e+00 2.727110000000000145e+00 2.880009999999999959e+00 3.102939999999999809e+00 2.693579999999999863e+00 2.223149999999999959e+00 2.310610000000000053e+00 2.319300000000000139e+00 2.040570000000000217e+00
1.989309999999999912e+00 1.951840000000000019e+00 1.852020000000000000e+00 1.877660000000000107e+00 1.964320000000000066e+00 1.883510000000000018e+00 1.840249999999999941e+00 1.740380000000000038e+00 1.746660000000000101e+00 1.725829999999999975e+00 1.650249999999999995e+00
5.859340000000000437e+00 3.365400000000000169e+00 3.734469999999999956e+00 3.768810000000000215e+00 4.268939999999999735e+00 4.154449999999999754e+00 3.564049999999999940e+00 3.157810000000000006e+00 3.220680000000000209e+00 3.139839999999999964e+00 2.674139999999999961e+00
3.366649999999999920e+00 3.618469999999999853e+00 4.307229999999999670e+00 3.754420000000000091e+00 4.925180000000000113e+00 4.855330000000000368e+00 4.049739999999999895e+00 2.486159999999999926e+00 3.648320000000000007e+00 3.482089999999999907e+00 2.809099999999999930e+00
7.792679999999999829e+00 4.976729999999999876e+00 5.008460000000000356e+00 5.740579999999999572e+00 6.636569999999999858e+00 7.899519999999999875e+00 5.649689999999999657e+00 3.240689999999999849e+00 3.023769999999999847e+00 4.877760000000000318e+00 2.490260000000000140e+00
4.719170000000000087e+00 4.147039999999999615e+00 4.143880000000000230e+00 3.631699999999999928e+00 4.107339999999999769e+00 4.323669999999999902e+00 3.739650000000000141e+00 3.149030000000000218e+00 3.240629999999999900e+00 3.134049999999999780e+00 2.622380000000000155e+00
2.482909999999999950e+00 3.027060000000000084e+00 3.003610000000000113e+00 3.111380000000000035e+00 3.480129999999999946e+00 3.512809999999999988e+00 3.059509999999999952e+00 2.570939999999999781e+00 2.728920000000000012e+00 2.605140000000000011e+00 2.293000000000000149e+00
2.045409999999999950e+00 1.953179999999999916e+00 1.829760000000000053e+00 1.860260000000000025e+00 1.959500000000000020e+00 1.876810000000000089e+00 1.834719999999999906e+00 1.754469999999999974e+00 1.745959999999999956e+00 1.722869999999999902e+00 1.646579999999999933e+00
2.367579999999999796e+00 2.205090000000000217e+00 2.002569999999999961e+00 2.129700000000000149e+00 2.253600000000000048e+00 2.194700000000000095e+00 2.093020000000000103e+00 1.885299999999999976e+00 1.924989999999999979e+00 1.872719999999999940e+00 1.747319999999999984e+00
2.069739999999999913e+00 1.960369999999999946e+00 1.871269999999999989e+00 1.898590000000000000e+00 1.972159999999999913e+00 1.856090000000000018e+00 1.833679999999999977e+00 1.742459999999999898e+00 1.752210000000000045e+00 1.696469999999999922e+00 1.630230000000000068e+00
3.829849999999999977e+00 3.222890000000000033e+00 2.283790000000000209e+00 3.010600000000000165e+00 3.233350000000000168e+00 3.306659999999999933e+00 2.893520000000000092e+00 2.565949999999999953e+00 2.625809999999999977e+00 2.483560000000000212e+00 2.252899999999999903e+00
