1.751330000000000053e+00 1.690569999999999906e+00 1.630940000000000056e+00 1.572680000000000078e+00 1.515919999999999934e+00 1.460800000000000098e+00 1.407219999999999915e+00 1.354929999999999968e+00 1.303560000000000052e+00 1.252969999999999917e+00 1.203619999999999912e+00 1.156609999999999916e+00 1.113750000000000018e+00 1.076850000000000085e+00 1.048000000000000043e+00 1.028059999999999974e+00
1.142269999999999897e+00 1.131610000000000005e+00 1.121520000000000072e+00 1.112009999999999943e+00 1.103050000000000086e+00 1.094610000000000083e+00 1.086580000000000101e+00 1.078819999999999890e+00 1.071239999999999970e+00 1.063809999999999922e+00 1.056559999999999944e+00 1.049530000000000074e+00 1.042759999999999909e+00 1.036280000000000090e+00 1.030480000000000063e+00 1.025940000000000074e+00
2.623019999999999907e+00 2.498270000000000213e+00 2.374960000000000182e+00 2.253390000000000004e+00 2.133849999999999802e+00 2.016599999999999948e+00 1.901659999999999906e+00 1.788689999999999891e+00 1.677089999999999970e+00 1.566279999999999895e+00 1.455889999999999906e+00 1.346289999999999987e+00 1.239079999999999959e+00 1.141129999999999978e+00 1.068599999999999994e+00 1.024110000000000076e+00
1.778810000000000002e+00 1.715840000000000032e+00 1.653990000000000071e+00 1.593460000000000099e+00 1.534419999999999895e+00 1.477000000000000091e+00 1.421210000000000084e+00 1.366840000000000055e+00 1.313560000000000061e+00 1.261109999999999953e+00 1.209699999999999998e+00 1.160460000000000047e+00 1.115520000000000067e+00 1.076659999999999950e+00 1.045039999999999969e+00 1.023320000000000007e+00
1.069430000000000103e+00 1.066009999999999902e+00 1.062750000000000083e+00 1.059660000000000046e+00 1.056689999999999907e+00 1.053809999999999913e+00 1.050980000000000025e+00 1.048149999999999915e+00 1.045269999999999921e+00 1.042350000000000110e+00 1.039409999999999945e+00 1.036470000000000002e+00 1.033579999999999943e+00 1.030780000000000030e+00 1.028219999999999912e+00 1.026049999999999907e+00
2.666119999999999823e+00 2.539229999999999876e+00 2.413670000000000204e+00 2.289719999999999978e+00 2.167730000000000157e+00 2.047979999999999912e+00 1.930639999999999912e+00 1.815469999999999917e+00 1.701799999999999979e+00 1.588759999999999950e+00 1.475950000000000095e+00 1.363779999999999992e+00 1.253730000000000011e+00 1.151200000000000001e+00 1.071309999999999985e+00 1.023810000000000109e+00
4.158479999999999954e+00 3.919519999999999893e+00 3.682690000000000019e+00 3.448449999999999793e+00 3.217309999999999892e+00 2.989900000000000002e+00 2.766729999999999912e+00 2.547979999999999912e+00 2.333309999999999995e+00 2.121659999999999879e+00 1.911729999999999929e+00 1.702879999999999949e+00 1.495319999999999983e+00 1.292000000000000037e+00 1.123350000000000071e+00 1.026829999999999909e+00
3.057729999999999837e+00 2.899540000000000006e+00 2.743069999999999897e+00 2.588670000000000027e+00 2.436749999999999972e+00 2.287749999999999950e+00 2.141890000000000072e+00 1.999100000000000099e+00 1.858780000000000099e+00 1.719989999999999908e+00 1.582039999999999891e+00 1.445009999999999906e+00 1.310060000000000002e+00 1.182909999999999906e+00 1.084209999999999896e+00 1.024599999999999955e+00
1.332219999999999960e+00 1.303919999999999968e+00 1.276459999999999928e+00 1.249949999999999894e+00 1.224490000000000078e+00 1.200099999999999945e+00 1.176730000000000054e+00 1.154309999999999947e+00 1.132759999999999989e+00 1.112109999999999932e+00 1.092600000000000016e+00 1.074510000000000076e+00 1.057900000000000063e+00 1.042820000000000080e+00 1.029770000000000074e+00 1.020080000000000098e+00
4.620709999999999873e+00 4.342550000000000132e+00 4.067239999999999966e+00 3.795290000000000052e+00 3.527410000000000156e+00 3.264390000000000125e+00 3.006920000000000037e+00 2.755339999999999900e+00 2.509380000000000166e+00 2.268009999999999859e+00 2.030139999999999834e+00 1.795479999999999965e+00 1.564529999999999976e+00 1.339579999999999993e+00 1.147080000000000100e+00 1.030939999999999968e+00
1.835290000000000088e+00 1.767169999999999908e+00 1.700490000000000057e+00 1.635399999999999965e+00 1.572030000000000038e+00 1.510399999999999965e+00 1.450320000000000054e+00 1.391469999999999985e+00 1.333539999999999948e+00 1.276520000000000099e+00 1.220930000000000071e+00 1.168150000000000022e+00 1.120570000000000066e+00 1.080400000000000027e+00 1.048769999999999980e+00 1.025339999999999918e+00
1.651729999999999920e+00 1.598289999999999988e+00 1.545830000000000037e+00 1.494539999999999980e+00 1.444560000000000066e+00 1.395999999999999908e+00 1.348850000000000104e+00 1.302890000000000104e+00 1.257840000000000069e+00 1.213680000000000092e+00 1.170830000000000037e+00 1.130519999999999969e+00 1.094419999999999948e+00 1.063460000000000072e+00 1.038000000000000034e+00 1.020270000000000010e+00
1.514899999999999913e+00 1.472190000000000110e+00 1.430600000000000094e+00 1.390230000000000077e+00 1.351099999999999968e+00 1.313199999999999923e+00 1.276350000000000096e+00 1.240410000000000013e+00 1.205300000000000038e+00 1.171310000000000073e+00 1.139029999999999987e+00 1.109189999999999898e+00 1.082279999999999909e+00 1.058570000000000011e+00 1.038659999999999917e+00 1.023449999999999971e+00
3.257540000000000102e+00 3.081799999999999873e+00 2.908199999999999896e+00 2.737130000000000063e+00 2.569059999999999899e+00 2.404450000000000198e+00 2.243619999999999948e+00 2.086479999999999890e+00 1.932450000000000001e+00 1.780620000000000092e+00 1.630160000000000053e+00 1.481119999999999992e+00 1.334819999999999895e+00 1.197750000000000092e+00 1.091520000000000046e+00 1.025460000000000038e+00
1.072140000000000093e+00 1.068400000000000016e+00 1.064840000000000009e+00 1.061450000000000005e+00 1.058200000000000029e+00 1.055069999999999952e+00 1.052000000000000046e+00 1.048950000000000049e+00 1.045879999999999921e+00 1.042769999999999975e+00 1.039639999999999898e+00 1.036520000000000108e+00 1.033449999999999980e+00 1.030469999999999997e+00 1.027770000000000072e+00 1.025500000000000078e+00
1.689130000000000020e+00 1.632579999999999920e+00 1.577199999999999935e+00 1.523169999999999913e+00 1.470660000000000078e+00 1.419810000000000016e+00 1.370579999999999909e+00 1.322729999999999961e+00 1.275910000000000100e+00 1.230019999999999891e+00 1.185410000000000075e+00 1.143140000000000045e+00 1.104789999999999939e+00 1.071479999999999988e+00 1.044240000000000057e+00 1.024909999999999988e+00
2.792159999999999975e+00 2.652870000000000061e+00 2.515350000000000197e+00 2.379900000000000126e+00 2.246840000000000170e+00 2.116540000000000088e+00 1.989030000000000076e+00 1.864060000000000050e+00 1.741079999999999961e+00 1.619480000000000031e+00 1.498729999999999896e+00 1.379189999999999916e+00 1.262680000000000025e+00 1.156619999999999981e+00 1.077490000000000059e+00 1.027430000000000065e+00
1.979519999999999946e+00 1.900940000000000074e+00 1.823739999999999917e+00 1.748099999999999987e+00 1.674190000000000067e+00 1.602060000000000040e+00 1.531539999999999901e+00 1.462299999999999933e+00 1.393979999999999997e+00 1.326370000000000049e+00 1.259700000000000042e+00 1.195319999999999938e+00 1.136230000000000073e+00 1.086419999999999941e+00 1.048550000000000093e+00 1.021919999999999940e+00
2.437180000000000124e+00 2.323659999999999837e+00 2.211850000000000094e+00 2.102040000000000131e+00 1.994510000000000005e+00 1.889450000000000074e+00 1.786820000000000075e+00 1.686290000000000067e+00 1.587280000000000024e+00 1.489330000000000043e+00 1.392230000000000079e+00 1.296729999999999938e+00 1.205500000000000016e+00 1.125499999999999945e+00 1.065560000000000063e+00 1.025419999999999998e+00
1.672439999999999927e+00 1.618219999999999992e+00 1.564969999999999972e+00 1.512880000000000003e+00 1.462139999999999995e+00 1.412860000000000005e+00 1.365010000000000057e+00 1.318359999999999976e+00 1.272540000000000004e+00 1.227419999999999956e+00 1.183389999999999942e+00 1.141569999999999974e+00 1.103730000000000100e+00 1.070869999999999989e+00 1.043490000000000029e+00 1.024799999999999933e+00
3.401619999999999866e+00 3.216429999999999900e+00 3.033319999999999794e+00 2.852679999999999882e+00 2.674990000000000201e+00 2.500750000000000028e+00 2.330270000000000064e+00 2.163510000000000044e+00 2.000030000000000197e+00 1.838859999999999939e+00 1.679040000000000088e+00 1.520420000000000105e+00 1.364100000000000090e+00 1.215580000000000105e+00 1.097669999999999924e+00 1.026080000000000103e+00
1.222690000000000055e+00 1.203869999999999996e+00 1.185859999999999914e+00 1.168739999999999890e+00 1.152549999999999963e+00 1.137310000000000043e+00 1.122949999999999893e+00 1.109369999999999967e+00 1.096410000000000107e+00 1.083979999999999944e+00 1.072089999999999987e+00 1.060769999999999991e+00 1.050100000000000033e+00 1.040129999999999999e+00 1.031300000000000106e+00 1.024250000000000105e+00
3.790999999999999925e+00 3.576740000000000030e+00 3.364759999999999973e+00 3.155530000000000168e+00 2.949549999999999894e+00 2.747390000000000221e+00 2.549399999999999888e+00 2.355620000000000047e+00 2.165599999999999969e+00 1.978359999999999896e+00 1.792859999999999898e+00 1.608849999999999891e+00 1.427130000000000010e+00 1.252499999999999947e+00 1.112559999999999993e+00 1.028399999999999981e+00
2.289810000000000123e+00 2.188959999999999795e+00 2.089599999999999902e+00 1.992010000000000058e+00 1.896439999999999904e+00 1.803109999999999991e+00 1.712010000000000032e+00 1.622849999999999904e+00 1.535080000000000000e+00 1.447999999999999954e+00 1.361329999999999929e+00 1.275760000000000005e+00 1.193400000000000016e+00 1.119119999999999893e+00 1.061160000000000103e+00 1.024000000000000021e+00
1.321369999999999933e+00 1.294210000000000083e+00 1.267949999999999910e+00 1.242629999999999901e+00 1.218280000000000030e+00 1.194890000000000008e+00 1.172379999999999978e+00 1.150700000000000056e+00 1.129850000000000021e+00 1.109979999999999967e+00 1.091339999999999977e+00 1.074140000000000095e+00 1.058410000000000073e+00 1.044070000000000054e+00 1.031579999999999941e+00 1.021859999999999991e+00
3.506629999999999914e+00 3.312320000000000153e+00 3.120509999999999895e+00 2.931639999999999802e+00 2.746210000000000040e+00 2.564709999999999823e+00 2.387290000000000134e+00 2.213709999999999845e+00 2.043239999999999945e+00 1.874929999999999986e+00 1.707810000000000050e+00 1.541709999999999914e+00 1.377639999999999976e+00 1.222310000000000008e+00 1.101150000000000073e+00 1.025989999999999958e+00
3.872660000000000213e+00 3.649000000000000021e+00 3.428329999999999878e+00 3.211219999999999963e+00 2.998209999999999820e+00 2.789969999999999839e+00 2.586780000000000079e+00 2.388539999999999885e+00 2.194539999999999935e+00 2.003649999999999931e+00 1.814640000000000031e+00 1.627010000000000067e+00 1.441100000000000048e+00 1.261660000000000004e+00 1.117029999999999967e+00 1.026939999999999964e+00
4.706170000000000186e+00 4.421949999999999825e+00 4.140620000000000189e+00 3.862690000000000179e+00 3.588859999999999939e+00 3.319920000000000204e+00 3.056560000000000166e+00 2.799119999999999830e+00 2.547400000000000109e+00 2.300440000000000040e+00 2.056929999999999925e+00 1.816319999999999935e+00 1.578950000000000076e+00 1.347220000000000084e+00 1.148309999999999942e+00 1.028929999999999900e+00
2.859669999999999934e+00 2.713890000000000136e+00 2.570139999999999869e+00 2.428789999999999782e+00 2.290230000000000210e+00 2.154790000000000205e+00 2.022559999999999913e+00 1.893299999999999983e+00 1.766289999999999916e+00 1.640589999999999993e+00 1.515509999999999913e+00 1.391359999999999930e+00 1.270070000000000032e+00 1.159089999999999954e+00 1.074600000000000000e+00 1.020790000000000086e+00
3.206929999999999836e+00 3.038749999999999840e+00 2.872259999999999813e+00 2.707829999999999959e+00 2.545850000000000168e+00 2.386859999999999982e+00 2.231180000000000163e+00 2.078819999999999890e+00 1.929300000000000015e+00 1.781560000000000032e+00 1.634579999999999922e+00 1.488250000000000073e+00 1.343509999999999982e+00 1.205009999999999915e+00 1.095220000000000082e+00 1.030080000000000107e+00
1.168709999999999916e+00 1.155620000000000092e+00 1.143159999999999954e+00 1.131329999999999947e+00 1.120170000000000110e+00 1.109590000000000076e+00 1.099509999999999987e+00 1.089800000000000102e+00 1.080340000000000078e+00 1.071120000000000072e+00 1.062189999999999968e+00 1.053620000000000001e+00 1.045490000000000030e+00 1.037889999999999979e+00 1.031250000000000000e+00 1.026000000000000023e+00
1.334699999999999998e+00 1.306270000000000042e+00 1.278710000000000013e+00 1.252129999999999965e+00 1.226599999999999913e+00 1.202159999999999895e+00 1.178760000000000030e+00 1.156279999999999974e+00 1.134630000000000027e+00 1.113899999999999890e+00 1.094359999999999999e+00 1.076219999999999954e+00 1.059590000000000032e+00 1.044589999999999907e+00 1.032010000000000094e+00 1.022569999999999979e+00
1.116749999999999909e+00 1.108270000000000088e+00 1.100330000000000030e+00 1.092950000000000088e+00 1.086079999999999934e+00 1.079669999999999908e+00 1.073600000000000110e+00 1.067739999999999911e+00 1.061940000000000106e+00 1.056149999999999922e+00 1.050340000000000051e+00 1.044589999999999907e+00 1.038910000000000000e+00 1.033390000000000031e+00 1.028569999999999984e+00 1.024950000000000028e+00
1.972120000000000095e+00 1.894150000000000000e+00 1.817530000000000090e+00 1.742490000000000094e+00 1.669200000000000017e+00 1.597809999999999953e+00 1.528210000000000068e+00 1.460069999999999979e+00 1.393019999999999925e+00 1.326719999999999899e+00 1.261330000000000062e+00 1.197969999999999979e+00 1.139320000000000110e+00 1.089180000000000037e+00 1.050170000000000048e+00 1.023169999999999913e+00
1.838489999999999958e+00 1.771099999999999897e+00 1.704790000000000028e+00 1.639739999999999975e+00 1.576179999999999914e+00 1.514250000000000096e+00 1.453959999999999919e+00 1.395089999999999941e+00 1.337290000000000090e+00 1.280259999999999954e+00 1.224140000000000006e+00 1.169980000000000020e+00 1.120039999999999925e+00 1.077280000000000015e+00 1.044100000000000028e+00 1.021919999999999940e+00
1.190989999999999993e+00 1.174749999999999961e+00 1.159259999999999957e+00 1.144549999999999956e+00 1.130659999999999998e+00 1.117569999999999952e+00 1.105199999999999960e+00 1.093439999999999968e+00 1.082170000000000076e+00 1.071329999999999893e+00 1.060939999999999994e+00 1.051039999999999974e+00 1.041639999999999899e+00 1.032799999999999940e+00 1.025090000000000057e+00 1.019169999999999909e+00
2.154669999999999863e+00 2.063660000000000050e+00 1.974020000000000108e+00 1.885939999999999950e+00 1.799660000000000037e+00 1.715359999999999996e+00 1.633029999999999982e+00 1.552310000000000079e+00 1.472660000000000080e+00 1.393540000000000001e+00 1.314850000000000074e+00 1.237460000000000004e+00 1.164029999999999898e+00 1.100640000000000063e+00 1.053250000000000020e+00 1.022299999999999986e+00
2.256429999999999936e+00 2.158180000000000209e+00 2.061240000000000183e+00 1.965819999999999901e+00 1.872190000000000021e+00 1.780580000000000052e+00 1.691159999999999997e+00 1.603599999999999914e+00 1.517439999999999900e+00 1.432039999999999980e+00 1.347190000000000110e+00 1.263589999999999991e+00 1.183720000000000105e+00 1.112870000000000026e+00 1.057379999999999987e+00 1.022219999999999906e+00
1.088440000000000074e+00 1.082859999999999934e+00 1.077599999999999891e+00 1.072670000000000012e+00 1.068000000000000060e+00 1.063549999999999995e+00 1.059250000000000025e+00 1.055020000000000069e+00 1.050799999999999956e+00 1.046580000000000066e+00 1.042370000000000019e+00 1.038189999999999946e+00 1.034110000000000085e+00 1.030170000000000030e+00 1.026550000000000074e+00 1.023419999999999996e+00
2.904790000000000205e+00 2.759139999999999926e+00 2.615180000000000060e+00 2.473230000000000040e+00 2.333650000000000002e+00 2.196899999999999853e+00 2.063309999999999977e+00 1.932649999999999979e+00 1.804140000000000077e+00 1.676600000000000090e+00 1.549279999999999990e+00 1.422369999999999912e+00 1.297449999999999992e+00 1.179459999999999953e+00 1.085029999999999939e+00 1.028059999999999974e+00
3.669750000000000068e+00 3.467560000000000198e+00 3.267329999999999846e+00 3.069370000000000154e+00 2.874229999999999841e+00 2.682449999999999779e+00 2.494470000000000187e+00 2.310299999999999798e+00 2.129469999999999974e+00 1.950779999999999959e+00 1.772909999999999986e+00 1.595250000000000057e+00 1.418190000000000062e+00 1.245849999999999902e+00 1.105369999999999964e+00 1.024850000000000039e+00
3.757820000000000160e+00 3.547079999999999789e+00 3.338490000000000180e+00 3.132359999999999811e+00 2.929279999999999884e+00 2.729820000000000135e+00 2.534489999999999910e+00 2.343319999999999848e+00 2.155780000000000030e+00 1.970669999999999922e+00 1.786920000000000064e+00 1.604260000000000019e+00 1.423419999999999908e+00 1.248410000000000020e+00 1.106419999999999959e+00 1.023490000000000011e+00
1.290960000000000107e+00 1.265940000000000065e+00 1.241770000000000040e+00 1.218569999999999931e+00 1.196409999999999973e+00 1.175359999999999960e+00 1.155380000000000074e+00 1.136279999999999957e+00 1.117949999999999999e+00 1.100370000000000070e+00 1.083599999999999897e+00 1.067770000000000108e+00 1.052990000000000093e+00 1.039330000000000087e+00 1.027249999999999996e+00 1.018469999999999986e+00
4.813979999999999926e+00 4.523850000000000371e+00 4.236399999999999721e+00 3.952160000000000117e+00 3.671749999999999847e+00 3.396090000000000053e+00 3.125980000000000203e+00 2.861860000000000070e+00 2.603429999999999911e+00 2.349629999999999885e+00 2.098990000000000133e+00 1.850719999999999921e+00 1.604740000000000055e+00 1.362700000000000022e+00 1.151659999999999906e+00 1.028319999999999901e+00
1.991300000000000070e+00 1.911499999999999977e+00 1.833180000000000032e+00 1.756510000000000016e+00 1.681650000000000089e+00 1.608680000000000110e+00 1.537449999999999983e+00 1.467600000000000016e+00 1.398730000000000029e+00 1.330640000000000045e+00 1.263700000000000045e+00 1.199219999999999953e+00 1.140060000000000073e+00 1.089809999999999945e+00 1.050950000000000051e+00 1.023390000000000022e+00
2.132660000000000000e+00 2.043149999999999800e+00 1.954919999999999991e+00 1.868230000000000057e+00 1.783309999999999951e+00 1.700409999999999977e+00 1.619620000000000060e+00 1.540580000000000060e+00 1.462800000000000100e+00 1.385720000000000063e+00 1.309260000000000090e+00 1.234240000000000004e+00 1.163140000000000063e+00 1.100929999999999964e+00 1.052450000000000108e+00 1.020880000000000010e+00
1.433189999999999964e+00 1.396959999999999980e+00 1.361779999999999990e+00 1.327709999999999946e+00 1.294780000000000042e+00 1.262950000000000017e+00 1.232180000000000053e+00 1.202369999999999939e+00 1.173540000000000028e+00 1.145929999999999893e+00 1.119890000000000052e+00 1.095849999999999991e+00 1.074040000000000106e+00 1.054510000000000058e+00 1.037800000000000056e+00 1.024450000000000083e+00
3.758669999999999956e+00 3.545170000000000154e+00 3.334020000000000206e+00 3.125599999999999934e+00 2.920479999999999965e+00 2.719359999999999999e+00 2.522790000000000088e+00 2.330940000000000012e+00 2.143349999999999866e+00 1.958919999999999995e+00 1.776510000000000034e+00 1.595909999999999940e+00 1.417969999999999953e+00 1.247630000000000017e+00 1.111010000000000053e+00 1.028110000000000079e+00
1.084600000000000009e+00 1.079450000000000021e+00 1.074589999999999934e+00 1.070009999999999906e+00 1.065679999999999961e+00 1.061560000000000059e+00 1.057590000000000030e+00 1.053679999999999950e+00 1.049749999999999961e+00 1.045800000000000063e+00 1.041849999999999943e+00 1.037919999999999954e+00 1.034070000000000045e+00 1.030299999999999994e+00 1.026780000000000026e+00 1.023840000000000083e+00
1.580279999999999907e+00 1.532429999999999959e+00 1.485670000000000046e+00 1.440139999999999976e+00 1.395990000000000064e+00 1.353299999999999947e+00 1.312049999999999939e+00 1.272019999999999929e+00 1.232949999999999990e+00 1.194709999999999939e+00 1.157680000000000042e+00 1.122689999999999966e+00 1.090840000000000032e+00 1.063020000000000076e+00 1.040229999999999988e+00 1.023949999999999916e+00
1.766210000000000058e+00 1.703759999999999941e+00 1.642570000000000086e+00 1.582789999999999919e+00 1.524580000000000046e+00 1.467989999999999906e+00 1.412910000000000110e+00 1.358999999999999986e+00 1.305909999999999904e+00 1.253579999999999917e+00 1.202499999999999902e+00 1.154130000000000100e+00 1.110780000000000101e+00 1.074210000000000109e+00 1.045449999999999990e+00 1.024790000000000090e+00
2.014489999999999892e+00 1.933370000000000033e+00 1.853650000000000020e+00 1.775530000000000053e+00 1.699179999999999913e+00 1.624640000000000084e+00 1.551790000000000003e+00 1.480269999999999975e+00 1.409650000000000070e+00 1.339639999999999942e+00 1.270520000000000094e+00 1.203580000000000094e+00 1.141799999999999926e+00 1.089749999999999996e+00 1.050499999999999989e+00 1.023269999999999902e+00
2.175170000000000048e+00 2.081310000000000215e+00 1.989009999999999945e+00 1.898460000000000036e+00 1.809889999999999999e+00 1.723379999999999912e+00 1.638830000000000009e+00 1.555909999999999904e+00 1.474140000000000006e+00 1.393150000000000110e+00 1.313039999999999985e+00 1.234990000000000032e+00 1.162290000000000045e+00 1.100700000000000012e+00 1.054389999999999938e+00 1.022380000000000067e+00
1.602719999999999922e+00 1.552880000000000038e+00 1.504029999999999978e+00 1.456350000000000033e+00 1.409990000000000077e+00 1.365080000000000071e+00 1.321639999999999926e+00 1.279449999999999976e+00 1.238269999999999982e+00 1.198020000000000085e+00 1.159140000000000059e+00 1.122800000000000020e+00 1.090319999999999956e+00 1.062340000000000062e+00 1.038820000000000077e+00 1.022289999999999921e+00
2.204460000000000086e+00 2.108540000000000081e+00 2.014069999999999805e+00 1.921289999999999942e+00 1.830470000000000041e+00 1.741800000000000015e+00 1.655370000000000008e+00 1.570869999999999989e+00 1.487870000000000026e+00 1.405790000000000095e+00 1.324629999999999974e+00 1.245239999999999903e+00 1.170420000000000016e+00 1.106419999999999959e+00 1.058030000000000026e+00 1.024929999999999897e+00
1.164360000000000062e+00 1.150760000000000005e+00 1.137850000000000028e+00 1.125650000000000039e+00 1.114170000000000105e+00 1.103369999999999962e+00 1.093199999999999950e+00 1.083509999999999973e+00 1.074200000000000044e+00 1.065190000000000081e+00 1.056470000000000020e+00 1.048089999999999966e+00 1.040119999999999933e+00 1.032599999999999962e+00 1.025979999999999892e+00 1.020799999999999930e+00
2.706960000000000033e+00 2.573780000000000179e+00 2.442340000000000177e+00 2.312980000000000036e+00 2.186010000000000009e+00 2.061809999999999921e+00 1.940520000000000023e+00 1.821870000000000100e+00 1.705270000000000064e+00 1.589890000000000025e+00 1.475379999999999914e+00 1.362149999999999972e+00 1.252250000000000085e+00 1.153180000000000094e+00 1.077700000000000102e+00 1.028980000000000006e+00
2.403369999999999784e+00 2.295329999999999870e+00 2.188600000000000101e+00 2.083429999999999893e+00 1.980120000000000102e+00 1.878889999999999949e+00 1.779949999999999921e+00 1.682919999999999972e+00 1.587199999999999944e+00 1.491959999999999953e+00 1.396779999999999911e+00 1.302040000000000086e+00 1.209570000000000034e+00 1.124889999999999946e+00 1.059059999999999890e+00 1.019400000000000084e+00
1.188099999999999934e+00 1.172609999999999930e+00 1.157829999999999915e+00 1.143799999999999928e+00 1.130519999999999969e+00 1.117969999999999908e+00 1.106060000000000043e+00 1.094719999999999915e+00 1.083879999999999955e+00 1.073469999999999924e+00 1.063509999999999955e+00 1.054059999999999997e+00 1.045109999999999983e+00 1.036689999999999889e+00 1.029209999999999958e+00 1.023200000000000109e+00
3.509250000000000203e+00 3.313289999999999846e+00 3.120000000000000107e+00 2.929840000000000000e+00 2.743310000000000137e+00 2.560919999999999863e+00 2.382890000000000175e+00 2.208930000000000060e+00 2.038269999999999804e+00 1.869799999999999907e+00 1.702590000000000048e+00 1.536489999999999911e+00 1.373029999999999973e+00 1.220339999999999980e+00 1.101569999999999938e+00 1.026259999999999950e+00
3.511940000000000062e+00 3.315300000000000136e+00 3.121440000000000214e+00 2.930839999999999890e+00 2.744040000000000035e+00 2.561510000000000176e+00 2.383509999999999796e+00 2.209719999999999906e+00 2.039299999999999891e+00 1.871050000000000102e+00 1.703869999999999996e+00 1.537490000000000023e+00 1.372770000000000046e+00 1.216339999999999977e+00 1.094000000000000083e+00 1.018710000000000004e+00
5.829180000000000028e+00 5.458309999999999995e+00 5.091009999999999813e+00 4.727929999999999744e+00 4.369889999999999830e+00 4.017920000000000158e+00 3.673080000000000123e+00 3.335970000000000102e+00 3.006709999999999994e+00 2.684569999999999901e+00 2.368500000000000050e+00 2.057729999999999837e+00 1.751949999999999896e+00 1.452879999999999949e+00 1.187859999999999916e+00 1.026939999999999964e+00
2.869899999999999896e+00 2.724229999999999929e+00 2.580379999999999896e+00 2.438649999999999984e+00 2.299420000000000019e+00 2.163139999999999841e+00 2.030030000000000001e+00 1.899929999999999897e+00 1.772289999999999921e+00 1.646190000000000042e+00 1.520890000000000075e+00 1.396579999999999933e+00 1.275030000000000108e+00 1.163110000000000088e+00 1.077050000000000063e+00 1.022909999999999986e+00
2.388030000000000097e+00 2.278719999999999857e+00 2.170850000000000168e+00 2.064670000000000005e+00 1.960499999999999909e+00 1.858630000000000004e+00 1.759230000000000071e+00 1.662090000000000067e+00 1.566710000000000047e+00 1.472339999999999982e+00 1.378509999999999902e+00 1.285760000000000014e+00 1.196600000000000108e+00 1.118339999999999890e+00 1.058890000000000109e+00 1.020569999999999977e+00
1.194660000000000055e+00 1.179140000000000077e+00 1.164239999999999942e+00 1.149990000000000068e+00 1.136390000000000011e+00 1.123420000000000085e+00 1.111070000000000002e+00 1.099199999999999955e+00 1.087779999999999969e+00 1.076799999999999979e+00 1.066340000000000066e+00 1.056480000000000086e+00 1.047279999999999989e+00 1.038799999999999946e+00 1.031390000000000029e+00 1.025360000000000049e+00
1.710960000000000036e+00 1.653180000000000094e+00 1.596559999999999979e+00 1.541279999999999983e+00 1.487500000000000044e+00 1.435340000000000060e+00 1.384740000000000082e+00 1.335429999999999895e+00 1.286990000000000078e+00 1.239249999999999963e+00 1.192639999999999922e+00 1.148400000000000087e+00 1.108419999999999961e+00 1.073949999999999960e+00 1.045779999999999932e+00 1.025959999999999983e+00
1.058680000000000065e+00 1.055819999999999981e+00 1.053129999999999900e+00 1.050599999999999978e+00 1.048200000000000021e+00 1.045900000000000052e+00 1.043670000000000098e+00 1.041420000000000012e+00 1.039120000000000044e+00 1.036720000000000086e+00 1.034249999999999892e+00 1.031719999999999970e+00 1.029160000000000075e+00 1.026629999999999932e+00 1.024410000000000043e+00 1.022729999999999917e+00
1.891159999999999952e+00 1.818580000000000085e+00 1.747360000000000024e+00 1.677669999999999995e+00 1.609709999999999974e+00 1.543600000000000083e+00 1.479300000000000059e+00 1.416530000000000067e+00 1.354929999999999968e+00 1.294329999999999981e+00 1.235109999999999930e+00 1.178590000000000027e+00 1.127220000000000111e+00 1.083939999999999904e+00 1.050179999999999891e+00 1.025889999999999969e+00
