2.945359999999999978e+00 2.406550000000000189e+00 2.332949999999999857e+00 2.345619999999999816e+00 2.235599999999999810e+00 3.782469999999999999e+00 2.369380000000000042e+00 2.165639999999999787e+00 2.131149999999999878e+00 2.058199999999999807e+00 1.934669999999999890e+00
2.031590000000000007e+00 1.863809999999999967e+00 1.810939999999999994e+00 1.910959999999999992e+00 1.808650000000000091e+00 1.758340000000000014e+00 1.800340000000000051e+00 1.783849999999999936e+00 1.728469999999999951e+00 1.675110000000000099e+00 1.653189999999999937e+00
4.400769999999999627e+00 2.417629999999999946e+00 2.842270000000000074e+00 3.084429999999999783e+00 2.360050000000000203e+00 2.848460000000000214e+00 2.912529999999999841e+00 2.814970000000000194e+00 2.595639999999999947e+00 2.470969999999999889e+00 2.292800000000000171e+00
4.720089999999999897e+00 3.004199999999999982e+00 2.957539999999999836e+00 2.750710000000000210e+00 2.600350000000000161e+00 2.560929999999999929e+00 2.693900000000000183e+00 2.551280000000000214e+00 2.445619999999999905e+00 2.322979999999999823e+00 2.143180000000000085e+00
2.008140000000000036e+00 1.894330000000000069e+00 1.854370000000000074e+00 1.896859999999999991e+00 1.792540000000000022e+00 1.788219999999999921e+00 1.842989999999999906e+00 1.785020000000000051e+00 1.759980000000000100e+00 1.690350000000000019e+00 1.663140000000000063e+00
4.340440000000000076e+00 3.326179999999999914e+00 2.962819999999999787e+00 3.104629999999999779e+00 2.697350000000000136e+00 2.684120000000000061e+00 2.739149999999999974e+00 2.718319999999999848e+00 2.566660000000000164e+00 2.427379999999999871e+00 2.268839999999999968e+00
8.756520000000000081e+00 3.179920000000000080e+00 4.082550000000000345e+00 2.725830000000000197e+00 2.878519999999999968e+00 3.747230000000000061e+00 4.389829999999999899e+00 2.296940000000000204e+00 3.999210000000000154e+00 3.520070000000000032e+00 3.243059999999999832e+00
6.537729999999999819e+00 3.552290000000000170e+00 3.159139999999999837e+00 3.528579999999999828e+00 3.134900000000000020e+00 3.213760000000000172e+00 3.212979999999999947e+00 3.090460000000000207e+00 2.883789999999999853e+00 2.748270000000000213e+00 2.488280000000000047e+00
2.469100000000000072e+00 2.143870000000000164e+00 2.049609999999999932e+00 2.149480000000000057e+00 2.017349999999999977e+00 1.983119999999999994e+00 2.052550000000000097e+00 1.981859999999999955e+00 1.928889999999999993e+00 1.845299999999999940e+00 1.792620000000000102e+00
7.870519999999999960e+00 5.747720000000000162e+00 3.552130000000000010e+00 4.906410000000000160e+00 4.224140000000000228e+00 2.818309999999999871e+00 2.521290000000000031e+00 4.153529999999999944e+00 4.218250000000000277e+00 5.053869999999999862e+00 3.259250000000000203e+00
4.166459999999999830e+00 3.397149999999999892e+00 3.143089999999999939e+00 3.303459999999999841e+00 2.307539999999999925e+00 2.873689999999999856e+00 2.972170000000000201e+00 2.805470000000000130e+00 2.661630000000000162e+00 2.508739999999999970e+00 2.333400000000000141e+00
2.566549999999999887e+00 2.150180000000000202e+00 2.027680000000000149e+00 2.154370000000000118e+00 2.030370000000000008e+00 1.969130000000000047e+00 2.008389999999999898e+00 1.975249999999999950e+00 1.901059999999999972e+00 1.856829999999999981e+00 1.780019999999999936e+00
3.484420000000000073e+00 2.910690000000000222e+00 2.745369999999999866e+00 2.859119999999999884e+00 2.472480000000000011e+00 2.553739999999999899e+00 2.588020000000000209e+00 2.428580000000000183e+00 2.383640000000000203e+00 2.177919999999999856e+00 2.070669999999999789e+00
5.486209999999999809e+00 2.353860000000000063e+00 2.367090000000000138e+00 3.807030000000000136e+00 2.662739999999999885e+00 3.316450000000000120e+00 3.414759999999999796e+00 3.266389999999999905e+00 3.102679999999999882e+00 2.933720000000000105e+00 2.648420000000000218e+00
2.226080000000000059e+00 1.971019999999999994e+00 1.883089999999999931e+00 1.975749999999999895e+00 1.848009999999999931e+00 1.852899999999999991e+00 1.894770000000000065e+00 1.831129999999999924e+00 1.802850000000000064e+00 1.722869999999999902e+00 1.689459999999999962e+00
2.930719999999999992e+00 2.395480000000000054e+00 2.292940000000000200e+00 2.335100000000000176e+00 2.228549999999999809e+00 2.168590000000000018e+00 2.284990000000000077e+00 2.148039999999999949e+00 2.087349999999999817e+00 1.958879999999999955e+00 1.892099999999999893e+00
5.310660000000000380e+00 3.710030000000000161e+00 3.342420000000000169e+00 2.184820000000000206e+00 2.935670000000000002e+00 3.251430000000000042e+00 3.405440000000000023e+00 3.224520000000000053e+00 3.006009999999999849e+00 2.913969999999999949e+00 2.616389999999999993e+00
3.276060000000000194e+00 2.760850000000000026e+00 2.444960000000000022e+00 2.733530000000000015e+00 2.382530000000000037e+00 2.504189999999999916e+00 2.458590000000000053e+00 2.364120000000000221e+00 2.289800000000000058e+00 2.096239999999999881e+00 2.006850000000000023e+00
4.102389999999999759e+00 3.101379999999999804e+00 2.909780000000000033e+00 3.043769999999999865e+00 2.845429999999999904e+00 2.869730000000000114e+00 2.805989999999999984e+00 2.691749999999999865e+00 2.595029999999999948e+00 2.372720000000000162e+00 2.243650000000000144e+00
6.269560000000000244e+00 3.363919999999999799e+00 2.988609999999999989e+00 3.120730000000000004e+00 2.741029999999999855e+00 2.711990000000000123e+00 2.851919999999999789e+00 2.793660000000000032e+00 2.609399999999999942e+00 2.473219999999999974e+00 2.300419999999999909e+00
4.144140000000000157e+00 2.794659999999999922e+00 2.657220000000000137e+00 2.726519999999999833e+00 2.705119999999999969e+00 2.816720000000000113e+00 2.873380000000000045e+00 2.655019999999999936e+00 2.431049999999999933e+00 2.431049999999999933e+00 2.211100000000000065e+00
2.404440000000000133e+00 2.121599999999999930e+00 1.994380000000000042e+00 2.091839999999999922e+00 1.986080000000000068e+00 1.957780000000000076e+00 2.013510000000000133e+00 1.944770000000000110e+00 1.889440000000000008e+00 1.800200000000000022e+00 1.754119999999999902e+00
8.802350000000000563e+00 5.859969999999999679e+00 3.379960000000000075e+00 3.178020000000000067e+00 4.593149999999999622e+00 4.508350000000000080e+00 4.657949999999999591e+00 4.365879999999999761e+00 2.290869999999999962e+00 5.106049999999999756e+00 3.438169999999999948e+00
3.433650000000000091e+00 2.657599999999999962e+00 2.529230000000000089e+00 2.510219999999999896e+00 2.394379999999999953e+00 2.361159999999999926e+00 2.496939999999999937e+00 2.360459999999999781e+00 2.288650000000000073e+00 2.149109999999999854e+00 2.042959999999999887e+00
3.316329999999999778e+00 2.585649999999999782e+00 2.357229999999999936e+00 2.610829999999999984e+00 2.462159999999999904e+00 2.327669999999999906e+00 2.340800000000000214e+00 2.312860000000000138e+00 2.242719999999999825e+00 2.082879999999999843e+00 1.990240000000000009e+00
6.242460000000000342e+00 4.400500000000000078e+00 3.217699999999999783e+00 4.420709999999999695e+00 3.872920000000000140e+00 3.693900000000000183e+00 2.266789999999999861e+00 3.653680000000000039e+00 3.598419999999999952e+00 1.907999999999999918e+00 2.972710000000000186e+00
8.498860000000000525e+00 3.426870000000000083e+00 3.157000000000000028e+00 5.117630000000000123e+00 4.140299999999999869e+00 2.821219999999999839e+00 2.552810000000000024e+00 2.367980000000000196e+00 4.147999999999999687e+00 3.647600000000000176e+00 3.311230000000000118e+00
5.785149999999999793e+00 3.677799999999999958e+00 5.015480000000000160e+00 3.282589999999999897e+00 3.208990000000000009e+00 3.030219999999999914e+00 4.800139999999999851e+00 4.600030000000000285e+00 4.559239999999999959e+00 4.201459999999999972e+00 3.681639999999999802e+00
5.705470000000000041e+00 2.793569999999999887e+00 2.891189999999999927e+00 4.087089999999999890e+00 3.338350000000000151e+00 3.614110000000000156e+00 3.657669999999999977e+00 3.480840000000000156e+00 3.319570000000000132e+00 4.528749999999999609e+00 2.773820000000000174e+00
3.953910000000000036e+00 3.103849999999999998e+00 2.838709999999999845e+00 2.932650000000000201e+00 2.776050000000000129e+00 2.856370000000000076e+00 2.898270000000000124e+00 2.655269999999999797e+00 2.499470000000000081e+00 2.418509999999999938e+00 2.217600000000000016e+00
2.294939999999999980e+00 2.054079999999999906e+00 2.029009999999999980e+00 2.123619999999999841e+00 1.956020000000000092e+00 1.919380000000000086e+00 1.961060000000000025e+00 1.930590000000000028e+00 1.855110000000000037e+00 1.766510000000000025e+00 1.741610000000000102e+00
2.436929999999999819e+00 2.177200000000000024e+00 2.039159999999999862e+00 2.172060000000000102e+00 1.993049999999999988e+00 1.988070000000000004e+00 2.034689999999999888e+00 1.962509999999999977e+00 1.904609999999999914e+00 1.823860000000000037e+00 1.769789999999999974e+00
1.491870000000000029e+00 1.573329999999999895e+00 1.563129999999999908e+00 1.586430000000000007e+00 1.553099999999999925e+00 1.548789999999999889e+00 1.574109999999999898e+00 1.564100000000000046e+00 1.548820000000000086e+00 1.542640000000000011e+00 1.524240000000000039e+00
4.328599999999999781e+00 2.423160000000000203e+00 2.992729999999999890e+00 3.169340000000000046e+00 2.830290000000000195e+00 2.845330000000000137e+00 2.958849999999999980e+00 2.804129999999999789e+00 2.630079999999999973e+00 2.539260000000000073e+00 2.324679999999999858e+00
2.912830000000000030e+00 2.683940000000000214e+00 2.395980000000000221e+00 2.597100000000000186e+00 2.301989999999999981e+00 2.319980000000000153e+00 2.506219999999999892e+00 2.307830000000000048e+00 2.216239999999999988e+00 2.034670000000000201e+00 2.005100000000000104e+00
2.716260000000000119e+00 2.302020000000000177e+00 2.298399999999999999e+00 2.361829999999999874e+00 2.102090000000000014e+00 2.101290000000000102e+00 2.255790000000000184e+00 2.126339999999999897e+00 2.038180000000000103e+00 1.908020000000000049e+00 1.861450000000000049e+00
3.872920000000000140e+00 2.131920000000000037e+00 2.988729999999999887e+00 2.987289999999999779e+00 2.485640000000000072e+00 2.566069999999999851e+00 2.856829999999999981e+00 2.605550000000000033e+00 2.560080000000000133e+00 2.236139999999999795e+00 2.182560000000000056e+00
5.037530000000000285e+00 3.707590000000000163e+00 3.092509999999999870e+00 2.136509999999999909e+00 3.041420000000000012e+00 3.045350000000000001e+00 1.889790000000000081e+00 2.882629999999999804e+00 2.809210000000000207e+00 2.690230000000000121e+00 2.510060000000000180e+00
2.173000000000000043e+00 2.018260000000000165e+00 1.942129999999999912e+00 1.994669999999999943e+00 1.863690000000000069e+00 1.863280000000000047e+00 1.924320000000000030e+00 1.847359999999999891e+00 1.820160000000000000e+00 1.730839999999999934e+00 1.702700000000000102e+00
4.941550000000000331e+00 3.337930000000000064e+00 2.869429999999999925e+00 1.960190000000000099e+00 3.120789999999999953e+00 2.789400000000000102e+00 3.054260000000000197e+00 2.877219999999999889e+00 2.757950000000000124e+00 2.576830000000000176e+00 2.403000000000000025e+00
4.455519999999999925e+00 7.776620000000000310e+00 4.460250000000000270e+00 6.865750000000000242e+00 4.287079999999999558e+00 5.792430000000000412e+00 5.898659999999999570e+00 5.380250000000000199e+00 5.458660000000000068e+00 2.691019999999999968e+00 4.490709999999999980e+00
8.508279999999999177e+00 4.861679999999999779e+00 3.256839999999999957e+00 3.073280000000000012e+00 4.219929999999999737e+00 2.786799999999999944e+00 4.549389999999999823e+00 4.332480000000000331e+00 4.221860000000000390e+00 3.625329999999999941e+00 3.432360000000000078e+00
2.058510000000000062e+00 1.891929999999999890e+00 1.771309999999999940e+00 1.883580000000000032e+00 1.738569999999999949e+00 1.769060000000000077e+00 1.794659999999999922e+00 1.716909999999999936e+00 1.694110000000000005e+00 1.654109999999999969e+00 1.637680000000000025e+00
9.832639999999999603e+00 3.652410000000000156e+00 3.914680000000000160e+00 5.812800000000000189e+00 4.706010000000000026e+00 3.241350000000000176e+00 2.786900000000000155e+00 2.714599999999999902e+00 2.489310000000000134e+00 4.208960000000000257e+00 3.818379999999999885e+00
3.611699999999999910e+00 3.146090000000000053e+00 2.890699999999999825e+00 2.919439999999999813e+00 2.694690000000000030e+00 2.562390000000000168e+00 2.664639999999999898e+00 2.509399999999999853e+00 2.450359999999999872e+00 2.241880000000000095e+00 2.120740000000000069e+00
2.450759999999999827e+00 2.047029999999999905e+00 1.985139999999999905e+00 2.018800000000000150e+00 1.960539999999999949e+00 1.905149999999999899e+00 1.991500000000000048e+00 1.872649999999999926e+00 1.819630000000000081e+00 1.784610000000000030e+00 1.746129999999999960e+00
3.455109999999999904e+00 2.890849999999999920e+00 2.837000000000000188e+00 2.852149999999999963e+00 2.494289999999999896e+00 2.455080000000000151e+00 2.592459999999999987e+00 2.451919999999999877e+00 2.382260000000000044e+00 2.152109999999999967e+00 2.061049999999999827e+00
3.042120000000000157e+00 3.780879999999999797e+00 4.423449999999999882e+00 3.195959999999999912e+00 4.430010000000000225e+00 2.680649999999999977e+00 4.675309999999999633e+00 4.429630000000000400e+00 4.239830000000000432e+00 2.117389999999999883e+00 3.398280000000000189e+00
2.343020000000000103e+00 2.131009999999999849e+00 1.997659999999999991e+00 2.065539999999999932e+00 1.957740000000000036e+00 1.935540000000000038e+00 2.008820000000000050e+00 1.914740000000000109e+00 1.884300000000000086e+00 1.776410000000000045e+00 1.744520000000000071e+00
3.144649999999999945e+00 2.584789999999999921e+00 2.350270000000000081e+00 2.424420000000000019e+00 2.306690000000000129e+00 2.274410000000000043e+00 2.383109999999999840e+00 2.217569999999999819e+00 2.128000000000000114e+00 2.039050000000000029e+00 1.961840000000000028e+00
3.584020000000000206e+00 2.765769999999999840e+00 2.818200000000000038e+00 2.812559999999999949e+00 2.415449999999999875e+00 2.420960000000000001e+00 2.692130000000000134e+00 2.479820000000000135e+00 2.423189999999999955e+00 2.144769999999999843e+00 2.113929999999999865e+00
4.053740000000000343e+00 3.436900000000000066e+00 2.863300000000000178e+00 3.226659999999999862e+00 2.853180000000000049e+00 2.815640000000000143e+00 2.923210000000000086e+00 2.769769999999999843e+00 2.623790000000000067e+00 2.451579999999999870e+00 2.298340000000000050e+00
3.662360000000000060e+00 3.052249999999999908e+00 2.884669999999999845e+00 2.971189999999999998e+00 2.593739999999999934e+00 2.516709999999999781e+00 2.701220000000000176e+00 2.556210000000000093e+00 2.485079999999999956e+00 2.240510000000000002e+00 2.135860000000000092e+00
3.006569999999999965e+00 3.446689999999999809e+00 1.885450000000000070e+00 2.066790000000000127e+00 3.132810000000000095e+00 2.920069999999999943e+00 2.873990000000000045e+00 2.807690000000000019e+00 2.742179999999999840e+00 2.620340000000000114e+00 2.469860000000000166e+00
3.336730000000000196e+00 2.732800000000000118e+00 2.715160000000000018e+00 2.588519999999999932e+00 2.489520000000000177e+00 2.398229999999999862e+00 2.560599999999999987e+00 2.410330000000000084e+00 2.302760000000000140e+00 2.133550000000000058e+00 2.049910000000000121e+00
1.925259999999999971e+00 1.835220000000000073e+00 1.848079999999999945e+00 1.876039999999999930e+00 1.749500000000000055e+00 1.739540000000000086e+00 1.804650000000000087e+00 1.762110000000000065e+00 1.721330000000000027e+00 1.654300000000000104e+00 1.641000000000000014e+00
5.525520000000000209e+00 2.721960000000000157e+00 3.795879999999999921e+00 2.467369999999999841e+00 3.409469999999999779e+00 2.334740000000000038e+00 3.623650000000000038e+00 3.483000000000000096e+00 3.364749999999999908e+00 2.938299999999999912e+00 2.766080000000000094e+00
3.461009999999999920e+00 2.835989999999999789e+00 2.460069999999999979e+00 2.666519999999999779e+00 2.208289999999999864e+00 2.421250000000000124e+00 2.519470000000000098e+00 2.314049999999999940e+00 2.287500000000000089e+00 2.107600000000000140e+00 2.043629999999999836e+00
3.730020000000000113e+00 4.747609999999999886e+00 2.976949999999999985e+00 3.013240000000000141e+00 2.515330000000000066e+00 3.971909999999999830e+00 2.762570000000000192e+00 2.529240000000000155e+00 2.517809999999999881e+00 2.213569999999999816e+00 2.147879999999999789e+00
6.452239999999999753e+00 4.210379999999999789e+00 4.533330000000000304e+00 4.633239999999999803e+00 2.652699999999999836e+00 3.638440000000000119e+00 4.224140000000000228e+00 3.975319999999999965e+00 3.819059999999999899e+00 3.231570000000000054e+00 3.076430000000000220e+00
9.400280000000000413e+00 3.762430000000000163e+00 5.375499999999999723e+00 5.449189999999999756e+00 3.217719999999999914e+00 3.163520000000000110e+00 4.805600000000000094e+00 4.580659999999999954e+00 5.884540000000000326e+00 2.255139999999999922e+00 3.563579999999999970e+00
1.045800999999999981e+01 7.223150000000000404e+00 4.131840000000000401e+00 6.519400000000000084e+00 3.990740000000000176e+00 5.662819999999999965e+00 3.170700000000000074e+00 3.050330000000000208e+00 2.735040000000000138e+00 4.456809999999999938e+00 4.203199999999999825e+00
6.867259999999999920e+00 4.962360000000000326e+00 4.299750000000000405e+00 4.502270000000000216e+00 2.775929999999999787e+00 2.577840000000000131e+00 4.004059999999999953e+00 3.835999999999999854e+00 3.718890000000000029e+00 3.361310000000000020e+00 3.094320000000000181e+00
4.921499999999999986e+00 3.937640000000000029e+00 3.248470000000000191e+00 3.690069999999999961e+00 2.888100000000000112e+00 3.123320000000000096e+00 3.419020000000000170e+00 3.215139999999999887e+00 3.009809999999999874e+00 4.277750000000000163e+00 2.563379999999999992e+00
1.750080000000000080e+00 1.731470000000000065e+00 1.721219999999999972e+00 1.772429999999999950e+00 1.646679999999999922e+00 1.652169999999999916e+00 1.681140000000000079e+00 1.665189999999999948e+00 1.631089999999999929e+00 1.585790000000000033e+00 1.582489999999999952e+00
3.614549999999999930e+00 3.059520000000000017e+00 2.684109999999999996e+00 2.699520000000000142e+00 2.507589999999999986e+00 2.394420000000000215e+00 2.572719999999999896e+00 2.462769999999999904e+00 2.357769999999999921e+00 2.206189999999999873e+00 2.096839999999999815e+00
1.837309999999999999e+00 1.823229999999999906e+00 1.765549999999999953e+00 1.835809999999999942e+00 1.656409999999999938e+00 1.665119999999999933e+00 1.735440000000000094e+00 1.694550000000000001e+00 1.653080000000000105e+00 1.622060000000000057e+00 1.599900000000000100e+00
2.406600000000000072e+00 3.715939999999999799e+00 3.300530000000000186e+00 3.467560000000000198e+00 3.039260000000000073e+00 2.080270000000000064e+00 2.073929999999999829e+00 2.999670000000000059e+00 2.809009999999999785e+00 2.625579999999999803e+00 2.434940000000000104e+00
