1.527919999999999945e+00 1.486329999999999929e+00 1.445510000000000073e+00 1.405350000000000099e+00 1.365760000000000085e+00 1.326589999999999936e+00 1.287819999999999965e+00 1.249570000000000070e+00 1.212129999999999930e+00 1.175999999999999934e+00 1.141939999999999955e+00 1.110889999999999933e+00 1.083550000000000013e+00 1.060540000000000038e+00 1.042210000000000081e+00 1.027879999999999905e+00
1.285900000000000043e+00 1.264150000000000107e+00 1.242879999999999985e+00 1.222010000000000041e+00 1.201449999999999907e+00 1.181170000000000053e+00 1.161210000000000075e+00 1.141699999999999937e+00 1.122849999999999904e+00 1.104940000000000033e+00 1.088119999999999976e+00 1.072480000000000100e+00 1.058019999999999960e+00 1.044969999999999954e+00 1.034259999999999957e+00 1.026089999999999947e+00
2.171759999999999913e+00 2.083439999999999959e+00 1.996299999999999963e+00 1.910239999999999938e+00 1.825090000000000101e+00 1.740620000000000056e+00 1.656570000000000098e+00 1.572759999999999936e+00 1.489069999999999894e+00 1.405599999999999961e+00 1.322729999999999961e+00 1.241440000000000099e+00 1.165059999999999985e+00 1.101280000000000037e+00 1.054990000000000094e+00 1.023689999999999989e+00
2.434629999999999850e+00 2.325849999999999973e+00 2.218620000000000037e+00 2.112909999999999844e+00 2.008739999999999970e+00 1.905909999999999993e+00 1.804030000000000022e+00 1.702700000000000102e+00 1.601590000000000069e+00 1.500709999999999988e+00 1.400400000000000089e+00 1.301760000000000028e+00 1.207770000000000010e+00 1.125480000000000036e+00 1.064189999999999969e+00 1.024049999999999905e+00
1.090810000000000057e+00 1.085669999999999913e+00 1.080689999999999928e+00 1.075819999999999999e+00 1.071059999999999901e+00 1.066389999999999949e+00 1.061779999999999946e+00 1.057229999999999892e+00 1.052769999999999984e+00 1.048389999999999933e+00 1.044119999999999937e+00 1.039989999999999970e+00 1.036049999999999915e+00 1.032380000000000075e+00 1.029069999999999929e+00 1.026089999999999947e+00
2.005220000000000002e+00 1.928490000000000038e+00 1.852919999999999900e+00 1.778410000000000046e+00 1.704860000000000042e+00 1.631999999999999895e+00 1.559579999999999966e+00 1.487460000000000004e+00 1.415659999999999918e+00 1.344400000000000039e+00 1.274199999999999999e+00 1.206199999999999939e+00 1.143510000000000026e+00 1.090740000000000043e+00 1.050959999999999894e+00 1.023230000000000084e+00
2.515890000000000182e+00 2.401949999999999807e+00 2.289540000000000131e+00 2.178620000000000001e+00 2.069170000000000176e+00 1.960979999999999945e+00 1.853669999999999929e+00 1.746890000000000054e+00 1.640320000000000000e+00 1.533889999999999976e+00 1.427829999999999933e+00 1.322910000000000030e+00 1.221619999999999928e+00 1.132530000000000037e+00 1.067180000000000017e+00 1.025139999999999940e+00
2.389250000000000096e+00 2.282620000000000093e+00 2.177610000000000046e+00 2.074120000000000186e+00 1.972089999999999899e+00 1.871259999999999923e+00 1.771309999999999940e+00 1.671990000000000087e+00 1.573169999999999957e+00 1.474900000000000100e+00 1.377510000000000012e+00 1.282100000000000017e+00 1.192730000000000068e+00 1.117960000000000065e+00 1.062559999999999949e+00 1.023989999999999956e+00
1.346279999999999921e+00 1.318289999999999962e+00 1.290950000000000042e+00 1.264199999999999990e+00 1.237980000000000080e+00 1.212239999999999984e+00 1.186970000000000081e+00 1.162300000000000111e+00 1.138490000000000002e+00 1.115869999999999918e+00 1.094850000000000101e+00 1.075620000000000021e+00 1.058240000000000069e+00 1.042810000000000015e+00 1.029979999999999896e+00 1.020100000000000007e+00
3.668880000000000141e+00 3.465819999999999901e+00 3.265620000000000189e+00 3.068420000000000147e+00 2.874379999999999935e+00 2.683409999999999851e+00 2.495140000000000136e+00 2.309099999999999930e+00 2.124800000000000022e+00 1.941999999999999948e+00 1.760620000000000074e+00 1.580869999999999997e+00 1.404260000000000064e+00 1.239689999999999959e+00 1.111830000000000096e+00 1.029970000000000052e+00
1.903110000000000079e+00 1.832770000000000010e+00 1.763530000000000042e+00 1.695249999999999924e+00 1.627750000000000030e+00 1.560840000000000005e+00 1.494329999999999936e+00 1.428220000000000045e+00 1.362679999999999891e+00 1.298259999999999970e+00 1.236029999999999962e+00 1.178129999999999900e+00 1.127180000000000071e+00 1.084910000000000041e+00 1.051509999999999945e+00 1.025479999999999947e+00
1.567609999999999948e+00 1.522680000000000033e+00 1.478529999999999900e+00 1.435100000000000042e+00 1.392309999999999937e+00 1.350030000000000063e+00 1.308179999999999898e+00 1.266739999999999977e+00 1.225880000000000081e+00 1.186059999999999892e+00 1.148069999999999924e+00 1.113140000000000018e+00 1.082359999999999989e+00 1.056100000000000039e+00 1.035279999999999978e+00 1.020189999999999930e+00
1.561919999999999975e+00 1.517900000000000027e+00 1.474529999999999896e+00 1.431669999999999998e+00 1.389229999999999965e+00 1.347089999999999899e+00 1.305239999999999956e+00 1.263849999999999918e+00 1.223279999999999923e+00 1.184239999999999959e+00 1.147569999999999979e+00 1.114219999999999988e+00 1.084959999999999924e+00 1.060089999999999977e+00 1.039789999999999992e+00 1.023519999999999985e+00
2.365359999999999907e+00 2.259819999999999940e+00 2.156000000000000139e+00 2.053830000000000044e+00 1.953230000000000022e+00 1.853930000000000078e+00 1.755630000000000024e+00 1.658069999999999933e+00 1.561139999999999972e+00 1.464930000000000065e+00 1.369890000000000052e+00 1.277290000000000036e+00 1.190879999999999939e+00 1.118100000000000094e+00 1.063460000000000072e+00 1.024580000000000046e+00
1.075220000000000065e+00 1.071379999999999999e+00 1.067639999999999922e+00 1.063970000000000082e+00 1.060359999999999969e+00 1.056789999999999896e+00 1.053250000000000020e+00 1.049749999999999961e+00 1.046310000000000073e+00 1.042920000000000069e+00 1.039619999999999989e+00 1.036419999999999897e+00 1.033339999999999925e+00 1.030459999999999932e+00 1.027849999999999930e+00 1.025509999999999922e+00
1.658179999999999987e+00 1.607280000000000042e+00 1.557269999999999932e+00 1.508059999999999956e+00 1.459540000000000060e+00 1.411489999999999911e+00 1.363739999999999952e+00 1.316289999999999960e+00 1.269349999999999978e+00 1.223309999999999897e+00 1.178889999999999993e+00 1.137320000000000109e+00 1.100039999999999907e+00 1.068089999999999984e+00 1.043050000000000033e+00 1.024880000000000013e+00
2.120299999999999851e+00 2.034870000000000179e+00 1.950700000000000101e+00 1.867699999999999916e+00 1.785670000000000091e+00 1.704409999999999981e+00 1.623680000000000012e+00 1.543299999999999894e+00 1.463179999999999925e+00 1.383499999999999952e+00 1.304780000000000051e+00 1.228399999999999936e+00 1.158130000000000104e+00 1.100109999999999921e+00 1.057099999999999929e+00 1.026750000000000052e+00
1.626800000000000024e+00 1.577830000000000066e+00 1.529570000000000096e+00 1.481889999999999930e+00 1.434669999999999890e+00 1.387820000000000054e+00 1.341250000000000053e+00 1.294960000000000111e+00 1.249179999999999957e+00 1.204409999999999981e+00 1.161620000000000097e+00 1.122300000000000075e+00 1.088140000000000107e+00 1.060140000000000082e+00 1.038359999999999950e+00 1.021549999999999958e+00
2.095380000000000020e+00 2.011060000000000070e+00 1.928060000000000107e+00 1.846240000000000103e+00 1.765419999999999989e+00 1.685389999999999944e+00 1.605930000000000080e+00 1.526869999999999949e+00 1.448209999999999997e+00 1.370149999999999979e+00 1.293339999999999934e+00 1.219470000000000054e+00 1.152409999999999934e+00 1.097210000000000019e+00 1.055609999999999937e+00 1.025090000000000057e+00
1.828109999999999902e+00 1.763700000000000045e+00 1.700339999999999963e+00 1.637950000000000017e+00 1.576480000000000103e+00 1.515759999999999996e+00 1.455600000000000005e+00 1.395829999999999904e+00 1.336500000000000021e+00 1.277930000000000010e+00 1.220909999999999940e+00 1.166959999999999997e+00 1.118710000000000093e+00 1.078300000000000036e+00 1.047180000000000000e+00 1.024999999999999911e+00
2.145669999999999966e+00 2.058899999999999952e+00 1.973400000000000043e+00 1.889100000000000001e+00 1.805870000000000086e+00 1.723459999999999992e+00 1.641539999999999999e+00 1.559879999999999933e+00 1.478350000000000053e+00 1.397049999999999903e+00 1.316519999999999913e+00 1.238110000000000044e+00 1.165010000000000101e+00 1.102840000000000042e+00 1.056419999999999915e+00 1.024720000000000075e+00
1.302329999999999988e+00 1.278289999999999926e+00 1.254829999999999890e+00 1.231899999999999995e+00 1.209459999999999980e+00 1.187489999999999934e+00 1.166020000000000056e+00 1.145219999999999905e+00 1.125299999999999967e+00 1.106430000000000025e+00 1.088850000000000096e+00 1.072589999999999932e+00 1.057709999999999928e+00 1.044370000000000021e+00 1.033209999999999962e+00 1.024340000000000028e+00
3.354699999999999793e+00 3.174999999999999822e+00 2.997959999999999958e+00 2.823650000000000215e+00 2.652050000000000018e+00 2.482979999999999965e+00 2.316040000000000099e+00 2.150840000000000085e+00 1.986939999999999928e+00 1.824130000000000029e+00 1.662430000000000074e+00 1.502310000000000034e+00 1.346319999999999961e+00 1.205770000000000008e+00 1.099089999999999900e+00 1.028119999999999923e+00
1.965689999999999937e+00 1.891250000000000098e+00 1.818060000000000009e+00 1.746059999999999945e+00 1.675159999999999982e+00 1.605140000000000011e+00 1.535730000000000040e+00 1.466720000000000024e+00 1.398120000000000029e+00 1.330240000000000089e+00 1.263759999999999994e+00 1.199959999999999916e+00 1.141049999999999898e+00 1.090279999999999916e+00 1.051120000000000054e+00 1.023700000000000054e+00
1.301379999999999981e+00 1.277560000000000029e+00 1.254189999999999916e+00 1.231219999999999981e+00 1.208599999999999897e+00 1.186330000000000107e+00 1.164490000000000025e+00 1.143259999999999943e+00 1.122929999999999984e+00 1.103799999999999892e+00 1.086060000000000025e+00 1.069809999999999928e+00 1.055020000000000069e+00 1.041770000000000085e+00 1.030650000000000066e+00 1.021819999999999951e+00
2.586359999999999992e+00 2.465720000000000134e+00 2.346960000000000157e+00 2.229969999999999786e+00 2.114559999999999995e+00 2.000440000000000218e+00 1.887240000000000029e+00 1.774580000000000046e+00 1.662239999999999940e+00 1.550179999999999891e+00 1.438700000000000090e+00 1.328940000000000010e+00 1.224960000000000049e+00 1.136460000000000026e+00 1.070529999999999982e+00 1.025030000000000108e+00
3.381219999999999892e+00 3.199019999999999975e+00 3.019890000000000185e+00 2.843910000000000160e+00 2.670990000000000197e+00 2.500869999999999926e+00 2.333110000000000017e+00 2.167139999999999844e+00 2.002489999999999881e+00 1.838880000000000070e+00 1.676180000000000003e+00 1.514520000000000088e+00 1.355860000000000065e+00 1.211559999999999970e+00 1.100770000000000026e+00 1.026520000000000099e+00
3.835710000000000175e+00 3.620550000000000157e+00 3.408290000000000042e+00 3.199069999999999858e+00 2.993129999999999846e+00 2.790389999999999926e+00 2.590549999999999908e+00 2.393089999999999939e+00 2.197509999999999852e+00 2.003460000000000019e+00 1.810820000000000096e+00 1.619609999999999994e+00 1.430919999999999970e+00 1.253430000000000044e+00 1.115150000000000086e+00 1.028040000000000065e+00
1.866440000000000099e+00 1.798130000000000006e+00 1.731060000000000043e+00 1.665140000000000065e+00 1.600190000000000001e+00 1.535989999999999966e+00 1.472329999999999917e+00 1.409119999999999928e+00 1.346440000000000081e+00 1.284699999999999953e+00 1.224900000000000100e+00 1.168940000000000090e+00 1.119369999999999976e+00 1.077839999999999909e+00 1.044950000000000045e+00 1.019810000000000105e+00
1.768459999999999921e+00 1.709249999999999936e+00 1.651040000000000063e+00 1.593750000000000000e+00 1.537309999999999954e+00 1.481519999999999948e+00 1.426190000000000069e+00 1.371220000000000105e+00 1.316659999999999942e+00 1.262799999999999923e+00 1.210360000000000102e+00 1.160690000000000000e+00 1.116100000000000092e+00 1.078650000000000109e+00 1.049619999999999997e+00 1.028599999999999959e+00
1.180549999999999988e+00 1.167340000000000044e+00 1.154470000000000107e+00 1.141929999999999890e+00 1.129720000000000057e+00 1.117809999999999970e+00 1.106179999999999941e+00 1.094899999999999984e+00 1.084009999999999918e+00 1.073600000000000110e+00 1.063709999999999933e+00 1.054389999999999938e+00 1.045749999999999957e+00 1.037979999999999903e+00 1.031409999999999938e+00 1.026019999999999932e+00
1.311930000000000041e+00 1.287130000000000107e+00 1.262880000000000003e+00 1.239119999999999999e+00 1.215810000000000057e+00 1.192930000000000046e+00 1.170509999999999939e+00 1.148689999999999989e+00 1.127720000000000056e+00 1.107839999999999936e+00 1.089269999999999960e+00 1.072119999999999962e+00 1.056559999999999944e+00 1.042980000000000018e+00 1.031770000000000076e+00 1.022580000000000044e+00
1.150849999999999929e+00 1.139909999999999979e+00 1.129340000000000011e+00 1.119159999999999933e+00 1.109290000000000109e+00 1.099699999999999900e+00 1.090389999999999970e+00 1.081339999999999968e+00 1.072589999999999932e+00 1.064149999999999929e+00 1.056030000000000024e+00 1.048319999999999919e+00 1.041179999999999994e+00 1.034829999999999917e+00 1.029439999999999911e+00 1.024999999999999911e+00
1.602190000000000003e+00 1.555080000000000018e+00 1.508750000000000036e+00 1.463090000000000002e+00 1.417960000000000109e+00 1.373259999999999925e+00 1.328880000000000061e+00 1.284829999999999917e+00 1.241330000000000044e+00 1.198909999999999920e+00 1.158509999999999929e+00 1.121499999999999941e+00 1.088999999999999968e+00 1.061469999999999914e+00 1.039549999999999974e+00 1.022799999999999931e+00
1.635890000000000066e+00 1.585429999999999895e+00 1.535919999999999952e+00 1.487370000000000081e+00 1.439699999999999980e+00 1.392840000000000078e+00 1.346610000000000085e+00 1.300910000000000011e+00 1.255759999999999987e+00 1.211459999999999981e+00 1.168709999999999916e+00 1.128659999999999997e+00 1.092870000000000008e+00 1.062310000000000088e+00 1.038520000000000110e+00 1.021730000000000027e+00
1.189419999999999922e+00 1.174530000000000074e+00 1.160109999999999975e+00 1.146160000000000068e+00 1.132600000000000051e+00 1.119420000000000082e+00 1.106619999999999937e+00 1.094249999999999945e+00 1.082379999999999898e+00 1.071050000000000058e+00 1.060310000000000086e+00 1.050149999999999917e+00 1.040550000000000086e+00 1.031879999999999908e+00 1.024759999999999893e+00 1.019160000000000066e+00
1.976809999999999956e+00 1.901909999999999989e+00 1.828209999999999891e+00 1.755630000000000024e+00 1.684029999999999916e+00 1.613169999999999993e+00 1.542769999999999975e+00 1.472569999999999935e+00 1.402460000000000040e+00 1.332580000000000098e+00 1.263430000000000053e+00 1.196430000000000105e+00 1.135350000000000081e+00 1.085329999999999906e+00 1.048200000000000021e+00 1.022159999999999958e+00
2.452669999999999906e+00 2.343539999999999957e+00 2.235799999999999788e+00 2.129539999999999988e+00 2.024760000000000115e+00 1.921399999999999997e+00 1.819129999999999914e+00 1.717449999999999921e+00 1.616000000000000103e+00 1.514680000000000026e+00 1.413710000000000022e+00 1.313800000000000079e+00 1.216970000000000107e+00 1.129010000000000069e+00 1.062440000000000051e+00 1.022399999999999975e+00
1.054820000000000091e+00 1.052540000000000031e+00 1.050319999999999920e+00 1.048149999999999915e+00 1.046010000000000106e+00 1.043879999999999919e+00 1.041740000000000110e+00 1.039590000000000014e+00 1.037439999999999918e+00 1.035290000000000044e+00 1.033160000000000078e+00 1.031039999999999957e+00 1.028960000000000097e+00 1.026929999999999898e+00 1.025039999999999951e+00 1.023360000000000047e+00
2.251619999999999955e+00 2.156410000000000160e+00 2.062699999999999978e+00 1.970599999999999907e+00 1.880060000000000064e+00 1.790980000000000016e+00 1.702909999999999924e+00 1.615380000000000038e+00 1.528149999999999897e+00 1.441330000000000000e+00 1.355329999999999924e+00 1.270899999999999919e+00 1.189980000000000038e+00 1.117820000000000036e+00 1.062980000000000036e+00 1.027379999999999960e+00
3.474270000000000191e+00 3.287949999999999928e+00 3.103930000000000078e+00 2.922449999999999992e+00 2.743660000000000210e+00 2.567639999999999922e+00 2.394179999999999975e+00 2.222669999999999924e+00 2.052439999999999820e+00 1.883010000000000073e+00 1.714159999999999906e+00 1.545930000000000026e+00 1.379520000000000080e+00 1.221360000000000001e+00 1.098179999999999934e+00 1.024739999999999984e+00
3.024199999999999999e+00 2.870029999999999859e+00 2.717940000000000023e+00 2.568169999999999842e+00 2.420760000000000023e+00 2.275679999999999925e+00 2.132600000000000051e+00 1.990949999999999998e+00 1.850309999999999899e+00 1.710499999999999909e+00 1.571569999999999911e+00 1.433829999999999938e+00 1.298689999999999900e+00 1.174309999999999965e+00 1.081250000000000044e+00 1.022780000000000022e+00
1.154819999999999958e+00 1.142560000000000020e+00 1.130840000000000067e+00 1.119650000000000034e+00 1.108959999999999946e+00 1.098729999999999984e+00 1.088870000000000005e+00 1.079329999999999901e+00 1.070109999999999895e+00 1.061229999999999896e+00 1.052720000000000100e+00 1.044589999999999907e+00 1.036859999999999893e+00 1.029590000000000005e+00 1.023190000000000044e+00 1.018319999999999892e+00
4.151790000000000092e+00 3.911360000000000170e+00 3.673900000000000166e+00 3.439859999999999918e+00 3.209540000000000060e+00 2.983220000000000205e+00 2.760810000000000208e+00 2.541739999999999888e+00 2.325509999999999966e+00 2.111829999999999874e+00 1.900689999999999991e+00 1.692069999999999963e+00 1.486289999999999889e+00 1.287390000000000034e+00 1.125760000000000094e+00 1.027740000000000098e+00
1.885059999999999958e+00 1.815180000000000016e+00 1.746469999999999967e+00 1.678870000000000084e+00 1.612209999999999921e+00 1.546300000000000008e+00 1.480990000000000029e+00 1.416190000000000060e+00 1.352049999999999974e+00 1.288960000000000106e+00 1.227919999999999900e+00 1.171100000000000030e+00 1.121439999999999992e+00 1.080610000000000070e+00 1.048419999999999908e+00 1.023339999999999916e+00
1.346049999999999969e+00 1.317800000000000082e+00 1.290329999999999977e+00 1.263660000000000005e+00 1.237689999999999957e+00 1.212360000000000104e+00 1.187619999999999898e+00 1.163450000000000095e+00 1.140020000000000033e+00 1.117609999999999992e+00 1.096570000000000045e+00 1.077180000000000026e+00 1.059560000000000057e+00 1.043579999999999952e+00 1.030000000000000027e+00 1.020080000000000098e+00
1.499749999999999917e+00 1.460560000000000080e+00 1.422060000000000102e+00 1.384139999999999926e+00 1.346700000000000008e+00 1.309649999999999981e+00 1.272950000000000026e+00 1.236699999999999910e+00 1.201210000000000111e+00 1.166989999999999972e+00 1.134789999999999965e+00 1.105369999999999964e+00 1.079320000000000057e+00 1.056999999999999940e+00 1.038880000000000026e+00 1.024499999999999966e+00
3.153630000000000155e+00 2.988309999999999800e+00 2.825320000000000054e+00 2.664909999999999890e+00 2.507229999999999848e+00 2.352310000000000123e+00 2.199899999999999967e+00 2.049450000000000216e+00 1.900470000000000104e+00 1.752729999999999899e+00 1.606300000000000061e+00 1.461529999999999996e+00 1.319919999999999982e+00 1.189440000000000053e+00 1.090459999999999985e+00 1.027500000000000080e+00
1.088640000000000052e+00 1.083550000000000013e+00 1.078659999999999952e+00 1.073949999999999960e+00 1.069360000000000088e+00 1.064850000000000074e+00 1.060380000000000100e+00 1.055930000000000035e+00 1.051509999999999945e+00 1.047139999999999960e+00 1.042839999999999989e+00 1.038620000000000099e+00 1.034510000000000041e+00 1.030529999999999946e+00 1.026920000000000055e+00 1.023840000000000083e+00
1.447179999999999911e+00 1.412080000000000002e+00 1.377750000000000030e+00 1.344119999999999981e+00 1.311099999999999932e+00 1.278580000000000050e+00 1.246450000000000058e+00 1.214720000000000022e+00 1.183599999999999985e+00 1.153419999999999890e+00 1.124730000000000008e+00 1.098049999999999971e+00 1.073879999999999946e+00 1.052920000000000078e+00 1.036289999999999933e+00 1.023819999999999952e+00
1.766070000000000029e+00 1.706309999999999993e+00 1.647590000000000110e+00 1.589830000000000076e+00 1.532859999999999889e+00 1.476499999999999924e+00 1.420549999999999979e+00 1.364929999999999977e+00 1.309719999999999995e+00 1.255239999999999911e+00 1.202329999999999899e+00 1.152809999999999890e+00 1.109220000000000095e+00 1.073290000000000077e+00 1.045479999999999965e+00 1.024809999999999999e+00
1.722290000000000099e+00 1.665389999999999926e+00 1.609429999999999916e+00 1.554310000000000080e+00 1.499900000000000011e+00 1.446029999999999927e+00 1.392589999999999995e+00 1.339539999999999953e+00 1.287029999999999896e+00 1.235489999999999977e+00 1.185829999999999940e+00 1.139860000000000095e+00 1.099979999999999958e+00 1.067579999999999973e+00 1.042429999999999968e+00 1.022990000000000066e+00
1.952960000000000029e+00 1.878600000000000048e+00 1.805409999999999959e+00 1.733340000000000103e+00 1.662209999999999965e+00 1.591830000000000078e+00 1.522010000000000085e+00 1.452579999999999982e+00 1.383550000000000058e+00 1.315190000000000081e+00 1.248250000000000082e+00 1.184730000000000061e+00 1.128509999999999902e+00 1.082829999999999959e+00 1.048100000000000032e+00 1.022180000000000089e+00
1.646369999999999889e+00 1.595259999999999900e+00 1.545099999999999918e+00 1.495929999999999982e+00 1.447699999999999987e+00 1.400309999999999944e+00 1.353560000000000096e+00 1.307299999999999907e+00 1.261540000000000106e+00 1.216609999999999969e+00 1.173270000000000035e+00 1.132789999999999964e+00 1.096640000000000059e+00 1.065399999999999903e+00 1.039830000000000032e+00 1.022340000000000027e+00
1.905950000000000033e+00 1.835809999999999942e+00 1.766839999999999966e+00 1.699030000000000040e+00 1.632230000000000070e+00 1.566289999999999960e+00 1.500950000000000006e+00 1.435980000000000034e+00 1.371350000000000069e+00 1.307220000000000049e+00 1.244189999999999907e+00 1.183729999999999949e+00 1.129019999999999913e+00 1.083650000000000002e+00 1.049250000000000016e+00 1.024620000000000086e+00
1.134989999999999943e+00 1.125029999999999974e+00 1.115459999999999896e+00 1.106239999999999890e+00 1.097350000000000048e+00 1.088750000000000107e+00 1.080430000000000001e+00 1.072359999999999980e+00 1.064540000000000042e+00 1.056990000000000096e+00 1.049730000000000052e+00 1.042769999999999975e+00 1.036170000000000035e+00 1.030119999999999925e+00 1.024969999999999937e+00 1.020759999999999890e+00
2.856970000000000010e+00 2.713260000000000005e+00 2.571950000000000180e+00 2.433089999999999975e+00 2.296640000000000015e+00 2.162490000000000023e+00 2.030250000000000110e+00 1.899499999999999966e+00 1.769910000000000094e+00 1.641329999999999956e+00 1.513919999999999932e+00 1.388500000000000068e+00 1.268639999999999990e+00 1.164130000000000109e+00 1.084459999999999980e+00 1.029330000000000078e+00
1.655529999999999946e+00 1.603520000000000056e+00 1.552510000000000057e+00 1.502490000000000103e+00 1.453370000000000051e+00 1.405030000000000001e+00 1.357259999999999911e+00 1.309940000000000104e+00 1.263139999999999930e+00 1.217200000000000060e+00 1.172849999999999948e+00 1.131299999999999972e+00 1.094070000000000098e+00 1.062240000000000073e+00 1.036710000000000020e+00 1.018729999999999913e+00
1.155729999999999924e+00 1.144120000000000026e+00 1.132929999999999993e+00 1.122100000000000097e+00 1.111620000000000053e+00 1.101460000000000106e+00 1.091660000000000075e+00 1.082209999999999894e+00 1.073120000000000074e+00 1.064400000000000013e+00 1.056070000000000064e+00 1.048149999999999915e+00 1.040659999999999918e+00 1.033830000000000027e+00 1.028000000000000025e+00 1.023150000000000004e+00
2.384220000000000006e+00 2.277559999999999807e+00 2.172689999999999788e+00 2.069560000000000066e+00 1.967989999999999906e+00 1.867750000000000021e+00 1.768459999999999921e+00 1.669769999999999976e+00 1.571439999999999948e+00 1.473470000000000057e+00 1.376249999999999973e+00 1.281190000000000051e+00 1.192989999999999995e+00 1.119539999999999980e+00 1.064370000000000038e+00 1.025039999999999951e+00
2.735219999999999985e+00 2.600789999999999935e+00 2.468820000000000014e+00 2.339309999999999778e+00 2.212019999999999875e+00 2.086669999999999803e+00 1.962839999999999918e+00 1.840019999999999989e+00 1.717859999999999943e+00 1.596219999999999972e+00 1.475270000000000081e+00 1.355890000000000040e+00 1.241780000000000106e+00 1.143289999999999917e+00 1.069209999999999994e+00 1.017989999999999950e+00
4.403330000000000410e+00 4.144260000000000055e+00 3.888349999999999973e+00 3.635930000000000106e+00 3.387360000000000149e+00 3.142860000000000209e+00 2.902350000000000207e+00 2.665340000000000042e+00 2.431389999999999940e+00 2.200200000000000156e+00 1.971610000000000085e+00 1.745570000000000066e+00 1.522639999999999993e+00 1.307439999999999936e+00 1.131599999999999939e+00 1.025390000000000024e+00
2.378740000000000077e+00 2.271199999999999886e+00 2.165500000000000203e+00 2.061760000000000037e+00 1.959969999999999990e+00 1.860020000000000007e+00 1.761609999999999898e+00 1.664320000000000022e+00 1.567830000000000057e+00 1.472059999999999924e+00 1.377280000000000060e+00 1.284459999999999935e+00 1.196490000000000054e+00 1.120039999999999925e+00 1.062060000000000004e+00 1.022450000000000081e+00
1.928809999999999913e+00 1.855799999999999894e+00 1.784010000000000096e+00 1.713500000000000023e+00 1.644209999999999949e+00 1.576060000000000016e+00 1.508780000000000010e+00 1.442090000000000094e+00 1.375839999999999952e+00 1.310159999999999991e+00 1.245640000000000081e+00 1.183710000000000040e+00 1.127629999999999910e+00 1.080659999999999954e+00 1.044939999999999980e+00 1.020119999999999916e+00
1.166120000000000045e+00 1.154060000000000086e+00 1.142339999999999911e+00 1.130949999999999900e+00 1.119860000000000078e+00 1.109080000000000066e+00 1.098559999999999981e+00 1.088340000000000085e+00 1.078470000000000040e+00 1.068980000000000041e+00 1.059949999999999948e+00 1.051420000000000021e+00 1.043460000000000054e+00 1.036310000000000064e+00 1.030270000000000019e+00 1.025309999999999944e+00
1.272839999999999971e+00 1.251009999999999955e+00 1.229850000000000110e+00 1.209330000000000016e+00 1.189400000000000013e+00 1.170009999999999994e+00 1.151149999999999896e+00 1.132889999999999953e+00 1.115410000000000013e+00 1.098889999999999922e+00 1.083460000000000090e+00 1.069120000000000070e+00 1.055900000000000061e+00 1.043849999999999945e+00 1.033619999999999983e+00 1.025509999999999922e+00
1.154369999999999896e+00 1.142649999999999944e+00 1.131429999999999936e+00 1.120679999999999898e+00 1.110349999999999948e+00 1.100379999999999914e+00 1.090770000000000017e+00 1.081469999999999931e+00 1.072480000000000100e+00 1.063830000000000053e+00 1.055509999999999948e+00 1.047530000000000072e+00 1.039940000000000087e+00 1.033020000000000049e+00 1.027320000000000011e+00 1.022860000000000102e+00
1.819909999999999917e+00 1.755100000000000104e+00 1.691480000000000095e+00 1.629010000000000069e+00 1.567560000000000064e+00 1.506979999999999986e+00 1.447079999999999922e+00 1.387769999999999948e+00 1.329169999999999963e+00 1.271600000000000064e+00 1.215929999999999955e+00 1.163710000000000022e+00 1.117450000000000054e+00 1.078950000000000076e+00 1.048699999999999966e+00 1.025859999999999994e+00
