1.858489999999999975e+00 1.789349999999999996e+00 1.721479999999999899e+00 1.655059999999999976e+00 1.590279999999999916e+00 1.527190000000000047e+00 1.465710000000000068e+00 1.405550000000000077e+00 1.346360000000000001e+00 1.288000000000000034e+00 1.230839999999999934e+00 1.176109999999999989e+00 1.126069999999999904e+00 1.083620000000000028e+00 1.051109999999999989e+00 1.028200000000000003e+00
1.280550000000000077e+00 1.257719999999999949e+00 1.235689999999999955e+00 1.214509999999999978e+00 1.194220000000000059e+00 1.174770000000000092e+00 1.156050000000000022e+00 1.137950000000000017e+00 1.120430000000000037e+00 1.103580000000000005e+00 1.087590000000000057e+00 1.072599999999999998e+00 1.058650000000000091e+00 1.045749999999999957e+00 1.034529999999999950e+00 1.026100000000000012e+00
2.772559999999999913e+00 2.638220000000000010e+00 2.505380000000000162e+00 2.374309999999999921e+00 2.245359999999999800e+00 2.118720000000000159e+00 1.994340000000000002e+00 1.871809999999999974e+00 1.750469999999999970e+00 1.629559999999999897e+00 1.508580000000000032e+00 1.387799999999999923e+00 1.268610000000000015e+00 1.157389999999999919e+00 1.073890000000000011e+00 1.024250000000000105e+00
2.730210000000000026e+00 2.597560000000000091e+00 2.466320000000000068e+00 2.336790000000000145e+00 2.209369999999999834e+00 2.084340000000000082e+00 1.961859999999999937e+00 1.841839999999999922e+00 1.723850000000000104e+00 1.607010000000000050e+00 1.490609999999999991e+00 1.374759999999999982e+00 1.260960000000000081e+00 1.154830000000000023e+00 1.073250000000000037e+00 1.024270000000000014e+00
1.067830000000000057e+00 1.064599999999999991e+00 1.061530000000000085e+00 1.058599999999999985e+00 1.055770000000000097e+00 1.053029999999999911e+00 1.050319999999999920e+00 1.047600000000000087e+00 1.044839999999999991e+00 1.042030000000000012e+00 1.039190000000000058e+00 1.036350000000000104e+00 1.033530000000000060e+00 1.030769999999999964e+00 1.028219999999999912e+00 1.026049999999999907e+00
2.479530000000000012e+00 2.365460000000000118e+00 2.252769999999999939e+00 2.141739999999999977e+00 2.032680000000000042e+00 1.925769999999999982e+00 1.821029999999999927e+00 1.718190000000000106e+00 1.616640000000000077e+00 1.515759999999999996e+00 1.415359999999999951e+00 1.315940000000000110e+00 1.219209999999999905e+00 1.131469999999999976e+00 1.065069999999999961e+00 1.023660000000000014e+00
3.176480000000000192e+00 3.010289999999999910e+00 2.845810000000000173e+00 2.683399999999999785e+00 2.523530000000000051e+00 2.366540000000000088e+00 2.212650000000000006e+00 2.061770000000000103e+00 1.913450000000000095e+00 1.766790000000000083e+00 1.620880000000000098e+00 1.475540000000000074e+00 1.331660000000000066e+00 1.194790000000000019e+00 1.088859999999999939e+00 1.025810000000000111e+00
3.006769999999999943e+00 2.850569999999999826e+00 2.696299999999999919e+00 2.544309999999999850e+00 2.395039999999999836e+00 2.248819999999999819e+00 2.105789999999999829e+00 1.965740000000000043e+00 1.828079999999999927e+00 1.692099999999999937e+00 1.557250000000000023e+00 1.423720000000000097e+00 1.292869999999999964e+00 1.172390000000000043e+00 1.081879999999999953e+00 1.024610000000000021e+00
1.254269999999999996e+00 1.232499999999999929e+00 1.211519999999999930e+00 1.191389999999999949e+00 1.172150000000000025e+00 1.153810000000000002e+00 1.136349999999999971e+00 1.119729999999999892e+00 1.103869999999999907e+00 1.088819999999999899e+00 1.074650000000000105e+00 1.061369999999999925e+00 1.049060000000000104e+00 1.037690000000000001e+00 1.027770000000000072e+00 1.020010000000000083e+00
4.567890000000000228e+00 4.293560000000000265e+00 4.022029999999999994e+00 3.753880000000000106e+00 3.489799999999999791e+00 3.230550000000000033e+00 2.976739999999999942e+00 2.728699999999999903e+00 2.486270000000000202e+00 2.248499999999999943e+00 2.014209999999999834e+00 1.782810000000000006e+00 1.554089999999999971e+00 1.330819999999999892e+00 1.144160000000000066e+00 1.030899999999999928e+00
2.362670000000000048e+00 2.254950000000000010e+00 2.149000000000000021e+00 2.045129999999999892e+00 1.943540000000000045e+00 1.844260000000000010e+00 1.747090000000000032e+00 1.651620000000000088e+00 1.557330000000000103e+00 1.463859999999999939e+00 1.371340000000000003e+00 1.280699999999999950e+00 1.194700000000000095e+00 1.120239999999999903e+00 1.064310000000000089e+00 1.025900000000000034e+00
1.547619999999999996e+00 1.502329999999999943e+00 1.457959999999999923e+00 1.414649999999999963e+00 1.372560000000000002e+00 1.331739999999999924e+00 1.292170000000000041e+00 1.253659999999999997e+00 1.216029999999999944e+00 1.179329999999999989e+00 1.144009999999999971e+00 1.111080000000000068e+00 1.081579999999999986e+00 1.055909999999999904e+00 1.034799999999999942e+00 1.020149999999999890e+00
1.584480000000000111e+00 1.536470000000000002e+00 1.489640000000000075e+00 1.444099999999999939e+00 1.399869999999999948e+00 1.356870000000000021e+00 1.314939999999999998e+00 1.273870000000000058e+00 1.233559999999999990e+00 1.194320000000000048e+00 1.156840000000000090e+00 1.122049999999999992e+00 1.090729999999999977e+00 1.063399999999999901e+00 1.040780000000000038e+00 1.023539999999999894e+00
3.074300000000000033e+00 2.912500000000000089e+00 2.752709999999999990e+00 2.595369999999999955e+00 2.440929999999999822e+00 2.289730000000000043e+00 2.141950000000000021e+00 1.997379999999999933e+00 1.855469999999999953e+00 1.715400000000000036e+00 1.576489999999999947e+00 1.438809999999999922e+00 1.303790000000000004e+00 1.179240000000000066e+00 1.085029999999999939e+00 1.025260000000000060e+00
1.063509999999999955e+00 1.060599999999999987e+00 1.057809999999999917e+00 1.055129999999999901e+00 1.052540000000000031e+00 1.050030000000000019e+00 1.047549999999999981e+00 1.045060000000000100e+00 1.042550000000000088e+00 1.040000000000000036e+00 1.037409999999999943e+00 1.034820000000000073e+00 1.032249999999999890e+00 1.029740000000000100e+00 1.027449999999999974e+00 1.025490000000000013e+00
1.928050000000000042e+00 1.854559999999999986e+00 1.782249999999999890e+00 1.711340000000000083e+00 1.642009999999999970e+00 1.574370000000000047e+00 1.508359999999999923e+00 1.443699999999999983e+00 1.379920000000000035e+00 1.316699999999999982e+00 1.254310000000000036e+00 1.193810000000000038e+00 1.137569999999999970e+00 1.088969999999999994e+00 1.050780000000000047e+00 1.025130000000000097e+00
2.229239999999999888e+00 2.132909999999999862e+00 2.037999999999999812e+00 1.944749999999999979e+00 1.853429999999999911e+00 1.764119999999999910e+00 1.676690000000000014e+00 1.590799999999999992e+00 1.505949999999999900e+00 1.421750000000000069e+00 1.338219999999999965e+00 1.256219999999999892e+00 1.178279999999999994e+00 1.110679999999999890e+00 1.060240000000000071e+00 1.026820000000000066e+00
2.386880000000000113e+00 2.278119999999999923e+00 2.170980000000000132e+00 2.065729999999999844e+00 1.962590000000000057e+00 1.861560000000000104e+00 1.762489999999999890e+00 1.664979999999999905e+00 1.568529999999999980e+00 1.472739999999999938e+00 1.377590000000000092e+00 1.283800000000000052e+00 1.194320000000000048e+00 1.117199999999999971e+00 1.060459999999999958e+00 1.022350000000000092e+00
2.223320000000000185e+00 2.126879999999999882e+00 2.031950000000000145e+00 1.938770000000000104e+00 1.847560000000000091e+00 1.758399999999999963e+00 1.671130000000000004e+00 1.585409999999999986e+00 1.500750000000000028e+00 1.416819999999999968e+00 1.333650000000000002e+00 1.252080000000000082e+00 1.174779999999999935e+00 1.108239999999999892e+00 1.058699999999999974e+00 1.025160000000000071e+00
2.713470000000000049e+00 2.581900000000000084e+00 2.451769999999999783e+00 2.323389999999999844e+00 2.197140000000000093e+00 2.073290000000000077e+00 1.951989999999999892e+00 1.833099999999999952e+00 1.716120000000000090e+00 1.600279999999999925e+00 1.484969999999999901e+00 1.370409999999999906e+00 1.258219999999999894e+00 1.154339999999999922e+00 1.074559999999999960e+00 1.025879999999999903e+00
2.734640000000000182e+00 2.600699999999999790e+00 2.468430000000000124e+00 2.338130000000000042e+00 2.210170000000000190e+00 2.084769999999999790e+00 1.962040000000000006e+00 1.841690000000000049e+00 1.723230000000000040e+00 1.605779999999999985e+00 1.488760000000000083e+00 1.372460000000000013e+00 1.258829999999999893e+00 1.154819999999999958e+00 1.075139999999999985e+00 1.025320000000000009e+00
1.511879999999999891e+00 1.469349999999999934e+00 1.427899999999999947e+00 1.387659999999999894e+00 1.348700000000000010e+00 1.310999999999999943e+00 1.274459999999999926e+00 1.238920000000000021e+00 1.204250000000000043e+00 1.170660000000000034e+00 1.138730000000000020e+00 1.109169999999999989e+00 1.082589999999999941e+00 1.059099999999999930e+00 1.039330000000000087e+00 1.024569999999999981e+00
4.395030000000000214e+00 4.133680000000000021e+00 3.875239999999999796e+00 3.620280000000000165e+00 3.369460000000000122e+00 3.123380000000000045e+00 2.882470000000000088e+00 2.646799999999999820e+00 2.415989999999999860e+00 2.188930000000000042e+00 1.964490000000000069e+00 1.742289999999999894e+00 1.522809999999999997e+00 1.310720000000000107e+00 1.136069999999999913e+00 1.029179999999999984e+00
1.779849999999999932e+00 1.717270000000000074e+00 1.655869999999999953e+00 1.595839999999999925e+00 1.537330000000000085e+00 1.480369999999999964e+00 1.424900000000000055e+00 1.370610000000000106e+00 1.317199999999999926e+00 1.264480000000000048e+00 1.212830000000000075e+00 1.163340000000000041e+00 1.117729999999999890e+00 1.077779999999999960e+00 1.045579999999999954e+00 1.023460000000000036e+00
1.199719999999999898e+00 1.183149999999999924e+00 1.167249999999999899e+00 1.152060000000000084e+00 1.137590000000000101e+00 1.123809999999999976e+00 1.110659999999999981e+00 1.098090000000000011e+00 1.086070000000000091e+00 1.074629999999999974e+00 1.063800000000000079e+00 1.053660000000000041e+00 1.044249999999999901e+00 1.035630000000000051e+00 1.028040000000000065e+00 1.021719999999999962e+00
3.737449999999999939e+00 3.525700000000000056e+00 3.316590000000000149e+00 3.110640000000000072e+00 2.908409999999999940e+00 2.710259999999999891e+00 2.516389999999999905e+00 2.326540000000000052e+00 2.140070000000000139e+00 1.955999999999999961e+00 1.773390000000000022e+00 1.592000000000000082e+00 1.412719999999999976e+00 1.242739999999999956e+00 1.109229999999999938e+00 1.026259999999999950e+00
4.044059999999999988e+00 3.807770000000000099e+00 3.574619999999999909e+00 3.345169999999999977e+00 3.120120000000000005e+00 2.899999999999999911e+00 2.685130000000000017e+00 2.475359999999999783e+00 2.269969999999999821e+00 2.067759999999999820e+00 1.867490000000000094e+00 1.668709999999999916e+00 1.471789999999999932e+00 1.281020000000000048e+00 1.124440000000000106e+00 1.027160000000000073e+00
4.405809999999999782e+00 4.145290000000000141e+00 3.887360000000000149e+00 3.632530000000000037e+00 3.381479999999999819e+00 3.134840000000000071e+00 2.893170000000000019e+00 2.656709999999999905e+00 2.425289999999999946e+00 2.197940000000000005e+00 1.973400000000000043e+00 1.750969999999999915e+00 1.530580000000000052e+00 1.315160000000000107e+00 1.135610000000000008e+00 1.028559999999999919e+00
2.447150000000000158e+00 2.331970000000000098e+00 2.218679999999999986e+00 2.107569999999999943e+00 1.998930000000000096e+00 1.892879999999999896e+00 1.789369999999999905e+00 1.688039999999999985e+00 1.588260000000000005e+00 1.489440000000000097e+00 1.391310000000000047e+00 1.294650000000000079e+00 1.202420000000000044e+00 1.122190000000000021e+00 1.061590000000000034e+00 1.020380000000000065e+00
2.661470000000000002e+00 2.532620000000000093e+00 2.405359999999999943e+00 2.280009999999999870e+00 2.156930000000000014e+00 2.036389999999999922e+00 1.918539999999999912e+00 1.803199999999999914e+00 1.689869999999999983e+00 1.577820000000000000e+00 1.466509999999999980e+00 1.356260000000000021e+00 1.248839999999999950e+00 1.150919999999999943e+00 1.076820000000000110e+00 1.029549999999999965e+00
1.406250000000000000e+00 1.373210000000000042e+00 1.341089999999999893e+00 1.309970000000000079e+00 1.279879999999999907e+00 1.250820000000000043e+00 1.222609999999999975e+00 1.195079999999999920e+00 1.168150000000000022e+00 1.142020000000000035e+00 1.117150000000000087e+00 1.093960000000000043e+00 1.072810000000000041e+00 1.053819999999999979e+00 1.037919999999999954e+00 1.026259999999999950e+00
1.646169999999999911e+00 1.593250000000000055e+00 1.541420000000000012e+00 1.490820000000000034e+00 1.441580000000000084e+00 1.393729999999999913e+00 1.347190000000000110e+00 1.301679999999999948e+00 1.257039999999999935e+00 1.213270000000000071e+00 1.170870000000000077e+00 1.130910000000000082e+00 1.094959999999999933e+00 1.064210000000000100e+00 1.040210000000000079e+00 1.022899999999999920e+00
1.122430000000000039e+00 1.113490000000000091e+00 1.105089999999999906e+00 1.097259999999999902e+00 1.089920000000000000e+00 1.083029999999999937e+00 1.076480000000000103e+00 1.070140000000000091e+00 1.063890000000000002e+00 1.057679999999999954e+00 1.051490000000000036e+00 1.045390000000000041e+00 1.039390000000000036e+00 1.033689999999999998e+00 1.028769999999999962e+00 1.024969999999999937e+00
1.913259999999999961e+00 1.840470000000000050e+00 1.768920000000000048e+00 1.698800000000000088e+00 1.630309999999999926e+00 1.563469999999999915e+00 1.498170000000000002e+00 1.434059999999999890e+00 1.370800000000000018e+00 1.308140000000000081e+00 1.246289999999999898e+00 1.186430000000000096e+00 1.131280000000000063e+00 1.084419999999999940e+00 1.048040000000000083e+00 1.023079999999999989e+00
1.415899999999999936e+00 1.380870000000000042e+00 1.346700000000000008e+00 1.313539999999999930e+00 1.281539999999999901e+00 1.250750000000000028e+00 1.221160000000000023e+00 1.192639999999999922e+00 1.165059999999999985e+00 1.138449999999999962e+00 1.113070000000000004e+00 1.089509999999999978e+00 1.068100000000000049e+00 1.048929999999999918e+00 1.032850000000000046e+00 1.021490000000000009e+00
1.321499999999999897e+00 1.294310000000000072e+00 1.267970000000000041e+00 1.242580000000000018e+00 1.218190000000000106e+00 1.194809999999999928e+00 1.172360000000000069e+00 1.150749999999999940e+00 1.129850000000000021e+00 1.109699999999999909e+00 1.090540000000000065e+00 1.072699999999999987e+00 1.056310000000000082e+00 1.041320000000000023e+00 1.028429999999999955e+00 1.019279999999999964e+00
2.759170000000000122e+00 2.625179999999999847e+00 2.492669999999999941e+00 2.361930000000000085e+00 2.233299999999999841e+00 2.107089999999999907e+00 1.983379999999999921e+00 1.861900000000000110e+00 1.741900000000000004e+00 1.622309999999999919e+00 1.502450000000000063e+00 1.382660000000000000e+00 1.264620000000000077e+00 1.154760000000000009e+00 1.071730000000000071e+00 1.022860000000000102e+00
2.562230000000000008e+00 2.440700000000000092e+00 2.320549999999999891e+00 2.202090000000000103e+00 2.085659999999999847e+00 1.971570000000000045e+00 1.860039999999999916e+00 1.750909999999999966e+00 1.643760000000000110e+00 1.537760000000000016e+00 1.432490000000000041e+00 1.328189999999999982e+00 1.226930000000000076e+00 1.135780000000000012e+00 1.065940000000000110e+00 1.022540000000000004e+00
1.116819999999999924e+00 1.108370000000000077e+00 1.100389999999999979e+00 1.092859999999999943e+00 1.085769999999999902e+00 1.079059999999999908e+00 1.072640000000000038e+00 1.066400000000000015e+00 1.060259999999999980e+00 1.054200000000000026e+00 1.048270000000000035e+00 1.042519999999999891e+00 1.037039999999999962e+00 1.031959999999999988e+00 1.027400000000000091e+00 1.023460000000000036e+00
2.450299999999999923e+00 2.338439999999999852e+00 2.227899999999999991e+00 2.119029999999999969e+00 2.012169999999999792e+00 1.907669999999999977e+00 1.805730000000000057e+00 1.706139999999999990e+00 1.608260000000000023e+00 1.511079999999999979e+00 1.414160000000000084e+00 1.318009999999999904e+00 1.224250000000000060e+00 1.137809999999999988e+00 1.069779999999999953e+00 1.027560000000000029e+00
4.572759999999999714e+00 4.302389999999999937e+00 4.034390000000000143e+00 3.769210000000000171e+00 3.507589999999999986e+00 3.250230000000000175e+00 2.997869999999999813e+00 2.750779999999999781e+00 2.508789999999999853e+00 2.270700000000000163e+00 2.035000000000000142e+00 1.800789999999999891e+00 1.567590000000000039e+00 1.336649999999999894e+00 1.138719999999999954e+00 1.025849999999999929e+00
3.129119999999999902e+00 2.966110000000000024e+00 2.804699999999999971e+00 2.645259999999999945e+00 2.488249999999999851e+00 2.334140000000000104e+00 2.183240000000000069e+00 2.035489999999999799e+00 1.890339999999999909e+00 1.746680000000000010e+00 1.603730000000000100e+00 1.461570000000000036e+00 1.321390000000000065e+00 1.188220000000000054e+00 1.084230000000000027e+00 1.022780000000000022e+00
1.231810000000000072e+00 1.211659999999999959e+00 1.192299999999999915e+00 1.173810000000000020e+00 1.156300000000000106e+00 1.139750000000000041e+00 1.124120000000000008e+00 1.109320000000000084e+00 1.095239999999999991e+00 1.081760000000000055e+00 1.068910000000000027e+00 1.056759999999999922e+00 1.045379999999999976e+00 1.034790000000000099e+00 1.025400000000000089e+00 1.018410000000000037e+00
4.797789999999999999e+00 4.505630000000000024e+00 4.216199999999999726e+00 3.930109999999999992e+00 3.648099999999999898e+00 3.370999999999999996e+00 3.099740000000000162e+00 2.834830000000000183e+00 2.576249999999999929e+00 2.322999999999999954e+00 2.073900000000000077e+00 1.828279999999999905e+00 1.586060000000000025e+00 1.350360000000000005e+00 1.149070000000000036e+00 1.028389999999999915e+00
1.879960000000000075e+00 1.808380000000000098e+00 1.738199999999999967e+00 1.669569999999999999e+00 1.602600000000000025e+00 1.537290000000000045e+00 1.473470000000000057e+00 1.410830000000000028e+00 1.349069999999999991e+00 1.288180000000000103e+00 1.228860000000000063e+00 1.172800000000000065e+00 1.122800000000000020e+00 1.080929999999999946e+00 1.047870000000000079e+00 1.023290000000000033e+00
2.123029999999999973e+00 2.034530000000000172e+00 1.947230000000000016e+00 1.861399999999999944e+00 1.777349999999999985e+00 1.695279999999999898e+00 1.615289999999999893e+00 1.537080000000000002e+00 1.460199999999999942e+00 1.384009999999999962e+00 1.308340000000000058e+00 1.233840000000000048e+00 1.162800000000000056e+00 1.100449999999999928e+00 1.052070000000000061e+00 1.020860000000000101e+00
1.453640000000000043e+00 1.416320000000000023e+00 1.379990000000000050e+00 1.344719999999999915e+00 1.310559999999999947e+00 1.277490000000000014e+00 1.245370000000000088e+00 1.214050000000000074e+00 1.183449999999999891e+00 1.153810000000000002e+00 1.125660000000000105e+00 1.099609999999999976e+00 1.076170000000000071e+00 1.055339999999999945e+00 1.037570000000000103e+00 1.024410000000000043e+00
3.541539999999999910e+00 3.345889999999999809e+00 3.152210000000000178e+00 2.960949999999999971e+00 2.772679999999999811e+00 2.588000000000000078e+00 2.407449999999999868e+00 2.231120000000000214e+00 2.058520000000000127e+00 1.888460000000000027e+00 1.719950000000000090e+00 1.552920000000000078e+00 1.388230000000000075e+00 1.230159999999999920e+00 1.103639999999999954e+00 1.027830000000000021e+00
1.083779999999999966e+00 1.078619999999999912e+00 1.073769999999999891e+00 1.069209999999999994e+00 1.064920000000000089e+00 1.060859999999999914e+00 1.056950000000000056e+00 1.053099999999999925e+00 1.049220000000000041e+00 1.045320000000000027e+00 1.041400000000000103e+00 1.037500000000000089e+00 1.033679999999999932e+00 1.029979999999999896e+00 1.026620000000000088e+00 1.023830000000000018e+00
1.834929999999999950e+00 1.768170000000000019e+00 1.702550000000000008e+00 1.638249999999999984e+00 1.575460000000000083e+00 1.514329999999999954e+00 1.454839999999999911e+00 1.396760000000000002e+00 1.339690000000000047e+00 1.283339999999999925e+00 1.227919999999999900e+00 1.174460000000000059e+00 1.124910000000000077e+00 1.081620000000000026e+00 1.047299999999999898e+00 1.024210000000000065e+00
2.224040000000000017e+00 2.128659999999999997e+00 2.034590000000000121e+00 1.942069999999999963e+00 1.851339999999999986e+00 1.762620000000000076e+00 1.675850000000000062e+00 1.590719999999999912e+00 1.506559999999999899e+00 1.422800000000000065e+00 1.339339999999999975e+00 1.257109999999999950e+00 1.178749999999999964e+00 1.110430000000000028e+00 1.058570000000000011e+00 1.025220000000000020e+00
1.793169999999999931e+00 1.728739999999999943e+00 1.665559999999999929e+00 1.603769999999999918e+00 1.543469999999999898e+00 1.484650000000000025e+00 1.427140000000000075e+00 1.370679999999999898e+00 1.314980000000000038e+00 1.260059999999999958e+00 1.206560000000000077e+00 1.156050000000000022e+00 1.111099999999999977e+00 1.073630000000000084e+00 1.044450000000000101e+00 1.023050000000000015e+00
2.263580000000000148e+00 2.163980000000000015e+00 2.065869999999999873e+00 1.969489999999999963e+00 1.875080000000000080e+00 1.782729999999999926e+00 1.692360000000000086e+00 1.603590000000000071e+00 1.515889999999999960e+00 1.428730000000000055e+00 1.342189999999999994e+00 1.257449999999999957e+00 1.177669999999999995e+00 1.108880000000000088e+00 1.056980000000000031e+00 1.022450000000000081e+00
2.182900000000000063e+00 2.088779999999999859e+00 1.995889999999999942e+00 1.904509999999999925e+00 1.814950000000000063e+00 1.727449999999999930e+00 1.642139999999999933e+00 1.558810000000000029e+00 1.477079999999999949e+00 1.396430000000000060e+00 1.316719999999999891e+00 1.238739999999999952e+00 1.165329999999999977e+00 1.102540000000000076e+00 1.054699999999999971e+00 1.022890000000000077e+00
2.488399999999999945e+00 2.372570000000000068e+00 2.258109999999999840e+00 2.145309999999999828e+00 2.034489999999999910e+00 1.925980000000000025e+00 1.819909999999999917e+00 1.716099999999999959e+00 1.614030000000000076e+00 1.512969999999999926e+00 1.412619999999999987e+00 1.313479999999999981e+00 1.217600000000000016e+00 1.131669999999999954e+00 1.066459999999999964e+00 1.025169999999999915e+00
1.362460000000000004e+00 1.331790000000000029e+00 1.302030000000000021e+00 1.273249999999999993e+00 1.245509999999999895e+00 1.218820000000000014e+00 1.193100000000000049e+00 1.168260000000000076e+00 1.144260000000000055e+00 1.121269999999999989e+00 1.099630000000000107e+00 1.079709999999999948e+00 1.061560000000000059e+00 1.045269999999999921e+00 1.031409999999999938e+00 1.021009999999999973e+00
3.803840000000000110e+00 3.588369999999999838e+00 3.375239999999999796e+00 3.164890000000000203e+00 2.957930000000000170e+00 2.754900000000000126e+00 2.556290000000000173e+00 2.362049999999999983e+00 2.171600000000000197e+00 1.983800000000000008e+00 1.797709999999999919e+00 1.613220000000000098e+00 1.431400000000000006e+00 1.257120000000000015e+00 1.115699999999999914e+00 1.030189999999999939e+00
2.003890000000000171e+00 1.923550000000000093e+00 1.844430000000000014e+00 1.766760000000000108e+00 1.690790000000000015e+00 1.616719999999999935e+00 1.544569999999999999e+00 1.474089999999999900e+00 1.404870000000000063e+00 1.336430000000000007e+00 1.268909999999999982e+00 1.203249999999999931e+00 1.141799999999999926e+00 1.088500000000000023e+00 1.046659999999999924e+00 1.019060000000000077e+00
1.246669999999999945e+00 1.226050000000000084e+00 1.206229999999999913e+00 1.187270000000000048e+00 1.169189999999999952e+00 1.151999999999999913e+00 1.135610000000000008e+00 1.119909999999999961e+00 1.104819999999999913e+00 1.090389999999999970e+00 1.076729999999999965e+00 1.063870000000000093e+00 1.051840000000000108e+00 1.040620000000000100e+00 1.030690000000000106e+00 1.023239999999999927e+00
3.398569999999999869e+00 3.212880000000000180e+00 3.029589999999999783e+00 2.849130000000000162e+00 2.672019999999999840e+00 2.498720000000000052e+00 2.329369999999999941e+00 2.163720000000000088e+00 2.000929999999999875e+00 1.839769999999999905e+00 1.679380000000000095e+00 1.519889999999999963e+00 1.362910000000000066e+00 1.214699999999999891e+00 1.098070000000000102e+00 1.026080000000000103e+00
4.368129999999999846e+00 4.105220000000000091e+00 3.845709999999999962e+00 3.590190000000000214e+00 3.339379999999999793e+00 3.093999999999999861e+00 2.854540000000000077e+00 2.620989999999999931e+00 2.392669999999999852e+00 2.168309999999999960e+00 1.946660000000000057e+00 1.727249999999999952e+00 1.510289999999999910e+00 1.299460000000000059e+00 1.125359999999999916e+00 1.019689999999999985e+00
5.101280000000000037e+00 4.788020000000000387e+00 4.477630000000000443e+00 4.170580000000000176e+00 3.867690000000000072e+00 3.569819999999999993e+00 3.277820000000000178e+00 2.992150000000000087e+00 2.712779999999999969e+00 2.438719999999999999e+00 2.168890000000000207e+00 1.902549999999999963e+00 1.639380000000000059e+00 1.381329999999999947e+00 1.157839999999999980e+00 1.026049999999999907e+00
2.791230000000000100e+00 2.650630000000000042e+00 2.511899999999999800e+00 2.375389999999999890e+00 2.241560000000000219e+00 2.110790000000000166e+00 1.983349999999999946e+00 1.859029999999999960e+00 1.737190000000000012e+00 1.616859999999999964e+00 1.497440000000000104e+00 1.379259999999999931e+00 1.264080000000000092e+00 1.157909999999999995e+00 1.075460000000000083e+00 1.022869999999999946e+00
2.657910000000000217e+00 2.528979999999999784e+00 2.401460000000000150e+00 2.275700000000000056e+00 2.152050000000000018e+00 2.030909999999999993e+00 1.912530000000000063e+00 1.796820000000000084e+00 1.683289999999999953e+00 1.571029999999999927e+00 1.459419999999999940e+00 1.348740000000000050e+00 1.240850000000000009e+00 1.142570000000000086e+00 1.067169999999999952e+00 1.020829999999999904e+00
1.323050000000000059e+00 1.296650000000000080e+00 1.271090000000000053e+00 1.246420000000000083e+00 1.222639999999999949e+00 1.199750000000000094e+00 1.177650000000000086e+00 1.156239999999999934e+00 1.135450000000000070e+00 1.115439999999999987e+00 1.096419999999999950e+00 1.078659999999999952e+00 1.062349999999999905e+00 1.047590000000000021e+00 1.034909999999999997e+00 1.025479999999999947e+00
1.659229999999999983e+00 1.605059999999999931e+00 1.552149999999999919e+00 1.500680000000000014e+00 1.450769999999999893e+00 1.402479999999999949e+00 1.355699999999999905e+00 1.310100000000000042e+00 1.265320000000000000e+00 1.221300000000000052e+00 1.178609999999999935e+00 1.138460000000000027e+00 1.102389999999999981e+00 1.071050000000000058e+00 1.045169999999999932e+00 1.025970000000000049e+00
1.157720000000000082e+00 1.145040000000000058e+00 1.132980000000000098e+00 1.121590000000000087e+00 1.110859999999999959e+00 1.100789999999999935e+00 1.091299999999999937e+00 1.082289999999999974e+00 1.073569999999999913e+00 1.065080000000000027e+00 1.056810000000000027e+00 1.048780000000000046e+00 1.041050000000000031e+00 1.033740000000000103e+00 1.027509999999999923e+00 1.022860000000000102e+00
1.806019999999999959e+00 1.740320000000000089e+00 1.675859999999999905e+00 1.612819999999999920e+00 1.551390000000000047e+00 1.491659999999999986e+00 1.433589999999999920e+00 1.376889999999999947e+00 1.321280000000000010e+00 1.266580000000000039e+00 1.213340000000000085e+00 1.162849999999999939e+00 1.117310000000000025e+00 1.078619999999999912e+00 1.047870000000000079e+00 1.025800000000000045e+00
