1.564889999999999892e+00 1.519160000000000066e+00 1.474520000000000053e+00 1.431049999999999933e+00 1.388740000000000085e+00 1.347439999999999971e+00 1.306950000000000056e+00 1.267130000000000090e+00 1.227970000000000006e+00 1.189820000000000100e+00 1.153340000000000032e+00 1.119520000000000071e+00 1.089329999999999909e+00 1.063509999999999955e+00 1.043120000000000047e+00 1.027900000000000036e+00
1.258329999999999949e+00 1.237940000000000040e+00 1.218280000000000030e+00 1.199370000000000047e+00 1.181159999999999988e+00 1.163569999999999993e+00 1.146490000000000009e+00 1.129869999999999930e+00 1.113720000000000043e+00 1.098219999999999974e+00 1.083490000000000064e+00 1.069620000000000015e+00 1.056619999999999893e+00 1.044489999999999919e+00 1.033900000000000041e+00 1.026059999999999972e+00
2.554409999999999847e+00 2.436269999999999936e+00 2.319710000000000161e+00 2.204969999999999875e+00 2.092150000000000176e+00 1.981160000000000032e+00 1.871709999999999985e+00 1.763319999999999999e+00 1.655419999999999892e+00 1.547609999999999930e+00 1.439929999999999932e+00 1.333020000000000094e+00 1.229060000000000041e+00 1.135750000000000037e+00 1.067010000000000014e+00 1.024070000000000036e+00
2.578269999999999840e+00 2.457110000000000127e+00 2.337530000000000108e+00 2.219790000000000152e+00 2.104109999999999925e+00 1.990520000000000067e+00 1.879019999999999913e+00 1.769300000000000095e+00 1.660770000000000080e+00 1.552780000000000049e+00 1.445079999999999920e+00 1.338149999999999951e+00 1.233980000000000077e+00 1.139399999999999968e+00 1.068330000000000002e+00 1.024140000000000050e+00
1.079169999999999963e+00 1.074980000000000047e+00 1.070990000000000109e+00 1.067160000000000108e+00 1.063469999999999915e+00 1.059879999999999933e+00 1.056329999999999991e+00 1.052780000000000049e+00 1.049209999999999976e+00 1.045609999999999928e+00 1.042019999999999946e+00 1.038459999999999939e+00 1.034969999999999946e+00 1.031619999999999981e+00 1.028620000000000090e+00 1.026059999999999972e+00
2.402350000000000207e+00 2.293600000000000083e+00 2.186479999999999979e+00 2.081199999999999939e+00 1.977910000000000057e+00 1.876540000000000097e+00 1.776890000000000081e+00 1.678569999999999895e+00 1.581090000000000106e+00 1.484189999999999898e+00 1.388009999999999966e+00 1.293239999999999945e+00 1.202080000000000037e+00 1.122109999999999941e+00 1.062720000000000109e+00 1.023649999999999949e+00
3.087720000000000020e+00 2.928560000000000052e+00 2.771310000000000162e+00 2.616289999999999782e+00 2.463789999999999925e+00 2.313930000000000042e+00 2.166700000000000070e+00 2.021830000000000016e+00 1.878719999999999946e+00 1.736599999999999921e+00 1.595020000000000104e+00 1.454090000000000105e+00 1.314820000000000100e+00 1.184129999999999905e+00 1.085599999999999898e+00 1.025740000000000096e+00
2.792300000000000004e+00 2.652829999999999799e+00 2.515420000000000211e+00 2.380339999999999900e+00 2.247850000000000126e+00 2.117919999999999803e+00 1.990390000000000104e+00 1.864870000000000028e+00 1.740809999999999969e+00 1.617680000000000007e+00 1.495449999999999946e+00 1.374560000000000004e+00 1.257039999999999935e+00 1.152420000000000000e+00 1.075190000000000090e+00 1.024410000000000043e+00
1.186549999999999994e+00 1.171140000000000070e+00 1.156400000000000095e+00 1.142370000000000108e+00 1.129050000000000109e+00 1.116389999999999993e+00 1.104319999999999968e+00 1.092750000000000110e+00 1.081669999999999909e+00 1.071010000000000018e+00 1.060810000000000031e+00 1.051129999999999898e+00 1.041930000000000023e+00 1.033300000000000107e+00 1.025800000000000045e+00 1.019930000000000003e+00
3.545389999999999819e+00 3.349889999999999812e+00 3.156800000000000050e+00 2.966549999999999798e+00 2.779549999999999965e+00 2.596010000000000151e+00 2.416090000000000071e+00 2.239549999999999930e+00 2.065739999999999910e+00 1.893899999999999917e+00 1.723440000000000083e+00 1.554289999999999949e+00 1.387219999999999898e+00 1.229049999999999976e+00 1.106009999999999938e+00 1.029719999999999969e+00
1.998559999999999892e+00 1.919580000000000064e+00 1.842149999999999954e+00 1.766369999999999996e+00 1.692169999999999952e+00 1.619329999999999936e+00 1.547539999999999916e+00 1.476429999999999909e+00 1.405780000000000030e+00 1.335720000000000018e+00 1.267109999999999959e+00 1.201689999999999925e+00 1.142570000000000086e+00 1.092759999999999954e+00 1.053870000000000084e+00 1.025530000000000053e+00
1.880130000000000079e+00 1.809539999999999926e+00 1.740189999999999904e+00 1.672199999999999909e+00 1.605650000000000022e+00 1.540450000000000097e+00 1.476499999999999924e+00 1.413529999999999953e+00 1.351350000000000051e+00 1.289930000000000021e+00 1.229749999999999899e+00 1.172139999999999960e+00 1.120079999999999965e+00 1.076829999999999954e+00 1.043800000000000061e+00 1.020529999999999937e+00
1.605040000000000022e+00 1.556570000000000009e+00 1.509230000000000071e+00 1.463009999999999922e+00 1.417839999999999989e+00 1.373539999999999983e+00 1.329919999999999991e+00 1.286799999999999944e+00 1.244220000000000104e+00 1.202599999999999891e+00 1.162819999999999965e+00 1.125969999999999915e+00 1.093059999999999921e+00 1.064599999999999991e+00 1.041139999999999954e+00 1.023539999999999894e+00
2.712819999999999787e+00 2.578860000000000152e+00 2.447000000000000064e+00 2.317509999999999959e+00 2.190640000000000143e+00 2.066339999999999844e+00 1.944450000000000012e+00 1.824549999999999894e+00 1.706080000000000041e+00 1.588549999999999907e+00 1.471880000000000077e+00 1.356729999999999992e+00 1.245489999999999986e+00 1.147000000000000020e+00 1.073730000000000073e+00 1.024909999999999988e+00
1.072889999999999899e+00 1.069199999999999928e+00 1.065679999999999961e+00 1.062300000000000022e+00 1.059020000000000072e+00 1.055800000000000072e+00 1.052619999999999889e+00 1.049420000000000019e+00 1.046200000000000019e+00 1.042980000000000018e+00 1.039749999999999952e+00 1.036559999999999926e+00 1.033430000000000071e+00 1.030440000000000023e+00 1.027770000000000072e+00 1.025509999999999922e+00
2.446769999999999889e+00 2.336289999999999978e+00 2.227349999999999941e+00 2.120169999999999888e+00 2.014920000000000044e+00 1.911529999999999951e+00 1.809779999999999944e+00 1.709209999999999896e+00 1.609210000000000029e+00 1.509419999999999984e+00 1.409929999999999906e+00 1.311490000000000045e+00 1.216099999999999959e+00 1.130319999999999991e+00 1.066119999999999957e+00 1.025660000000000016e+00
2.135299999999999976e+00 2.047019999999999840e+00 1.960190000000000099e+00 1.874959999999999960e+00 1.791400000000000103e+00 1.709379999999999900e+00 1.628609999999999891e+00 1.548729999999999940e+00 1.469379999999999908e+00 1.390449999999999964e+00 1.312310000000000088e+00 1.236150000000000082e+00 1.164800000000000058e+00 1.103679999999999994e+00 1.057679999999999954e+00 1.026729999999999920e+00
1.673149999999999915e+00 1.619510000000000005e+00 1.566950000000000065e+00 1.515509999999999913e+00 1.465119999999999978e+00 1.415599999999999969e+00 1.366740000000000066e+00 1.318349999999999911e+00 1.270340000000000025e+00 1.222969999999999891e+00 1.177089999999999970e+00 1.134230000000000071e+00 1.096349999999999936e+00 1.064699999999999980e+00 1.039819999999999967e+00 1.021589999999999998e+00
2.054730000000000167e+00 1.972299999999999942e+00 1.891369999999999996e+00 1.812049999999999939e+00 1.734350000000000058e+00 1.658069999999999933e+00 1.582940000000000014e+00 1.508510000000000018e+00 1.434439999999999937e+00 1.360670000000000046e+00 1.287770000000000081e+00 1.217209999999999903e+00 1.152139999999999942e+00 1.096799999999999997e+00 1.054389999999999938e+00 1.024999999999999911e+00
2.141620000000000079e+00 2.051419999999999799e+00 1.962669999999999915e+00 1.875550000000000050e+00 1.790200000000000014e+00 1.706599999999999895e+00 1.624630000000000019e+00 1.544010000000000105e+00 1.464380000000000015e+00 1.385469999999999979e+00 1.307549999999999990e+00 1.231749999999999901e+00 1.161180000000000101e+00 1.101490000000000080e+00 1.056310000000000082e+00 1.025339999999999918e+00
1.834950000000000081e+00 1.768809999999999993e+00 1.703840000000000021e+00 1.640179999999999971e+00 1.577909999999999924e+00 1.516939999999999955e+00 1.457119999999999971e+00 1.398160000000000069e+00 1.339779999999999971e+00 1.282000000000000028e+00 1.225379999999999914e+00 1.171270000000000033e+00 1.121830000000000105e+00 1.079609999999999959e+00 1.046969999999999956e+00 1.024359999999999937e+00
1.176010000000000000e+00 1.161980000000000013e+00 1.148640000000000105e+00 1.136030000000000095e+00 1.124100000000000099e+00 1.112810000000000077e+00 1.102049999999999974e+00 1.091699999999999893e+00 1.081709999999999949e+00 1.072040000000000104e+00 1.062680000000000069e+00 1.053709999999999924e+00 1.045120000000000049e+00 1.036980000000000013e+00 1.029809999999999892e+00 1.024189999999999934e+00
3.571289999999999853e+00 3.374200000000000088e+00 3.179670000000000218e+00 2.988049999999999873e+00 2.799739999999999895e+00 2.614829999999999988e+00 2.433300000000000018e+00 2.254779999999999784e+00 2.078549999999999898e+00 1.903869999999999951e+00 1.730390000000000095e+00 1.558329999999999993e+00 1.388959999999999972e+00 1.229489999999999972e+00 1.105509999999999993e+00 1.028229999999999977e+00
2.377499999999999947e+00 2.270199999999999996e+00 2.164709999999999912e+00 2.061290000000000067e+00 1.960110000000000019e+00 1.861180000000000057e+00 1.764350000000000085e+00 1.669189999999999952e+00 1.575059999999999905e+00 1.481379999999999919e+00 1.388120000000000021e+00 1.295940000000000092e+00 1.206839999999999913e+00 1.126400000000000068e+00 1.064589999999999925e+00 1.024159999999999959e+00
1.265020000000000033e+00 1.243139999999999912e+00 1.221989999999999910e+00 1.201570000000000027e+00 1.181840000000000002e+00 1.162789999999999990e+00 1.144379999999999953e+00 1.126619999999999955e+00 1.109620000000000051e+00 1.093520000000000048e+00 1.078480000000000105e+00 1.064559999999999951e+00 1.051790000000000003e+00 1.040149999999999908e+00 1.029959999999999987e+00 1.021789999999999976e+00
3.490419999999999856e+00 3.299690000000000012e+00 3.111779999999999990e+00 2.927090000000000192e+00 2.745880000000000098e+00 2.568179999999999907e+00 2.393749999999999822e+00 2.221950000000000092e+00 2.051790000000000003e+00 1.882409999999999917e+00 1.713419999999999943e+00 1.545239999999999947e+00 1.379839999999999955e+00 1.224580000000000002e+00 1.102360000000000007e+00 1.026010000000000089e+00
4.575099999999999945e+00 4.299459999999999837e+00 4.027639999999999887e+00 3.760349999999999859e+00 3.498130000000000184e+00 3.241340000000000110e+00 2.990060000000000162e+00 2.743920000000000137e+00 2.501949999999999896e+00 2.262980000000000214e+00 2.026190000000000158e+00 1.791190000000000060e+00 1.558079999999999909e+00 1.331429999999999891e+00 1.144300000000000095e+00 1.027800000000000047e+00
4.290729999999999933e+00 4.038140000000000285e+00 3.788469999999999782e+00 3.542199999999999793e+00 3.299869999999999859e+00 3.061890000000000001e+00 2.828530000000000211e+00 2.599829999999999863e+00 2.375259999999999927e+00 2.153939999999999966e+00 1.935140000000000082e+00 1.718460000000000099e+00 1.503889999999999949e+00 1.296659999999999924e+00 1.130279999999999951e+00 1.028480000000000061e+00
2.184299999999999908e+00 2.090139999999999887e+00 1.997770000000000046e+00 1.907380000000000075e+00 1.819029999999999925e+00 1.732550000000000034e+00 1.647690000000000099e+00 1.564019999999999966e+00 1.481079999999999952e+00 1.398670000000000080e+00 1.317129999999999912e+00 1.237780000000000102e+00 1.163950000000000040e+00 1.101329999999999920e+00 1.053779999999999939e+00 1.020119999999999916e+00
2.663390000000000146e+00 2.534310000000000063e+00 2.407090000000000174e+00 2.282010000000000094e+00 2.159299999999999997e+00 2.039060000000000095e+00 1.921180000000000110e+00 1.805360000000000076e+00 1.691009999999999902e+00 1.577590000000000048e+00 1.465030000000000054e+00 1.353969999999999896e+00 1.246590000000000087e+00 1.150109999999999966e+00 1.077390000000000070e+00 1.029600000000000071e+00
1.275779999999999914e+00 1.253830000000000000e+00 1.232609999999999983e+00 1.212110000000000021e+00 1.192269999999999941e+00 1.173010000000000108e+00 1.154269999999999907e+00 1.136069999999999913e+00 1.118449999999999944e+00 1.101550000000000029e+00 1.085579999999999989e+00 1.070710000000000051e+00 1.057060000000000111e+00 1.044759999999999911e+00 1.034270000000000023e+00 1.026129999999999987e+00
1.454290000000000083e+00 1.417079999999999895e+00 1.380830000000000002e+00 1.345579999999999998e+00 1.311330000000000107e+00 1.277940000000000076e+00 1.245300000000000074e+00 1.213310000000000111e+00 1.182010000000000005e+00 1.151690000000000103e+00 1.122919999999999918e+00 1.096389999999999976e+00 1.072480000000000100e+00 1.051679999999999948e+00 1.035169999999999924e+00 1.022699999999999942e+00
1.133629999999999916e+00 1.123890000000000056e+00 1.114659999999999984e+00 1.105960000000000054e+00 1.097699999999999898e+00 1.089820000000000011e+00 1.082209999999999894e+00 1.074799999999999978e+00 1.067520000000000024e+00 1.060380000000000100e+00 1.053390000000000049e+00 1.046610000000000040e+00 1.040079999999999893e+00 1.034080000000000110e+00 1.029029999999999889e+00 1.024980000000000002e+00
1.615690000000000071e+00 1.565830000000000055e+00 1.517099999999999893e+00 1.469559999999999977e+00 1.423170000000000046e+00 1.377780000000000005e+00 1.333220000000000072e+00 1.289299999999999891e+00 1.245980000000000087e+00 1.203510000000000080e+00 1.162679999999999936e+00 1.124849999999999905e+00 1.091420000000000057e+00 1.062889999999999890e+00 1.039930000000000021e+00 1.022799999999999931e+00
1.816049999999999942e+00 1.750680000000000014e+00 1.686379999999999990e+00 1.623359999999999914e+00 1.561779999999999946e+00 1.501700000000000035e+00 1.442979999999999929e+00 1.385399999999999965e+00 1.328619999999999912e+00 1.272510000000000030e+00 1.217389999999999972e+00 1.164469999999999894e+00 1.116100000000000092e+00 1.075059999999999905e+00 1.043409999999999949e+00 1.021900000000000031e+00
1.301919999999999966e+00 1.276850000000000041e+00 1.252629999999999910e+00 1.229289999999999994e+00 1.206820000000000004e+00 1.185140000000000082e+00 1.164160000000000084e+00 1.143790000000000084e+00 1.124020000000000019e+00 1.104989999999999917e+00 1.086950000000000083e+00 1.070100000000000051e+00 1.054529999999999967e+00 1.040240000000000054e+00 1.028140000000000054e+00 1.019279999999999964e+00
2.563169999999999948e+00 2.442849999999999966e+00 2.324149999999999938e+00 2.207329999999999792e+00 2.092630000000000212e+00 1.980169999999999986e+00 1.869790000000000063e+00 1.761020000000000030e+00 1.653149999999999897e+00 1.545570000000000110e+00 1.438080000000000025e+00 1.331260000000000110e+00 1.227289999999999992e+00 1.134290000000000020e+00 1.065860000000000030e+00 1.022739999999999982e+00
2.292139999999999844e+00 2.190890000000000004e+00 2.090949999999999864e+00 1.992590000000000083e+00 1.896099999999999897e+00 1.801609999999999934e+00 1.709170000000000078e+00 1.618460000000000010e+00 1.529039999999999955e+00 1.440409999999999968e+00 1.352549999999999919e+00 1.266170000000000018e+00 1.183869999999999978e+00 1.112060000000000048e+00 1.057430000000000092e+00 1.022280000000000078e+00
1.128519999999999968e+00 1.118880000000000097e+00 1.109739999999999949e+00 1.101099999999999968e+00 1.092950000000000088e+00 1.085250000000000048e+00 1.077909999999999924e+00 1.070810000000000040e+00 1.063909999999999911e+00 1.057209999999999983e+00 1.050750000000000073e+00 1.044540000000000024e+00 1.038629999999999942e+00 1.033050000000000024e+00 1.027949999999999919e+00 1.023490000000000011e+00
2.771409999999999929e+00 2.634980000000000100e+00 2.500290000000000123e+00 2.367710000000000203e+00 2.237699999999999800e+00 2.110580000000000123e+00 1.986399999999999944e+00 1.864740000000000064e+00 1.744739999999999958e+00 1.625520000000000076e+00 1.506720000000000059e+00 1.388749999999999929e+00 1.273020000000000040e+00 1.164789999999999992e+00 1.080300000000000038e+00 1.027959999999999985e+00
4.424249999999999794e+00 4.165519999999999889e+00 3.909139999999999837e+00 3.655650000000000066e+00 3.405759999999999899e+00 3.160039999999999960e+00 2.918930000000000025e+00 2.682519999999999794e+00 2.450359999999999872e+00 2.221249999999999947e+00 1.993999999999999995e+00 1.767879999999999896e+00 1.542429999999999968e+00 1.319679999999999964e+00 1.132600000000000051e+00 1.025700000000000056e+00
3.053360000000000074e+00 2.895199999999999996e+00 2.738849999999999785e+00 2.584729999999999972e+00 2.433269999999999822e+00 2.284819999999999851e+00 2.139460000000000139e+00 1.996890000000000054e+00 1.856340000000000101e+00 1.717009999999999925e+00 1.578529999999999989e+00 1.441230000000000011e+00 1.306349999999999900e+00 1.179589999999999916e+00 1.082249999999999934e+00 1.022769999999999957e+00
1.126659999999999995e+00 1.116570000000000062e+00 1.107040000000000024e+00 1.098079999999999945e+00 1.089660000000000073e+00 1.081709999999999949e+00 1.074140000000000095e+00 1.066850000000000076e+00 1.059770000000000101e+00 1.052920000000000078e+00 1.046270000000000033e+00 1.039840000000000098e+00 1.033639999999999892e+00 1.027779999999999916e+00 1.022559999999999913e+00 1.018310000000000048e+00
4.315660000000000274e+00 4.061209999999999987e+00 3.809289999999999843e+00 3.560490000000000155e+00 3.315440000000000165e+00 3.074850000000000083e+00 2.839249999999999829e+00 2.608750000000000124e+00 2.382929999999999993e+00 2.160789999999999988e+00 1.941540000000000044e+00 1.724860000000000060e+00 1.510999999999999899e+00 1.303700000000000081e+00 1.130949999999999900e+00 1.027840000000000087e+00
1.914830000000000032e+00 1.841259999999999897e+00 1.769150000000000000e+00 1.698590000000000044e+00 1.629520000000000080e+00 1.561809999999999921e+00 1.495170000000000110e+00 1.429270000000000040e+00 1.363979999999999970e+00 1.299579999999999957e+00 1.237119999999999997e+00 1.178760000000000030e+00 1.127269999999999994e+00 1.084000000000000075e+00 1.049549999999999983e+00 1.023379999999999956e+00
1.919740000000000002e+00 1.846710000000000074e+00 1.774839999999999973e+00 1.704350000000000032e+00 1.635459999999999914e+00 1.568249999999999922e+00 1.502610000000000001e+00 1.438220000000000054e+00 1.374670000000000059e+00 1.311679999999999957e+00 1.249460000000000015e+00 1.189000000000000057e+00 1.132640000000000091e+00 1.083979999999999944e+00 1.045879999999999921e+00 1.020659999999999901e+00
1.542100000000000026e+00 1.498399999999999954e+00 1.455740000000000034e+00 1.414090000000000069e+00 1.373420000000000085e+00 1.333579999999999988e+00 1.294389999999999930e+00 1.255710000000000104e+00 1.217619999999999925e+00 1.180530000000000079e+00 1.145350000000000090e+00 1.113159999999999927e+00 1.084810000000000052e+00 1.060359999999999969e+00 1.040129999999999999e+00 1.024540000000000006e+00
3.580779999999999852e+00 3.381880000000000219e+00 3.185160000000000213e+00 2.991080000000000183e+00 2.800240000000000062e+00 2.613160000000000149e+00 2.430109999999999992e+00 2.251040000000000152e+00 2.075229999999999908e+00 1.901690000000000103e+00 1.729700000000000015e+00 1.559290000000000065e+00 1.391340000000000021e+00 1.231230000000000047e+00 1.104800000000000004e+00 1.027910000000000101e+00
1.184059999999999890e+00 1.169149999999999912e+00 1.154949999999999921e+00 1.141510000000000025e+00 1.128830000000000000e+00 1.116870000000000029e+00 1.105529999999999902e+00 1.094670000000000032e+00 1.084189999999999987e+00 1.074070000000000080e+00 1.064329999999999998e+00 1.054999999999999938e+00 1.046110000000000095e+00 1.037719999999999976e+00 1.030200000000000005e+00 1.023979999999999890e+00
2.011979999999999880e+00 1.932490000000000041e+00 1.854309999999999903e+00 1.777640000000000109e+00 1.702609999999999957e+00 1.629219999999999891e+00 1.557290000000000063e+00 1.486450000000000049e+00 1.416309999999999958e+00 1.346640000000000059e+00 1.277689999999999992e+00 1.210439999999999960e+00 1.147289999999999921e+00 1.092719999999999914e+00 1.051870000000000083e+00 1.024399999999999977e+00
1.848559999999999981e+00 1.781090000000000062e+00 1.714860000000000051e+00 1.650020000000000042e+00 1.586659999999999959e+00 1.524750000000000050e+00 1.464050000000000074e+00 1.404169999999999918e+00 1.344810000000000061e+00 1.285949999999999926e+00 1.228129999999999944e+00 1.172819999999999974e+00 1.122759999999999980e+00 1.080459999999999976e+00 1.047679999999999945e+00 1.024860000000000104e+00
1.655920000000000059e+00 1.603019999999999889e+00 1.551230000000000109e+00 1.500599999999999934e+00 1.451070000000000082e+00 1.402530000000000054e+00 1.354759999999999964e+00 1.307539999999999925e+00 1.260829999999999895e+00 1.214970000000000105e+00 1.170819999999999972e+00 1.129999999999999893e+00 1.094270000000000076e+00 1.064329999999999998e+00 1.040680000000000049e+00 1.022909999999999986e+00
1.791530000000000067e+00 1.728329999999999922e+00 1.666330000000000089e+00 1.605629999999999891e+00 1.546259999999999968e+00 1.488110000000000044e+00 1.430949999999999944e+00 1.374460000000000015e+00 1.318429999999999991e+00 1.262979999999999992e+00 1.208809999999999940e+00 1.157550000000000079e+00 1.111669999999999936e+00 1.073090000000000099e+00 1.043199999999999905e+00 1.021949999999999914e+00
2.067359999999999864e+00 1.982499999999999929e+00 1.898849999999999927e+00 1.816680000000000073e+00 1.736210000000000031e+00 1.657569999999999988e+00 1.580759999999999943e+00 1.505460000000000020e+00 1.431319999999999926e+00 1.358009999999999939e+00 1.285649999999999959e+00 1.215300000000000047e+00 1.149909999999999988e+00 1.094379999999999908e+00 1.051509999999999945e+00 1.022780000000000022e+00
1.880530000000000035e+00 1.810489999999999933e+00 1.741559999999999997e+00 1.673950000000000049e+00 1.607839999999999936e+00 1.543269999999999920e+00 1.480159999999999920e+00 1.418239999999999945e+00 1.357189999999999896e+00 1.296810000000000018e+00 1.237400000000000055e+00 1.180109999999999992e+00 1.127459999999999907e+00 1.082719999999999905e+00 1.048119999999999941e+00 1.024540000000000006e+00
1.196069999999999967e+00 1.179850000000000065e+00 1.164339999999999931e+00 1.149559999999999915e+00 1.135510000000000019e+00 1.122139999999999915e+00 1.109390000000000098e+00 1.097190000000000110e+00 1.085509999999999975e+00 1.074330000000000007e+00 1.063639999999999919e+00 1.053469999999999906e+00 1.043860000000000010e+00 1.034890000000000088e+00 1.027069999999999927e+00 1.020850000000000035e+00
3.000599999999999934e+00 2.844889999999999919e+00 2.691289999999999960e+00 2.540189999999999948e+00 2.391970000000000152e+00 2.246849999999999792e+00 2.104769999999999808e+00 1.965349999999999930e+00 1.827900000000000080e+00 1.691829999999999945e+00 1.556890000000000107e+00 1.423570000000000002e+00 1.293930000000000025e+00 1.176230000000000109e+00 1.087239999999999984e+00 1.029360000000000053e+00
2.285010000000000208e+00 2.183930000000000149e+00 2.084379999999999900e+00 1.986609999999999987e+00 1.890870000000000051e+00 1.797260000000000080e+00 1.705699999999999994e+00 1.615809999999999969e+00 1.527039999999999953e+00 1.438900000000000068e+00 1.351390000000000091e+00 1.265269999999999895e+00 1.182870000000000088e+00 1.110239999999999894e+00 1.055050000000000043e+00 1.019379999999999953e+00
1.093050000000000077e+00 1.087129999999999930e+00 1.081560000000000077e+00 1.076289999999999969e+00 1.071260000000000101e+00 1.066389999999999949e+00 1.061600000000000099e+00 1.056859999999999911e+00 1.052130000000000010e+00 1.047439999999999927e+00 1.042820000000000080e+00 1.038319999999999910e+00 1.033979999999999899e+00 1.029830000000000023e+00 1.026110000000000078e+00 1.023060000000000080e+00
3.274849999999999817e+00 3.099159999999999915e+00 2.925990000000000091e+00 2.755809999999999871e+00 2.588919999999999888e+00 2.425479999999999858e+00 2.265330000000000066e+00 2.107870000000000132e+00 1.952139999999999986e+00 1.797269999999999923e+00 1.642910000000000093e+00 1.489700000000000024e+00 1.339830000000000076e+00 1.200739999999999919e+00 1.093730000000000091e+00 1.025979999999999892e+00
3.730129999999999946e+00 3.517640000000000100e+00 3.308300000000000018e+00 3.102580000000000116e+00 2.900939999999999852e+00 2.703609999999999847e+00 2.510549999999999837e+00 2.321239999999999970e+00 2.134720000000000173e+00 1.949969999999999981e+00 1.766429999999999945e+00 1.584249999999999936e+00 1.404730000000000034e+00 1.234739999999999949e+00 1.101580000000000004e+00 1.018990000000000062e+00
4.696480000000000210e+00 4.414649999999999963e+00 4.135430000000000383e+00 3.859449999999999825e+00 3.587330000000000130e+00 3.319809999999999928e+00 3.057360000000000078e+00 2.800190000000000179e+00 2.547930000000000028e+00 2.299659999999999815e+00 2.054629999999999956e+00 1.812310000000000088e+00 1.572640000000000038e+00 1.338910000000000045e+00 1.141539999999999999e+00 1.025590000000000002e+00
2.516560000000000130e+00 2.396770000000000067e+00 2.278789999999999871e+00 2.162929999999999797e+00 2.049519999999999786e+00 1.938790000000000013e+00 1.830680000000000085e+00 1.724820000000000020e+00 1.620600000000000041e+00 1.517379999999999951e+00 1.415000000000000036e+00 1.314140000000000086e+00 1.217160000000000020e+00 1.131180000000000074e+00 1.065940000000000110e+00 1.022580000000000044e+00
2.734599999999999920e+00 2.599479999999999791e+00 2.466029999999999944e+00 2.334579999999999878e+00 2.205490000000000173e+00 2.079060000000000130e+00 1.955349999999999921e+00 1.834149999999999947e+00 1.714860000000000051e+00 1.596649999999999903e+00 1.479119999999999990e+00 1.362670000000000048e+00 1.249540000000000095e+00 1.147469999999999990e+00 1.069679999999999964e+00 1.020960000000000090e+00
1.508110000000000062e+00 1.467440000000000078e+00 1.427720000000000100e+00 1.388959999999999972e+00 1.351099999999999968e+00 1.314000000000000057e+00 1.277470000000000105e+00 1.241409999999999902e+00 1.205869999999999997e+00 1.171300000000000008e+00 1.138540000000000108e+00 1.108519999999999950e+00 1.081930000000000058e+00 1.059010000000000007e+00 1.040200000000000014e+00 1.025719999999999965e+00
1.458479999999999999e+00 1.420449999999999990e+00 1.383440000000000003e+00 1.347590000000000066e+00 1.312950000000000061e+00 1.279530000000000056e+00 1.247139999999999915e+00 1.215600000000000014e+00 1.184800000000000075e+00 1.155010000000000092e+00 1.126770000000000049e+00 1.100800000000000001e+00 1.077430000000000110e+00 1.056550000000000100e+00 1.038960000000000106e+00 1.025719999999999965e+00
1.124249999999999972e+00 1.114950000000000108e+00 1.106160000000000032e+00 1.097879999999999967e+00 1.090090000000000003e+00 1.082750000000000101e+00 1.075749999999999984e+00 1.068980000000000041e+00 1.062349999999999905e+00 1.055830000000000046e+00 1.049430000000000085e+00 1.043160000000000087e+00 1.037080000000000002e+00 1.031360000000000054e+00 1.026550000000000074e+00 1.022820000000000062e+00
1.715969999999999995e+00 1.657650000000000068e+00 1.600559999999999983e+00 1.544810000000000016e+00 1.490490000000000093e+00 1.437570000000000014e+00 1.385860000000000092e+00 1.335120000000000084e+00 1.285179999999999989e+00 1.236220000000000097e+00 1.188979999999999926e+00 1.144789999999999974e+00 1.105450000000000044e+00 1.072000000000000064e+00 1.045390000000000041e+00 1.025709999999999900e+00
