1.738629999999999898e+00 1.680639999999999912e+00 1.623769999999999936e+00 1.567979999999999929e+00 1.513179999999999970e+00 1.459179999999999922e+00 1.405739999999999990e+00 1.352719999999999922e+00 1.300149999999999917e+00 1.248390000000000111e+00 1.198260000000000103e+00 1.151180000000000092e+00 1.109350000000000058e+00 1.074659999999999949e+00 1.047870000000000079e+00 1.028089999999999948e+00
1.086929999999999952e+00 1.082070000000000087e+00 1.077399999999999913e+00 1.072889999999999899e+00 1.068489999999999940e+00 1.064170000000000060e+00 1.059879999999999933e+00 1.055639999999999912e+00 1.051430000000000087e+00 1.047279999999999989e+00 1.043230000000000102e+00 1.039269999999999916e+00 1.035420000000000007e+00 1.031789999999999985e+00 1.028589999999999893e+00 1.025870000000000060e+00
2.375929999999999875e+00 2.270360000000000156e+00 2.166389999999999816e+00 2.064099999999999824e+00 1.963410000000000100e+00 1.864060000000000050e+00 1.765719999999999956e+00 1.668039999999999967e+00 1.570699999999999985e+00 1.473600000000000021e+00 1.377050000000000107e+00 1.282030000000000003e+00 1.192190000000000083e+00 1.116600000000000037e+00 1.061520000000000019e+00 1.023949999999999916e+00
2.234809999999999963e+00 2.140530000000000044e+00 2.047660000000000036e+00 1.956269999999999953e+00 1.866370000000000084e+00 1.777840000000000087e+00 1.690439999999999943e+00 1.603709999999999969e+00 1.517260000000000053e+00 1.430940000000000101e+00 1.345110000000000028e+00 1.260820000000000052e+00 1.180709999999999926e+00 1.110679999999999890e+00 1.057949999999999946e+00 1.023789999999999978e+00
1.084600000000000009e+00 1.080049999999999955e+00 1.075660000000000061e+00 1.071390000000000065e+00 1.067239999999999966e+00 1.063169999999999948e+00 1.059129999999999905e+00 1.055109999999999992e+00 1.051109999999999989e+00 1.047139999999999960e+00 1.043230000000000102e+00 1.039390000000000036e+00 1.035660000000000025e+00 1.032129999999999992e+00 1.028909999999999991e+00 1.026080000000000103e+00
1.882749999999999924e+00 1.813979999999999926e+00 1.746410000000000018e+00 1.680069999999999952e+00 1.614880000000000093e+00 1.550669999999999993e+00 1.487179999999999946e+00 1.424160000000000093e+00 1.361480000000000024e+00 1.299400000000000110e+00 1.238520000000000065e+00 1.180260000000000087e+00 1.127410000000000023e+00 1.082510000000000083e+00 1.047649999999999970e+00 1.023099999999999898e+00
3.496970000000000134e+00 3.308100000000000041e+00 3.121700000000000141e+00 2.937990000000000101e+00 2.757120000000000015e+00 2.579130000000000145e+00 2.403779999999999806e+00 2.230539999999999967e+00 2.058629999999999960e+00 1.887399999999999967e+00 1.716630000000000100e+00 1.546499999999999986e+00 1.378579999999999917e+00 1.221519999999999939e+00 1.100389999999999979e+00 1.026250000000000107e+00
1.911969999999999947e+00 1.840100000000000069e+00 1.769530000000000047e+00 1.700280000000000014e+00 1.632270000000000110e+00 1.565339999999999954e+00 1.499260000000000037e+00 1.433810000000000029e+00 1.368880000000000097e+00 1.304629999999999956e+00 1.241710000000000091e+00 1.181699999999999973e+00 1.127729999999999899e+00 1.082940000000000014e+00 1.048459999999999948e+00 1.023460000000000036e+00
1.150269999999999904e+00 1.138560000000000016e+00 1.127399999999999958e+00 1.116759999999999975e+00 1.106630000000000003e+00 1.096929999999999961e+00 1.087599999999999900e+00 1.078610000000000069e+00 1.069870000000000099e+00 1.061430000000000096e+00 1.053309999999999969e+00 1.045500000000000096e+00 1.038030000000000008e+00 1.031029999999999891e+00 1.024880000000000013e+00 1.019889999999999963e+00
3.615029999999999966e+00 3.415490000000000137e+00 3.218729999999999869e+00 3.025049999999999795e+00 2.834659999999999958e+00 2.647619999999999862e+00 2.463769999999999794e+00 2.282589999999999897e+00 2.103279999999999816e+00 1.925259999999999971e+00 1.748399999999999954e+00 1.572990000000000110e+00 1.400600000000000067e+00 1.238490000000000091e+00 1.110470000000000068e+00 1.029889999999999972e+00
1.501260000000000039e+00 1.460919999999999996e+00 1.421440000000000037e+00 1.382740000000000080e+00 1.344700000000000006e+00 1.307209999999999983e+00 1.270250000000000101e+00 1.233910000000000062e+00 1.198499999999999899e+00 1.164649999999999963e+00 1.133119999999999905e+00 1.104579999999999895e+00 1.079299999999999926e+00 1.057590000000000030e+00 1.039660000000000029e+00 1.024999999999999911e+00
1.584570000000000034e+00 1.537539999999999907e+00 1.491430000000000033e+00 1.446269999999999945e+00 1.401980000000000004e+00 1.358449999999999935e+00 1.315539999999999932e+00 1.273150000000000004e+00 1.231360000000000010e+00 1.190590000000000037e+00 1.151639999999999997e+00 1.115779999999999994e+00 1.084209999999999896e+00 1.057369999999999921e+00 1.035889999999999977e+00 1.020219999999999905e+00
1.344359999999999999e+00 1.316829999999999945e+00 1.289989999999999970e+00 1.263800000000000034e+00 1.238189999999999902e+00 1.213100000000000067e+00 1.188539999999999930e+00 1.164630000000000054e+00 1.141550000000000065e+00 1.119599999999999929e+00 1.099040000000000017e+00 1.080019999999999980e+00 1.062650000000000095e+00 1.047109999999999985e+00 1.034030000000000005e+00 1.023279999999999967e+00
2.359729999999999883e+00 2.254080000000000084e+00 2.150230000000000086e+00 2.048239999999999839e+00 1.948099999999999943e+00 1.849599999999999911e+00 1.752420000000000089e+00 1.656160000000000077e+00 1.560419999999999918e+00 1.465109999999999912e+00 1.370630000000000015e+00 1.278240000000000043e+00 1.191829999999999945e+00 1.118519999999999959e+00 1.063129999999999908e+00 1.024540000000000006e+00
1.063909999999999911e+00 1.061020000000000074e+00 1.058210000000000095e+00 1.055460000000000065e+00 1.052759999999999918e+00 1.050089999999999968e+00 1.047430000000000083e+00 1.044780000000000042e+00 1.042149999999999910e+00 1.039530000000000065e+00 1.036960000000000104e+00 1.034429999999999961e+00 1.031959999999999988e+00 1.029609999999999914e+00 1.027439999999999909e+00 1.025490000000000013e+00
1.657499999999999973e+00 1.605629999999999891e+00 1.554859999999999909e+00 1.505169999999999897e+00 1.456499999999999906e+00 1.408689999999999998e+00 1.361459999999999892e+00 1.314650000000000096e+00 1.268310000000000048e+00 1.222739999999999938e+00 1.178620000000000001e+00 1.137189999999999923e+00 1.100030000000000063e+00 1.068210000000000104e+00 1.043169999999999931e+00 1.024890000000000079e+00
1.990180000000000060e+00 1.912530000000000063e+00 1.836300000000000043e+00 1.761479999999999935e+00 1.687939999999999996e+00 1.615450000000000053e+00 1.543739999999999890e+00 1.472609999999999975e+00 1.401960000000000095e+00 1.332039999999999891e+00 1.263530000000000042e+00 1.198069999999999968e+00 1.139019999999999921e+00 1.090440000000000076e+00 1.053649999999999975e+00 1.026639999999999997e+00
1.365529999999999911e+00 1.335809999999999942e+00 1.306789999999999896e+00 1.278359999999999941e+00 1.250439999999999996e+00 1.222960000000000047e+00 1.195959999999999912e+00 1.169580000000000064e+00 1.144120000000000026e+00 1.120020000000000016e+00 1.097730000000000095e+00 1.077579999999999982e+00 1.059690000000000021e+00 1.044310000000000072e+00 1.031660000000000021e+00 1.021279999999999966e+00
1.723309999999999897e+00 1.665820000000000078e+00 1.609499999999999931e+00 1.554319999999999924e+00 1.500099999999999989e+00 1.446630000000000082e+00 1.393739999999999979e+00 1.341350000000000042e+00 1.289570000000000105e+00 1.238860000000000072e+00 1.190120000000000067e+00 1.144819999999999949e+00 1.104729999999999990e+00 1.071309999999999985e+00 1.045029999999999903e+00 1.024690000000000101e+00
1.939400000000000013e+00 1.866770000000000040e+00 1.795320000000000027e+00 1.725090000000000012e+00 1.656039999999999957e+00 1.588049999999999962e+00 1.520860000000000101e+00 1.454169999999999963e+00 1.387780000000000014e+00 1.321790000000000020e+00 1.256799999999999917e+00 1.194150000000000045e+00 1.136570000000000080e+00 1.087839999999999918e+00 1.050470000000000015e+00 1.025099999999999900e+00
2.145610000000000017e+00 2.057020000000000071e+00 1.969919999999999893e+00 1.884339999999999904e+00 1.800249999999999906e+00 1.717449999999999921e+00 1.635610000000000008e+00 1.554410000000000069e+00 1.473579999999999890e+00 1.393089999999999939e+00 1.313430000000000097e+00 1.235999999999999988e+00 1.163969999999999949e+00 1.102780000000000094e+00 1.056710000000000038e+00 1.024750000000000050e+00
1.141869999999999941e+00 1.131399999999999961e+00 1.121429999999999927e+00 1.111949999999999994e+00 1.102889999999999926e+00 1.094179999999999930e+00 1.085779999999999967e+00 1.077620000000000022e+00 1.069690000000000030e+00 1.062009999999999899e+00 1.054599999999999982e+00 1.047490000000000032e+00 1.040710000000000024e+00 1.034429999999999961e+00 1.028909999999999991e+00 1.024159999999999959e+00
3.413969999999999949e+00 3.227460000000000218e+00 3.043779999999999930e+00 2.863230000000000164e+00 2.685909999999999798e+00 2.511820000000000164e+00 2.340689999999999937e+00 2.172050000000000036e+00 2.005259999999999820e+00 1.839890000000000025e+00 1.675820000000000087e+00 1.513490000000000002e+00 1.355110000000000037e+00 1.211200000000000054e+00 1.101199999999999957e+00 1.028189999999999937e+00
1.866619999999999946e+00 1.798980000000000024e+00 1.732669999999999932e+00 1.667710000000000026e+00 1.604030000000000067e+00 1.541460000000000052e+00 1.479710000000000081e+00 1.418500000000000094e+00 1.357639999999999958e+00 1.297269999999999923e+00 1.237999999999999989e+00 1.181070000000000064e+00 1.128710000000000102e+00 1.083730000000000082e+00 1.048550000000000093e+00 1.023609999999999909e+00
1.145199999999999996e+00 1.134319999999999995e+00 1.123879999999999990e+00 1.113860000000000072e+00 1.104230000000000045e+00 1.094929999999999959e+00 1.085930000000000062e+00 1.077239999999999975e+00 1.068840000000000012e+00 1.060769999999999991e+00 1.053060000000000107e+00 1.045730000000000048e+00 1.038759999999999906e+00 1.032259999999999955e+00 1.026550000000000074e+00 1.021660000000000013e+00
2.336180000000000145e+00 2.232250000000000068e+00 2.130189999999999806e+00 2.030019999999999936e+00 1.931629999999999958e+00 1.834719999999999906e+00 1.738969999999999905e+00 1.643999999999999906e+00 1.549539999999999917e+00 1.455659999999999954e+00 1.362889999999999935e+00 1.272510000000000030e+00 1.188080000000000025e+00 1.116570000000000062e+00 1.062869999999999981e+00 1.024759999999999893e+00
2.691910000000000025e+00 2.561609999999999943e+00 2.433720000000000105e+00 2.308339999999999836e+00 2.185410000000000075e+00 2.064680000000000071e+00 1.945680000000000076e+00 1.827860000000000040e+00 1.710599999999999898e+00 1.593599999999999905e+00 1.476920000000000011e+00 1.361189999999999900e+00 1.249030000000000085e+00 1.150300000000000100e+00 1.076289999999999969e+00 1.025649999999999951e+00
4.129030000000000200e+00 3.890950000000000131e+00 3.655949999999999811e+00 3.424350000000000005e+00 3.196480000000000210e+00 2.972480000000000011e+00 2.752299999999999969e+00 2.535499999999999865e+00 2.321279999999999788e+00 2.108919999999999906e+00 1.898120000000000029e+00 1.688760000000000039e+00 1.481610000000000094e+00 1.283970000000000056e+00 1.125890000000000057e+00 1.028350000000000097e+00
2.247829999999999995e+00 2.149680000000000035e+00 2.053409999999999958e+00 1.959039999999999893e+00 1.866530000000000022e+00 1.775619999999999976e+00 1.685929999999999929e+00 1.597069999999999990e+00 1.508699999999999930e+00 1.420840000000000103e+00 1.334079999999999933e+00 1.249970000000000026e+00 1.172409999999999952e+00 1.107089999999999907e+00 1.056689999999999907e+00 1.020240000000000036e+00
2.170739999999999892e+00 2.080929999999999946e+00 1.992569999999999952e+00 1.905729999999999924e+00 1.820400000000000018e+00 1.736399999999999944e+00 1.653459999999999930e+00 1.571180000000000021e+00 1.489230000000000054e+00 1.407540000000000013e+00 1.326489999999999947e+00 1.247200000000000086e+00 1.172719999999999985e+00 1.109290000000000109e+00 1.061600000000000099e+00 1.029029999999999889e+00
1.077550000000000008e+00 1.073579999999999979e+00 1.069730000000000070e+00 1.065979999999999928e+00 1.062300000000000022e+00 1.058640000000000025e+00 1.054990000000000094e+00 1.051330000000000098e+00 1.047700000000000076e+00 1.044110000000000094e+00 1.040610000000000035e+00 1.037199999999999900e+00 1.033930000000000016e+00 1.030850000000000044e+00 1.028159999999999963e+00 1.025879999999999903e+00
1.178479999999999972e+00 1.164530000000000065e+00 1.151089999999999947e+00 1.138149999999999995e+00 1.125680000000000014e+00 1.113650000000000029e+00 1.102030000000000065e+00 1.090829999999999966e+00 1.080060000000000020e+00 1.069760000000000044e+00 1.059979999999999922e+00 1.050740000000000007e+00 1.042159999999999975e+00 1.034470000000000001e+00 1.027910000000000101e+00 1.022410000000000041e+00
1.163140000000000063e+00 1.151019999999999932e+00 1.139369999999999994e+00 1.128179999999999961e+00 1.117429999999999923e+00 1.107040000000000024e+00 1.096959999999999935e+00 1.087150000000000061e+00 1.077620000000000022e+00 1.068419999999999925e+00 1.059549999999999992e+00 1.051039999999999974e+00 1.043009999999999993e+00 1.035789999999999988e+00 1.029770000000000074e+00 1.025009999999999977e+00
1.507069999999999910e+00 1.466320000000000068e+00 1.426469999999999905e+00 1.387450000000000072e+00 1.349210000000000020e+00 1.311609999999999943e+00 1.274529999999999941e+00 1.237970000000000015e+00 1.202120000000000077e+00 1.167480000000000073e+00 1.134840000000000071e+00 1.105069999999999997e+00 1.078610000000000069e+00 1.055719999999999992e+00 1.037090000000000067e+00 1.022699999999999942e+00
1.568750000000000089e+00 1.522569999999999979e+00 1.477370000000000072e+00 1.433240000000000069e+00 1.390179999999999971e+00 1.348149999999999959e+00 1.307069999999999954e+00 1.266750000000000043e+00 1.227119999999999989e+00 1.188360000000000083e+00 1.151049999999999907e+00 1.116209999999999924e+00 1.084989999999999899e+00 1.058089999999999975e+00 1.036780000000000035e+00 1.021649999999999947e+00
1.081229999999999913e+00 1.076140000000000096e+00 1.071320000000000050e+00 1.066729999999999956e+00 1.062279999999999891e+00 1.057960000000000012e+00 1.053690000000000015e+00 1.049449999999999994e+00 1.045209999999999972e+00 1.040990000000000082e+00 1.036820000000000075e+00 1.032720000000000082e+00 1.028739999999999988e+00 1.024939999999999962e+00 1.021679999999999922e+00 1.019030000000000102e+00
2.472799999999999887e+00 2.359280000000000044e+00 2.247430000000000039e+00 2.137420000000000098e+00 2.029329999999999856e+00 1.923119999999999941e+00 1.818529999999999980e+00 1.715140000000000109e+00 1.612400000000000055e+00 1.510000000000000009e+00 1.407909999999999995e+00 1.306729999999999947e+00 1.208930000000000060e+00 1.124219999999999997e+00 1.062889999999999890e+00 1.022680000000000033e+00
2.628099999999999881e+00 2.504389999999999894e+00 2.382120000000000015e+00 2.261489999999999778e+00 2.142679999999999918e+00 2.025830000000000020e+00 1.910979999999999901e+00 1.797690000000000010e+00 1.685329999999999995e+00 1.573469999999999924e+00 1.461999999999999966e+00 1.351390000000000091e+00 1.243370000000000086e+00 1.144130000000000091e+00 1.068130000000000024e+00 1.022580000000000044e+00
1.047830000000000039e+00 1.046119999999999939e+00 1.044489999999999919e+00 1.042899999999999938e+00 1.041349999999999998e+00 1.039800000000000058e+00 1.038229999999999986e+00 1.036620000000000097e+00 1.034960000000000102e+00 1.033250000000000002e+00 1.031509999999999927e+00 1.029760000000000009e+00 1.028000000000000025e+00 1.026270000000000016e+00 1.024669999999999970e+00 1.023339999999999916e+00
2.585189999999999877e+00 2.464780000000000193e+00 2.345990000000000020e+00 2.229039999999999910e+00 2.114149999999999974e+00 2.001489999999999991e+00 1.891010000000000080e+00 1.782180000000000097e+00 1.674169999999999936e+00 1.566480000000000095e+00 1.459009999999999918e+00 1.352379999999999916e+00 1.248199999999999976e+00 1.151659999999999906e+00 1.075069999999999970e+00 1.027730000000000032e+00
4.493000000000000327e+00 4.229840000000000266e+00 3.969380000000000130e+00 3.712099999999999955e+00 3.458480000000000221e+00 3.209020000000000206e+00 2.964039999999999786e+00 2.723460000000000214e+00 2.486489999999999867e+00 2.252079999999999860e+00 2.019249999999999989e+00 1.787479999999999958e+00 1.556300000000000017e+00 1.329039999999999999e+00 1.137059999999999960e+00 1.025819999999999954e+00
2.280600000000000183e+00 2.181350000000000122e+00 2.083499999999999908e+00 1.987249999999999961e+00 1.892719999999999958e+00 1.799989999999999979e+00 1.708960000000000035e+00 1.619189999999999907e+00 1.530219999999999914e+00 1.441699999999999982e+00 1.353790000000000049e+00 1.267330000000000068e+00 1.184590000000000032e+00 1.112130000000000063e+00 1.057379999999999987e+00 1.021910000000000096e+00
1.072689999999999921e+00 1.068310000000000093e+00 1.064149999999999929e+00 1.060189999999999966e+00 1.056389999999999940e+00 1.052699999999999969e+00 1.049080000000000013e+00 1.045479999999999965e+00 1.041860000000000008e+00 1.038229999999999986e+00 1.034610000000000030e+00 1.031009999999999982e+00 1.027460000000000040e+00 1.023989999999999956e+00 1.020799999999999930e+00 1.018229999999999968e+00
5.196419999999999817e+00 4.875989999999999824e+00 4.558869999999999756e+00 4.245650000000000368e+00 3.936939999999999884e+00 3.633480000000000043e+00 3.335970000000000102e+00 3.044430000000000192e+00 2.758210000000000051e+00 2.476649999999999796e+00 2.199219999999999953e+00 1.925789999999999891e+00 1.656130000000000102e+00 1.392490000000000006e+00 1.165399999999999991e+00 1.028860000000000108e+00
2.050660000000000149e+00 1.967359999999999998e+00 1.885610000000000008e+00 1.805469999999999908e+00 1.726909999999999945e+00 1.649759999999999893e+00 1.573819999999999997e+00 1.498790000000000067e+00 1.424490000000000034e+00 1.351020000000000110e+00 1.278929999999999900e+00 1.209519999999999929e+00 1.145960000000000090e+00 1.092950000000000088e+00 1.052810000000000024e+00 1.023490000000000011e+00
1.671070000000000055e+00 1.617569999999999952e+00 1.565110000000000001e+00 1.513800000000000034e+00 1.463689999999999936e+00 1.414730000000000043e+00 1.366810000000000080e+00 1.319620000000000015e+00 1.272969999999999935e+00 1.226949999999999985e+00 1.182039999999999980e+00 1.139310000000000045e+00 1.100389999999999979e+00 1.066629999999999967e+00 1.039109999999999978e+00 1.020399999999999974e+00
1.453189999999999982e+00 1.416779999999999928e+00 1.381269999999999998e+00 1.346619999999999928e+00 1.312729999999999952e+00 1.279479999999999951e+00 1.246779999999999999e+00 1.214660000000000073e+00 1.183289999999999953e+00 1.153110000000000079e+00 1.124679999999999902e+00 1.098549999999999915e+00 1.075039999999999996e+00 1.054319999999999924e+00 1.037490000000000023e+00 1.024429999999999952e+00
2.734750000000000014e+00 2.599779999999999980e+00 2.466720000000000024e+00 2.335869999999999891e+00 2.207450000000000134e+00 2.081669999999999909e+00 1.958479999999999999e+00 1.837450000000000028e+00 1.717980000000000063e+00 1.599550000000000027e+00 1.482059999999999933e+00 1.366049999999999986e+00 1.253549999999999942e+00 1.152930000000000010e+00 1.076729999999999965e+00 1.027009999999999978e+00
1.075180000000000025e+00 1.071050000000000058e+00 1.067160000000000108e+00 1.063479999999999981e+00 1.059979999999999922e+00 1.056589999999999918e+00 1.053250000000000020e+00 1.049900000000000055e+00 1.046510000000000051e+00 1.043069999999999942e+00 1.039619999999999989e+00 1.036159999999999970e+00 1.032739999999999991e+00 1.029369999999999896e+00 1.026270000000000016e+00 1.023810000000000109e+00
1.521439999999999904e+00 1.479389999999999983e+00 1.438339999999999952e+00 1.398320000000000007e+00 1.359290000000000109e+00 1.321209999999999996e+00 1.283889999999999976e+00 1.247209999999999930e+00 1.211149999999999949e+00 1.176010000000000000e+00 1.142349999999999977e+00 1.110989999999999922e+00 1.082710000000000061e+00 1.058130000000000015e+00 1.038489999999999913e+00 1.023910000000000098e+00
1.933829999999999938e+00 1.860230000000000050e+00 1.787940000000000085e+00 1.717060000000000031e+00 1.647590000000000110e+00 1.579420000000000046e+00 1.512289999999999912e+00 1.445889999999999898e+00 1.380030000000000090e+00 1.314769999999999994e+00 1.250569999999999959e+00 1.188779999999999948e+00 1.132419999999999982e+00 1.085399999999999920e+00 1.049970000000000070e+00 1.024969999999999937e+00
2.334659999999999958e+00 2.229999999999999982e+00 2.127099999999999991e+00 2.026040000000000063e+00 1.926849999999999952e+00 1.829409999999999981e+00 1.733479999999999910e+00 1.638719999999999954e+00 1.544759999999999911e+00 1.451410000000000089e+00 1.358980000000000077e+00 1.268569999999999975e+00 1.183610000000000051e+00 1.112309999999999910e+00 1.060079999999999911e+00 1.023649999999999949e+00
2.197550000000000114e+00 2.103849999999999998e+00 2.011670000000000069e+00 1.921119999999999939e+00 1.832200000000000051e+00 1.744769999999999932e+00 1.658649999999999958e+00 1.573499999999999899e+00 1.489000000000000101e+00 1.405049999999999910e+00 1.321970000000000089e+00 1.240769999999999929e+00 1.164719999999999978e+00 1.101110000000000033e+00 1.054610000000000047e+00 1.022399999999999975e+00
2.272759999999999891e+00 2.174970000000000070e+00 2.078390000000000182e+00 1.983230000000000048e+00 1.889639999999999986e+00 1.797700000000000076e+00 1.707410000000000094e+00 1.618349999999999955e+00 1.530000000000000027e+00 1.442090000000000094e+00 1.354710000000000081e+00 1.268620000000000081e+00 1.186199999999999921e+00 1.113490000000000091e+00 1.057889999999999997e+00 1.022939999999999960e+00
2.317590000000000039e+00 2.215040000000000120e+00 2.114020000000000010e+00 2.014689999999999870e+00 1.917210000000000081e+00 1.821590000000000042e+00 1.727629999999999999e+00 1.635000000000000009e+00 1.543220000000000036e+00 1.452129999999999921e+00 1.361820000000000030e+00 1.273079999999999989e+00 1.188520000000000021e+00 1.115520000000000067e+00 1.061369999999999925e+00 1.025050000000000017e+00
1.088200000000000056e+00 1.082580000000000098e+00 1.077229999999999910e+00 1.072100000000000053e+00 1.067139999999999977e+00 1.062319999999999931e+00 1.057590000000000030e+00 1.052920000000000078e+00 1.048319999999999919e+00 1.043809999999999905e+00 1.039390000000000036e+00 1.035109999999999975e+00 1.031009999999999982e+00 1.027209999999999956e+00 1.023770000000000069e+00 1.020710000000000006e+00
2.983820000000000139e+00 2.830280000000000129e+00 2.678939999999999877e+00 2.530040000000000067e+00 2.383859999999999868e+00 2.240470000000000184e+00 2.099720000000000031e+00 1.961200000000000054e+00 1.824319999999999942e+00 1.688709999999999933e+00 1.554189999999999960e+00 1.421130000000000004e+00 1.291299999999999892e+00 1.174430000000000085e+00 1.086850000000000094e+00 1.029349999999999987e+00
1.676819999999999977e+00 1.622549999999999937e+00 1.569399999999999906e+00 1.517419999999999991e+00 1.466590000000000060e+00 1.416819999999999968e+00 1.367930000000000090e+00 1.319690000000000030e+00 1.271959999999999980e+00 1.224960000000000049e+00 1.179340000000000055e+00 1.136360000000000037e+00 1.097679999999999989e+00 1.064500000000000002e+00 1.037760000000000016e+00 1.018769999999999953e+00
1.234939999999999927e+00 1.216010000000000035e+00 1.197740000000000027e+00 1.180129999999999901e+00 1.163140000000000063e+00 1.146719999999999962e+00 1.130859999999999976e+00 1.115550000000000042e+00 1.100899999999999990e+00 1.087010000000000032e+00 1.073919999999999986e+00 1.061620000000000008e+00 1.050100000000000033e+00 1.039479999999999960e+00 1.030489999999999906e+00 1.023249999999999993e+00
2.936679999999999957e+00 2.786490000000000133e+00 2.638650000000000162e+00 2.493430000000000035e+00 2.350940000000000030e+00 2.211129999999999818e+00 2.073770000000000113e+00 1.938399999999999901e+00 1.804389999999999938e+00 1.671240000000000059e+00 1.538810000000000011e+00 1.407350000000000101e+00 1.279029999999999889e+00 1.165340000000000042e+00 1.081520000000000037e+00 1.025630000000000042e+00
2.979680000000000106e+00 2.825000000000000178e+00 2.672940000000000094e+00 2.523709999999999898e+00 2.377419999999999867e+00 2.233969999999999789e+00 2.093030000000000168e+00 1.954090000000000105e+00 1.816580000000000084e+00 1.680080000000000018e+00 1.544519999999999893e+00 1.410250000000000004e+00 1.279300000000000104e+00 1.162439999999999918e+00 1.075760000000000050e+00 1.018199999999999994e+00
4.534440000000000026e+00 4.265249999999999986e+00 3.998920000000000030e+00 3.735980000000000079e+00 3.476890000000000036e+00 3.222179999999999822e+00 2.972189999999999888e+00 2.726799999999999891e+00 2.485329999999999817e+00 2.247160000000000046e+00 2.011730000000000018e+00 1.778880000000000017e+00 1.548740000000000006e+00 1.325029999999999930e+00 1.137320000000000109e+00 1.025490000000000013e+00
2.553889999999999993e+00 2.432059999999999889e+00 2.312180000000000124e+00 2.194479999999999986e+00 2.079149999999999832e+00 1.966290000000000093e+00 1.855769999999999920e+00 1.747160000000000046e+00 1.639880000000000004e+00 1.533490000000000020e+00 1.427939999999999987e+00 1.323930000000000051e+00 1.223749999999999893e+00 1.135000000000000009e+00 1.067620000000000013e+00 1.022629999999999928e+00
2.359189999999999898e+00 2.253629999999999800e+00 2.149490000000000123e+00 2.047010000000000218e+00 1.946339999999999959e+00 1.847599999999999909e+00 1.750720000000000054e+00 1.655319999999999903e+00 1.560829999999999940e+00 1.466900000000000093e+00 1.373480000000000034e+00 1.281320000000000014e+00 1.192960000000000020e+00 1.115739999999999954e+00 1.057700000000000085e+00 1.020529999999999937e+00
1.143369999999999997e+00 1.133040000000000047e+00 1.123159999999999936e+00 1.113709999999999978e+00 1.104670000000000041e+00 1.095930000000000071e+00 1.087439999999999962e+00 1.079159999999999897e+00 1.071090000000000098e+00 1.063260000000000094e+00 1.055709999999999926e+00 1.048470000000000013e+00 1.041560000000000041e+00 1.035169999999999924e+00 1.029730000000000034e+00 1.025290000000000035e+00
1.264920000000000044e+00 1.243109999999999937e+00 1.222069999999999990e+00 1.201820000000000110e+00 1.182330000000000103e+00 1.163589999999999902e+00 1.145529999999999937e+00 1.128149999999999986e+00 1.111529999999999907e+00 1.095809999999999951e+00 1.081110000000000015e+00 1.067430000000000101e+00 1.054769999999999985e+00 1.043260000000000076e+00 1.033409999999999940e+00 1.025500000000000078e+00
1.127809999999999979e+00 1.118349999999999955e+00 1.109390000000000098e+00 1.100910000000000055e+00 1.092870000000000008e+00 1.085239999999999982e+00 1.077909999999999924e+00 1.070780000000000065e+00 1.063800000000000079e+00 1.056969999999999965e+00 1.050300000000000011e+00 1.043789999999999996e+00 1.037490000000000023e+00 1.031579999999999941e+00 1.026620000000000088e+00 1.022820000000000062e+00
1.798389999999999933e+00 1.734050000000000091e+00 1.671019999999999950e+00 1.609380000000000033e+00 1.549150000000000027e+00 1.490229999999999944e+00 1.432460000000000067e+00 1.375620000000000065e+00 1.319639999999999924e+00 1.264729999999999910e+00 1.211559999999999970e+00 1.161299999999999999e+00 1.115949999999999998e+00 1.077739999999999920e+00 1.047909999999999897e+00 1.025819999999999954e+00
