3.432929999999999815e+00 3.425499999999999989e+00 2.742830000000000101e+00 2.677960000000000118e+00 3.002510000000000012e+00 2.532189999999999941e+00 2.918860000000000010e+00 1.713389999999999969e+00 2.452310000000000212e+00 2.408259999999999845e+00 2.205620000000000136e+00
1.872880000000000100e+00 1.819379999999999997e+00 1.662130000000000107e+00 1.727360000000000007e+00 1.746750000000000025e+00 1.690080000000000027e+00 1.677599999999999980e+00 1.624479999999999924e+00 1.653939999999999966e+00 1.624279999999999946e+00 1.587320000000000064e+00
3.430000000000000160e+00 3.668899999999999828e+00 2.776639999999999997e+00 2.829730000000000079e+00 3.121980000000000199e+00 2.618599999999999817e+00 2.917330000000000201e+00 2.604410000000000114e+00 2.512539999999999996e+00 2.416100000000000136e+00 2.257699999999999818e+00
3.281179999999999986e+00 2.693210000000000104e+00 2.556680000000000064e+00 3.844790000000000152e+00 4.338739999999999597e+00 3.462439999999999962e+00 3.670529999999999848e+00 3.046380000000000088e+00 3.462400000000000144e+00 3.144930000000000003e+00 2.819370000000000154e+00
1.449019999999999975e+00 1.436099999999999932e+00 1.374519999999999964e+00 1.421540000000000026e+00 1.457699999999999996e+00 1.446209999999999996e+00 1.464159999999999906e+00 1.432930000000000037e+00 1.455259999999999998e+00 1.458350000000000035e+00 1.453400000000000025e+00
3.796670000000000211e+00 5.157020000000000159e+00 3.182729999999999837e+00 3.672530000000000072e+00 4.172340000000000160e+00 2.093049999999999855e+00 3.436549999999999994e+00 2.920009999999999994e+00 3.354610000000000092e+00 3.038250000000000117e+00 2.713109999999999911e+00
5.569289999999999630e+00 6.367130000000000400e+00 3.673169999999999824e+00 4.404819999999999958e+00 4.914839999999999876e+00 2.757620000000000182e+00 4.584080000000000155e+00 3.701090000000000213e+00 4.042620000000000324e+00 3.672439999999999927e+00 3.327570000000000139e+00
5.375609999999999999e+00 5.734099999999999753e+00 2.845730000000000093e+00 2.952989999999999782e+00 4.844969999999999999e+00 3.714170000000000194e+00 4.325960000000000250e+00 2.256559999999999899e+00 3.686010000000000009e+00 3.470349999999999824e+00 3.134630000000000027e+00
2.758939999999999948e+00 3.007629999999999804e+00 2.361810000000000187e+00 2.535620000000000207e+00 2.621750000000000025e+00 2.206710000000000171e+00 2.330859999999999932e+00 2.189420000000000144e+00 2.225249999999999950e+00 2.101480000000000015e+00 1.956199999999999939e+00
5.220819999999999794e+00 9.547129999999999228e+00 4.434859999999999580e+00 6.349610000000000198e+00 7.300580000000000069e+00 3.704219999999999846e+00 3.255279999999999951e+00 3.123639999999999972e+00 6.124469999999999636e+00 4.715119999999999756e+00 4.241209999999999702e+00
3.068839999999999790e+00 3.359820000000000029e+00 2.630139999999999922e+00 2.710929999999999840e+00 2.816930000000000156e+00 2.483709999999999862e+00 2.663120000000000154e+00 2.427400000000000002e+00 2.349320000000000075e+00 2.229830000000000201e+00 2.118360000000000021e+00
2.931519999999999904e+00 3.686389999999999834e+00 2.651069999999999816e+00 2.884129999999999860e+00 3.160680000000000156e+00 2.509920000000000151e+00 2.690659999999999830e+00 2.435919999999999863e+00 2.546370000000000022e+00 2.372710000000000097e+00 2.183209999999999873e+00
2.593140000000000001e+00 2.800190000000000179e+00 2.315700000000000092e+00 2.402249999999999996e+00 2.359519999999999840e+00 2.195419999999999927e+00 2.242929999999999868e+00 2.133550000000000058e+00 2.078250000000000153e+00 2.007359999999999811e+00 1.898640000000000105e+00
5.610560000000000436e+00 2.949500000000000011e+00 3.202220000000000066e+00 2.952729999999999855e+00 5.096729999999999983e+00 2.768069999999999808e+00 4.675910000000000011e+00 3.871929999999999872e+00 2.249140000000000139e+00 3.808629999999999960e+00 3.306179999999999897e+00
1.458900000000000086e+00 1.445410000000000084e+00 1.381809999999999983e+00 1.426309999999999967e+00 1.465470000000000050e+00 1.450190000000000090e+00 1.469570000000000043e+00 1.435950000000000060e+00 1.459359999999999991e+00 1.461889999999999912e+00 1.456339999999999968e+00
2.366480000000000139e+00 2.425450000000000106e+00 1.966730000000000089e+00 2.075070000000000192e+00 2.182510000000000172e+00 2.018120000000000136e+00 2.021440000000000126e+00 1.933060000000000000e+00 1.956169999999999964e+00 1.889289999999999914e+00 1.791339999999999932e+00
4.105489999999999640e+00 4.335390000000000299e+00 3.175619999999999887e+00 3.244089999999999918e+00 3.472739999999999938e+00 2.126360000000000028e+00 3.326430000000000220e+00 2.935690000000000133e+00 2.902890000000000192e+00 2.747549999999999937e+00 2.510819999999999830e+00
2.653919999999999835e+00 2.781130000000000102e+00 2.379179999999999851e+00 2.312240000000000073e+00 2.369380000000000042e+00 2.214729999999999865e+00 2.221359999999999779e+00 2.125430000000000152e+00 2.081700000000000106e+00 2.000399999999999956e+00 1.890649999999999942e+00
3.190859999999999808e+00 3.423770000000000202e+00 2.739990000000000148e+00 2.651559999999999917e+00 2.827960000000000029e+00 2.471740000000000048e+00 2.702370000000000161e+00 2.453329999999999789e+00 2.340170000000000083e+00 2.246700000000000141e+00 2.142889999999999961e+00
2.338859999999999939e+00 4.533050000000000246e+00 2.942460000000000075e+00 2.597560000000000091e+00 3.875809999999999977e+00 3.002229999999999954e+00 3.080270000000000064e+00 2.756979999999999986e+00 3.107600000000000140e+00 2.748829999999999885e+00 2.516649999999999832e+00
3.726179999999999826e+00 4.014389999999999681e+00 3.033859999999999779e+00 3.071889999999999787e+00 3.418550000000000200e+00 2.916889999999999983e+00 3.222519999999999829e+00 2.743770000000000042e+00 2.750739999999999963e+00 2.600480000000000125e+00 2.429390000000000160e+00
2.128219999999999779e+00 2.150469999999999882e+00 1.883040000000000047e+00 1.934099999999999930e+00 1.989980000000000082e+00 1.842619999999999925e+00 1.873830000000000107e+00 1.788939999999999975e+00 1.804119999999999946e+00 1.752550000000000052e+00 1.686120000000000063e+00
6.998450000000000060e+00 2.696450000000000014e+00 2.901310000000000056e+00 2.911000000000000032e+00 4.450160000000000338e+00 3.918050000000000033e+00 4.099409999999999776e+00 3.583520000000000039e+00 3.609319999999999862e+00 3.387980000000000214e+00 3.038590000000000124e+00
3.833149999999999835e+00 4.313010000000000232e+00 3.115479999999999805e+00 3.333050000000000068e+00 3.479870000000000019e+00 2.056770000000000209e+00 3.247069999999999901e+00 2.806589999999999918e+00 2.901349999999999874e+00 2.714389999999999858e+00 2.490689999999999849e+00
2.112680000000000113e+00 2.112629999999999786e+00 1.888449999999999962e+00 1.890409999999999924e+00 1.944639999999999924e+00 1.848019999999999996e+00 1.846440000000000081e+00 1.775409999999999933e+00 1.782669999999999977e+00 1.740010000000000057e+00 1.676029999999999909e+00
4.365899999999999892e+00 4.786400000000000432e+00 3.542759999999999909e+00 2.491070000000000118e+00 3.660250000000000004e+00 3.176250000000000018e+00 3.497710000000000097e+00 3.100239999999999885e+00 3.093669999999999920e+00 2.906680000000000152e+00 2.630599999999999827e+00
4.463770000000000238e+00 5.160269999999999690e+00 2.820749999999999869e+00 3.908500000000000085e+00 2.475220000000000198e+00 3.681200000000000028e+00 2.215879999999999850e+00 2.142619999999999969e+00 3.485500000000000043e+00 3.217690000000000161e+00 2.911550000000000082e+00
5.787440000000000140e+00 7.446869999999999656e+00 5.055380000000000429e+00 5.111989999999999590e+00 5.933670000000000222e+00 4.685290000000000177e+00 5.235389999999999766e+00 2.661470000000000002e+00 4.601049999999999862e+00 4.202790000000000248e+00 3.658720000000000194e+00
5.170799999999999841e+00 2.543060000000000098e+00 3.776730000000000143e+00 2.722960000000000047e+00 2.592029999999999834e+00 2.441069999999999851e+00 4.143169999999999575e+00 3.565100000000000158e+00 3.534530000000000172e+00 3.342509999999999870e+00 3.034180000000000099e+00
4.680670000000000108e+00 4.864830000000000432e+00 3.260810000000000208e+00 2.567210000000000214e+00 4.012270000000000003e+00 3.485040000000000138e+00 3.780479999999999841e+00 2.011839999999999851e+00 3.266030000000000211e+00 3.066019999999999968e+00 2.781350000000000211e+00
1.697030000000000038e+00 1.639990000000000059e+00 1.543099999999999916e+00 1.592130000000000045e+00 1.629860000000000086e+00 1.589350000000000041e+00 1.594929999999999959e+00 1.543979999999999908e+00 1.567399999999999904e+00 1.551339999999999941e+00 1.529320000000000013e+00
2.839109999999999800e+00 2.901549999999999851e+00 2.433050000000000157e+00 2.397619999999999862e+00 2.609469999999999956e+00 2.219869999999999788e+00 2.422969999999999846e+00 2.241379999999999928e+00 2.198199999999999932e+00 2.131409999999999805e+00 1.980480000000000018e+00
2.266140000000000043e+00 2.106799999999999784e+00 1.983309999999999906e+00 1.917440000000000033e+00 1.933149999999999924e+00 1.783930000000000016e+00 1.980960000000000054e+00 1.838260000000000005e+00 1.837530000000000108e+00 1.791060000000000096e+00 1.713940000000000019e+00
3.256479999999999819e+00 3.571149999999999824e+00 2.875370000000000203e+00 2.778169999999999806e+00 2.967239999999999878e+00 2.671209999999999862e+00 2.836770000000000014e+00 2.531909999999999883e+00 2.477720000000000145e+00 2.359589999999999854e+00 2.223879999999999857e+00
3.005669999999999842e+00 3.300209999999999866e+00 2.703180000000000138e+00 2.762890000000000068e+00 2.681560000000000166e+00 2.312059999999999782e+00 2.608589999999999964e+00 2.357470000000000176e+00 2.317520000000000024e+00 2.182549999999999990e+00 2.026040000000000063e+00
1.861120000000000108e+00 1.860549999999999926e+00 1.699049999999999949e+00 1.745379999999999932e+00 1.795379999999999976e+00 1.693929999999999936e+00 1.711780000000000079e+00 1.649860000000000104e+00 1.671200000000000019e+00 1.639529999999999932e+00 1.597320000000000073e+00
3.256149999999999878e+00 3.723320000000000185e+00 2.855949999999999989e+00 3.043930000000000025e+00 3.113999999999999879e+00 2.616010000000000169e+00 2.815420000000000034e+00 4.286349999999999660e+00 2.553929999999999811e+00 2.412790000000000212e+00 2.237919999999999909e+00
2.465409999999999879e+00 2.186850000000000183e+00 3.034400000000000208e+00 3.292260000000000186e+00 3.335300000000000153e+00 3.025279999999999969e+00 1.779120000000000035e+00 2.907900000000000151e+00 3.123099999999999987e+00 2.645119999999999916e+00 2.575070000000000192e+00
2.109910000000000174e+00 2.314280000000000115e+00 2.041560000000000041e+00 1.987840000000000051e+00 2.102650000000000130e+00 1.963230000000000031e+00 1.966029999999999944e+00 1.868389999999999995e+00 1.879170000000000007e+00 1.814279999999999893e+00 1.732949999999999990e+00
3.633669999999999956e+00 5.527720000000000411e+00 3.533349999999999991e+00 2.560490000000000155e+00 4.146840000000000082e+00 3.221429999999999794e+00 3.747370000000000090e+00 2.172870000000000079e+00 3.685309999999999864e+00 3.098419999999999952e+00 2.934009999999999785e+00
5.349649999999999572e+00 6.659709999999999575e+00 3.351350000000000051e+00 4.600019999999999776e+00 5.217929999999999957e+00 4.234619999999999607e+00 4.548449999999999882e+00 2.519849999999999923e+00 4.375020000000000131e+00 3.673369999999999802e+00 2.007249999999999979e+00
4.571030000000000371e+00 2.818210000000000104e+00 2.910919999999999952e+00 2.662409999999999943e+00 4.364499999999999602e+00 2.571590000000000042e+00 4.039259999999999629e+00 3.401019999999999932e+00 3.678819999999999979e+00 3.290890000000000093e+00 2.997669999999999835e+00
1.964360000000000106e+00 2.138250000000000206e+00 1.810440000000000049e+00 1.930160000000000098e+00 1.984860000000000069e+00 1.831949999999999967e+00 1.832200000000000051e+00 1.765709999999999891e+00 1.805779999999999941e+00 1.713160000000000016e+00 1.677689999999999904e+00
5.288160000000000416e+00 8.668010000000000659e+00 4.387909999999999755e+00 4.272249999999999659e+00 3.842049999999999965e+00 4.026049999999999685e+00 3.164649999999999963e+00 4.880259999999999820e+00 6.179700000000000415e+00 2.446450000000000014e+00 4.144940000000000069e+00
3.525920000000000165e+00 4.109200000000000408e+00 2.248559999999999892e+00 3.262100000000000222e+00 3.305629999999999846e+00 2.010170000000000012e+00 3.106370000000000076e+00 2.850919999999999899e+00 2.740769999999999929e+00 2.603759999999999852e+00 2.396250000000000213e+00
2.233690000000000175e+00 2.495389999999999997e+00 2.033209999999999962e+00 2.059499999999999886e+00 2.212159999999999904e+00 2.012739999999999974e+00 1.997980000000000089e+00 1.931159999999999988e+00 1.973340000000000094e+00 1.848940000000000028e+00 1.788589999999999902e+00
2.652810000000000112e+00 2.793019999999999836e+00 2.291090000000000071e+00 2.329330000000000123e+00 2.385180000000000078e+00 2.129129999999999967e+00 2.208720000000000017e+00 2.128899999999999793e+00 2.077710000000000168e+00 2.005240000000000133e+00 1.888209999999999944e+00
6.174999999999999822e+00 6.474039999999999573e+00 4.349779999999999980e+00 4.731530000000000236e+00 4.883370000000000211e+00 3.776029999999999998e+00 4.617300000000000182e+00 4.063950000000000173e+00 4.065669999999999895e+00 3.676769999999999872e+00 3.266659999999999897e+00
2.177350000000000119e+00 2.418719999999999981e+00 2.089859999999999829e+00 2.005640000000000089e+00 2.151720000000000077e+00 1.997710000000000097e+00 2.013389999999999791e+00 1.907459999999999933e+00 1.934539999999999926e+00 1.857660000000000089e+00 1.767020000000000035e+00
1.971130000000000049e+00 2.056950000000000056e+00 1.822380000000000111e+00 1.852549999999999919e+00 1.937910000000000021e+00 1.775460000000000038e+00 1.824089999999999989e+00 1.745589999999999975e+00 1.768799999999999928e+00 1.715589999999999948e+00 1.659990000000000077e+00
2.786090000000000177e+00 3.030250000000000110e+00 2.552610000000000046e+00 2.507969999999999811e+00 2.516709999999999781e+00 2.232680000000000220e+00 2.443630000000000191e+00 2.240510000000000002e+00 2.203559999999999963e+00 2.110069999999999890e+00 1.962779999999999969e+00
3.277730000000000032e+00 3.625539999999999985e+00 2.841730000000000089e+00 3.013209999999999944e+00 2.948259999999999881e+00 2.523909999999999876e+00 2.766539999999999999e+00 2.553129999999999900e+00 2.454610000000000181e+00 2.330909999999999815e+00 2.193620000000000125e+00
3.365079999999999849e+00 3.864520000000000177e+00 2.967919999999999892e+00 3.094469999999999832e+00 3.136010000000000186e+00 2.653340000000000032e+00 2.938029999999999919e+00 2.695199999999999818e+00 2.572239999999999860e+00 2.436170000000000169e+00 2.281670000000000087e+00
2.431970000000000187e+00 2.736540000000000195e+00 2.342499999999999805e+00 2.427900000000000169e+00 2.494409999999999794e+00 2.253260000000000041e+00 2.282750000000000057e+00 2.149150000000000116e+00 2.193659999999999943e+00 2.007680000000000131e+00 1.921640000000000015e+00
3.119069999999999787e+00 4.066449999999999676e+00 3.038940000000000197e+00 2.465520000000000156e+00 3.324460000000000193e+00 2.206999999999999851e+00 3.162170000000000147e+00 2.753350000000000186e+00 2.903640000000000221e+00 2.709940000000000015e+00 2.477529999999999788e+00
1.915030000000000010e+00 1.982520000000000060e+00 1.771320000000000006e+00 1.824210000000000109e+00 1.882849999999999913e+00 1.732830000000000092e+00 1.773339999999999916e+00 1.704530000000000101e+00 1.729519999999999946e+00 1.686469999999999914e+00 1.633769999999999945e+00
3.364739999999999842e+00 2.734760000000000080e+00 3.033619999999999983e+00 4.104160000000000252e+00 4.458190000000000097e+00 2.420430000000000081e+00 2.265690000000000204e+00 2.236520000000000064e+00 3.602559999999999985e+00 3.323869999999999880e+00 3.019350000000000200e+00
2.348339999999999872e+00 3.851869999999999905e+00 2.877959999999999852e+00 3.097379999999999800e+00 3.059540000000000148e+00 2.659510000000000041e+00 3.007839999999999847e+00 2.607590000000000074e+00 2.594800000000000217e+00 2.495010000000000172e+00 2.318700000000000205e+00
1.779800000000000049e+00 1.736760000000000081e+00 1.607930000000000081e+00 1.672080000000000011e+00 1.710350000000000037e+00 1.623609999999999998e+00 1.660900000000000043e+00 1.597050000000000081e+00 1.614610000000000101e+00 1.593059999999999921e+00 1.559309999999999974e+00
4.685839999999999783e+00 4.995300000000000296e+00 3.696959999999999802e+00 3.683860000000000134e+00 4.071880000000000166e+00 3.474219999999999864e+00 2.068630000000000191e+00 3.225880000000000081e+00 3.318620000000000125e+00 3.076550000000000118e+00 2.784780000000000033e+00
4.264890000000000292e+00 4.850530000000000008e+00 3.731479999999999908e+00 2.721509999999999874e+00 3.995849999999999902e+00 2.290290000000000159e+00 3.596890000000000143e+00 3.231209999999999916e+00 3.280819999999999848e+00 3.052630000000000177e+00 2.764790000000000081e+00
5.441830000000000389e+00 3.425440000000000040e+00 3.601319999999999855e+00 4.921409999999999840e+00 3.225169999999999870e+00 4.523590000000000444e+00 4.922349999999999781e+00 2.640099999999999891e+00 4.547749999999999737e+00 2.092750000000000110e+00 3.520039999999999836e+00
4.875790000000000290e+00 6.755150000000000432e+00 3.411669999999999980e+00 3.880949999999999900e+00 4.100730000000000430e+00 2.379560000000000120e+00 3.899249999999999883e+00 3.339389999999999858e+00 3.400220000000000020e+00 3.135990000000000055e+00 2.858319999999999972e+00
4.703940000000000232e+00 5.597120000000000317e+00 3.999400000000000066e+00 3.866579999999999906e+00 2.601890000000000036e+00 2.520280000000000076e+00 4.144770000000000287e+00 3.418559999999999821e+00 3.685049999999999937e+00 3.354299999999999837e+00 3.023789999999999978e+00
1.859199999999999964e+00 1.794769999999999976e+00 1.655170000000000030e+00 1.726250000000000062e+00 1.760490000000000110e+00 1.666919999999999957e+00 1.675540000000000029e+00 1.633539999999999992e+00 1.647350000000000092e+00 1.617669999999999941e+00 1.581190000000000095e+00
2.618409999999999904e+00 2.778840000000000199e+00 2.315570000000000128e+00 2.291519999999999779e+00 2.422689999999999788e+00 2.200779999999999959e+00 2.231749999999999901e+00 2.106020000000000003e+00 2.108779999999999877e+00 1.992949999999999999e+00 1.879289999999999905e+00
2.038100000000000023e+00 2.066530000000000200e+00 1.907399999999999984e+00 1.901340000000000030e+00 1.919580000000000064e+00 1.703310000000000102e+00 1.832489999999999952e+00 1.752269999999999994e+00 1.747800000000000020e+00 1.699319999999999942e+00 1.646619999999999973e+00
2.737049999999999983e+00 2.981399999999999828e+00 2.438250000000000028e+00 2.479089999999999794e+00 2.503950000000000120e+00 2.190560000000000063e+00 2.326760000000000161e+00 2.227609999999999868e+00 2.189610000000000056e+00 2.075019999999999865e+00 1.951449999999999907e+00
