-4.921569999999999823e+01 -3.546800000000000352e+01 2.906070000000000064e+01
-1.141899999999999915e+00 1.645100000000000051e+01 5.731569999999999965e+01
-2.725300000000000011e+01 7.783699999999999619e+00 7.095650000000000546e+01
-7.625700000000000145e+00 -7.272860000000000014e+01 3.410900000000000176e+01
-2.806889999999999930e+01 3.257699999999999818e+00 -1.789400000000000102e+00
-3.396970000000000312e+01 -3.868650000000000233e+01 6.741500000000000270e+00
-4.058859999999999957e+01 -6.012230000000000274e+01 4.264119999999999777e+01
-4.807350000000000279e+01 -2.256609999999999872e+01 4.977000000000000313e+00
-4.519400000000000084e+00 -3.946750000000000114e+01 3.718939999999999912e+01
-2.606309999999999860e+01 -7.978390000000000271e+01 1.232199999999999918e+01
-2.097929999999999851e+01 3.569210000000000349e+01 2.342320000000000135e+01
-1.041830000000000034e+01 -6.149620000000000175e+01 1.439230000000000054e+01
-3.496799999999999908e+00 3.975039999999999907e+01 2.502100000000000080e+01
-5.474190000000000111e+01 -1.635859999999999914e+01 1.924089999999999989e+01
-2.421630000000000038e+01 -2.491560000000000130e+01 6.134100000000000108e+00
-3.729400000000000048e+00 -3.514719999999999800e+01 6.995539999999999736e+01
-4.280559999999999832e+01 1.606480000000000175e+01 4.461440000000000339e+01
-3.936860000000000070e+01 4.159819999999999851e+01 3.107300000000000040e+01
-3.870430000000000348e+01 3.031190000000000140e+01 4.414650000000000318e+01
-1.239109999999999978e+01 -7.284019999999999584e+01 2.594800000000000040e+01
-3.700249999999999773e+01 -2.358419999999999916e+01 6.533079999999999643e+01
-6.323100000000000165e+00 -2.376729999999999876e+01 5.681340000000000146e+01
-3.333870000000000289e+01 -9.516099999999999781e+00 6.772180000000000177e+01
-8.975899999999999324e+00 -5.412939999999999685e+01 5.067360000000000042e+01
-1.561700000000000088e+00 3.864650000000000318e+01 4.011719999999999686e+01
-2.610210000000000008e+01 3.982679999999999865e+01 5.658729999999999905e+01
-5.531799999999999606e+00 1.560810000000000031e+01 6.821439999999999770e+01
-2.159929999999999950e+01 -6.371770000000000067e+01 5.638909999999999911e+01
-5.358070000000000022e+01 -5.499100000000000321e+00 2.698799999999999955e+01
-4.908149999999999835e+01 -3.404789999999999850e+01 5.138430000000000319e+01
-3.912999999999999812e+00 6.416160000000000707e+01 3.502559999999999718e+01
-3.415729999999999933e+01 2.418189999999999884e+01 7.249200000000000088e+00
-3.832450000000000045e+01 -1.319079999999999941e+01 3.410479999999999734e+01
-3.478249999999999886e+01 7.015099999999999669e-01 3.295889999999999986e+01
4.954760000000000275e+01 -2.885010000000000119e+01 2.441179999999999950e+01
3.545999999999999819e+00 1.363359999999999950e+01 5.473839999999999861e+01
3.362610000000000099e+01 -3.762199999999999989e-01 6.920690000000000452e+01
3.900199999999999889e+00 -6.676290000000000191e+01 3.708859999999999957e+01
1.978180000000000049e+01 2.351199999999999957e+00 -2.309699999999999864e+00
3.336679999999999779e+01 -3.430230000000000246e+01 3.457500000000000018e+00
4.124830000000000041e+01 -5.624759999999999849e+01 4.029209999999999781e+01
4.455749999999999744e+01 -1.923710000000000164e+01 -1.460499999999999909e+00
4.974199999999999733e+00 -3.778130000000000166e+01 3.411710000000000065e+01
2.914630000000000010e+01 -7.200639999999999930e+01 1.990180000000000149e+01
2.364339999999999975e+01 3.577499999999999858e+01 1.909600000000000009e+01
7.988299999999999734e+00 -5.376760000000000161e+01 1.506600000000000072e+01
4.239499999999999602e+00 4.180040000000000333e+01 2.283109999999999928e+01
5.454610000000000269e+01 -1.258440000000000047e+01 1.236669999999999980e+01
1.914959999999999951e+01 -2.366130000000000067e+01 7.600600000000000023e+00
2.651100000000000012e+00 -3.130320000000000036e+01 7.162529999999999575e+01
4.733780000000000143e+01 1.277890000000000015e+01 4.196650000000000347e+01
3.778920000000000101e+01 4.110799999999999699e+01 2.839000000000000057e+01
4.662720000000000198e+01 2.433749999999999858e+01 3.902479999999999905e+01
9.049300000000000566e+00 -6.958289999999999509e+01 2.524919999999999831e+01
3.659219999999999828e+01 -2.566629999999999967e+01 6.507420000000000471e+01
1.301600000000000090e+00 -1.946669999999999945e+01 5.584069999999999823e+01
3.456580000000000297e+01 -1.360849999999999937e+01 6.675180000000000291e+01
6.661999999999999922e+00 -5.329399999999999693e+01 5.284969999999999857e+01
4.521700000000000053e+00 3.512789999999999679e+01 4.002040000000000219e+01
3.257300000000000040e+01 3.783129999999999882e+01 5.337660000000000338e+01
1.407499999999999929e+01 2.415220000000000056e+01 7.225879999999999370e+01
2.329769999999999897e+01 -5.993200000000000216e+01 6.280420000000000158e+01
5.310229999999999961e+01 -2.365600000000000147e+00 1.885640000000000072e+01
4.858059999999999690e+01 -3.116920000000000002e+01 4.747010000000000218e+01
1.078250000000000064e+01 6.489700000000000557e+01 3.223649999999999949e+01
2.652680000000000149e+01 2.417729999999999890e+01 5.998300000000000409e+00
4.222090000000000032e+01 -1.107119999999999926e+01 3.230579999999999785e+01
3.788920000000000243e+01 -1.004499999999999948e+00 2.899540000000000006e+01
