2.843020000000000103e+00 2.835220000000000073e+00 2.576109999999999900e+00 2.729519999999999946e+00 2.894589999999999996e+00 2.332809999999999828e+00 2.509949999999999903e+00 2.357340000000000213e+00 2.104530000000000012e+00 2.167839999999999989e+00 2.046870000000000189e+00
2.009580000000000144e+00 1.942010000000000014e+00 1.882679999999999909e+00 1.906600000000000072e+00 2.050180000000000113e+00 1.823069999999999968e+00 1.925400000000000000e+00 1.859790000000000054e+00 1.741239999999999899e+00 1.762899999999999912e+00 1.709119999999999973e+00
3.637659999999999894e+00 4.654139999999999944e+00 3.800850000000000062e+00 3.052900000000000169e+00 5.108570000000000277e+00 3.576519999999999921e+00 4.384529999999999816e+00 4.182859999999999800e+00 2.952869999999999884e+00 3.485459999999999781e+00 3.041310000000000180e+00
3.963309999999999889e+00 3.298869999999999969e+00 3.577449999999999797e+00 3.561479999999999979e+00 3.915490000000000137e+00 2.042609999999999815e+00 3.203339999999999854e+00 3.206069999999999975e+00 2.398899999999999810e+00 2.755059999999999842e+00 2.539330000000000087e+00
1.807090000000000085e+00 1.683959999999999901e+00 1.686560000000000059e+00 1.717410000000000103e+00 1.743379999999999930e+00 1.584950000000000081e+00 1.677999999999999936e+00 1.666120000000000045e+00 1.601920000000000011e+00 1.596319999999999961e+00 1.577720000000000011e+00
3.121440000000000214e+00 2.999610000000000110e+00 2.655600000000000183e+00 2.886810000000000098e+00 3.033180000000000209e+00 2.378260000000000041e+00 2.749000000000000110e+00 2.586819999999999897e+00 2.194910000000000139e+00 2.355630000000000113e+00 2.145869999999999944e+00
3.737309999999999910e+00 5.085479999999999556e+00 4.509680000000000355e+00 4.812560000000000393e+00 2.645010000000000083e+00 3.745350000000000179e+00 2.422639999999999905e+00 2.314480000000000093e+00 2.046889999999999876e+00 3.677589999999999915e+00 3.318480000000000096e+00
2.653700000000000170e+00 2.445699999999999985e+00 3.352869999999999795e+00 3.417829999999999924e+00 3.289750000000000174e+00 2.586069999999999869e+00 3.283269999999999911e+00 3.113760000000000083e+00 2.557879999999999932e+00 2.634440000000000115e+00 2.475839999999999819e+00
2.384020000000000028e+00 2.157169999999999810e+00 2.066159999999999997e+00 2.182030000000000136e+00 2.232120000000000104e+00 1.875510000000000010e+00 1.992499999999999938e+00 1.985020000000000007e+00 1.828549999999999898e+00 1.845210000000000017e+00 1.780929999999999902e+00
6.145819999999999617e+00 5.644529999999999603e+00 4.008259999999999934e+00 5.229980000000000295e+00 3.057560000000000056e+00 3.283059999999999867e+00 4.897420000000000329e+00 5.156439999999999912e+00 3.287319999999999798e+00 4.137190000000000367e+00 3.770820000000000061e+00
3.044309999999999850e+00 2.974990000000000023e+00 2.732349999999999834e+00 2.664899999999999824e+00 3.041510000000000158e+00 2.433600000000000207e+00 2.716520000000000046e+00 2.584290000000000198e+00 2.315519999999999801e+00 2.282280000000000086e+00 2.151250000000000107e+00
2.235570000000000057e+00 1.976120000000000099e+00 1.903999999999999915e+00 2.031779999999999919e+00 2.078749999999999876e+00 1.750820000000000043e+00 1.888730000000000020e+00 1.847849999999999993e+00 1.676709999999999923e+00 1.756389999999999896e+00 1.708979999999999944e+00
2.865520000000000067e+00 2.627159999999999940e+00 2.462800000000000100e+00 2.540329999999999977e+00 2.859669999999999934e+00 2.332590000000000163e+00 2.502019999999999911e+00 2.384700000000000042e+00 2.156540000000000123e+00 2.184839999999999893e+00 2.034240000000000048e+00
3.906260000000000066e+00 3.885489999999999888e+00 3.997329999999999828e+00 3.975540000000000074e+00 4.738389999999999880e+00 3.303560000000000052e+00 3.752069999999999794e+00 3.534450000000000092e+00 2.879469999999999974e+00 3.032509999999999817e+00 2.781390000000000029e+00
1.691300000000000026e+00 1.593299999999999939e+00 1.592400000000000038e+00 1.624600000000000044e+00 1.658840000000000092e+00 1.511439999999999895e+00 1.598019999999999996e+00 1.593159999999999910e+00 1.544180000000000108e+00 1.546300000000000008e+00 1.535819999999999963e+00
2.632829999999999782e+00 2.394330000000000069e+00 2.384549999999999947e+00 2.447280000000000122e+00 2.667499999999999982e+00 2.170589999999999797e+00 2.329870000000000108e+00 2.280349999999999877e+00 2.054419999999999913e+00 2.061609999999999943e+00 1.959440000000000071e+00
3.578749999999999876e+00 3.434909999999999908e+00 2.829800000000000093e+00 3.185389999999999944e+00 3.762939999999999952e+00 2.942600000000000104e+00 3.281210000000000182e+00 3.107470000000000176e+00 2.640660000000000007e+00 2.655320000000000125e+00 2.479629999999999779e+00
2.937250000000000139e+00 2.779380000000000184e+00 2.649270000000000014e+00 2.771669999999999856e+00 2.974650000000000016e+00 2.427900000000000169e+00 2.680210000000000203e+00 2.493419999999999970e+00 2.323859999999999815e+00 2.256689999999999863e+00 2.121589999999999865e+00
3.221499999999999808e+00 2.596060000000000034e+00 2.992840000000000167e+00 2.959010000000000140e+00 3.379970000000000141e+00 2.713290000000000202e+00 3.001119999999999788e+00 2.807819999999999983e+00 2.504649999999999821e+00 2.461399999999999810e+00 2.296170000000000044e+00
3.193369999999999820e+00 2.808720000000000105e+00 2.468710000000000182e+00 2.722069999999999990e+00 2.959509999999999863e+00 2.161739999999999995e+00 2.589560000000000084e+00 2.497329999999999828e+00 2.068569999999999798e+00 2.211100000000000065e+00 2.101719999999999811e+00
3.840730000000000199e+00 2.356840000000000046e+00 3.242589999999999861e+00 3.237620000000000164e+00 3.806340000000000057e+00 2.659879999999999800e+00 3.267539999999999889e+00 3.096389999999999976e+00 2.656769999999999854e+00 2.683059999999999778e+00 2.473250000000000171e+00
2.195250000000000146e+00 1.961179999999999923e+00 1.975950000000000095e+00 2.002359999999999918e+00 2.079880000000000173e+00 1.808119999999999949e+00 1.935349999999999904e+00 1.887930000000000108e+00 1.772280000000000078e+00 1.776129999999999987e+00 1.721680000000000099e+00
4.179719999999999658e+00 3.943589999999999929e+00 3.518069999999999808e+00 3.791529999999999845e+00 4.793809999999999683e+00 2.674510000000000165e+00 4.055310000000000414e+00 3.905419999999999892e+00 3.028099999999999792e+00 3.162609999999999921e+00 2.977110000000000145e+00
3.471719999999999917e+00 3.039800000000000058e+00 2.827449999999999797e+00 3.004049999999999887e+00 3.619019999999999904e+00 1.964180000000000037e+00 3.025279999999999969e+00 2.934060000000000112e+00 2.340030000000000054e+00 2.560560000000000169e+00 2.393419999999999881e+00
1.941359999999999975e+00 1.835320000000000062e+00 1.774729999999999919e+00 1.844049999999999967e+00 1.910390000000000033e+00 1.735409999999999897e+00 1.826950000000000074e+00 1.774650000000000061e+00 1.682760000000000034e+00 1.694830000000000059e+00 1.652889999999999970e+00
3.273249999999999993e+00 3.881969999999999921e+00 3.100820000000000132e+00 3.780559999999999921e+00 4.995059999999999611e+00 3.189410000000000078e+00 4.239340000000000330e+00 4.107009999999999827e+00 2.952630000000000088e+00 3.351160000000000139e+00 3.096789999999999932e+00
4.410580000000000389e+00 4.430139999999999745e+00 3.837209999999999788e+00 3.899849999999999817e+00 6.133829999999999671e+00 4.607990000000000030e+00 5.567840000000000344e+00 5.342530000000000001e+00 2.771609999999999907e+00 4.007089999999999819e+00 3.805979999999999919e+00
7.026440000000000019e+00 5.412149999999999572e+00 5.030339999999999812e+00 6.873359999999999914e+00 7.994489999999999874e+00 4.043540000000000134e+00 3.409030000000000005e+00 6.128529999999999589e+00 2.912139999999999951e+00 4.705090000000000217e+00 4.234350000000000058e+00
3.711879999999999846e+00 3.508890000000000065e+00 3.393250000000000099e+00 3.195289999999999964e+00 3.891099999999999781e+00 2.829660000000000064e+00 3.316520000000000135e+00 3.155009999999999870e+00 2.630749999999999922e+00 2.729750000000000121e+00 2.513720000000000176e+00
4.313609999999999722e+00 3.246750000000000025e+00 3.666809999999999903e+00 2.771529999999999827e+00 4.437719999999999665e+00 2.411319999999999908e+00 3.627619999999999845e+00 3.572919999999999874e+00 2.805590000000000028e+00 3.040550000000000086e+00 2.786360000000000170e+00
2.017920000000000158e+00 1.862770000000000037e+00 1.846219999999999972e+00 1.946080000000000032e+00 1.993549999999999933e+00 1.795150000000000023e+00 1.893289999999999917e+00 1.830119999999999969e+00 1.743749999999999911e+00 1.730210000000000026e+00 1.684919999999999973e+00
2.220279999999999809e+00 2.044750000000000068e+00 2.044939999999999980e+00 2.098730000000000206e+00 2.158570000000000100e+00 1.848910000000000053e+00 1.974920000000000009e+00 1.930129999999999901e+00 1.810340000000000060e+00 1.805709999999999926e+00 1.738320000000000087e+00
1.738720000000000043e+00 1.642959999999999976e+00 1.636100000000000110e+00 1.652879999999999905e+00 1.649310000000000054e+00 1.533830000000000027e+00 1.611529999999999907e+00 1.593690000000000051e+00 1.552079999999999904e+00 1.555220000000000047e+00 1.543639999999999901e+00
2.732590000000000074e+00 2.457730000000000192e+00 2.404430000000000067e+00 2.483800000000000008e+00 2.717099999999999849e+00 2.232850000000000001e+00 2.380729999999999791e+00 2.311170000000000169e+00 2.112460000000000004e+00 2.066040000000000099e+00 1.969039999999999901e+00
2.429120000000000168e+00 2.431369999999999809e+00 2.284069999999999823e+00 2.424220000000000041e+00 2.491769999999999818e+00 2.080020000000000202e+00 2.262700000000000156e+00 2.173109999999999875e+00 2.053150000000000031e+00 1.956299999999999928e+00 1.894919999999999938e+00
2.304530000000000189e+00 2.126529999999999809e+00 2.062429999999999986e+00 2.013539999999999885e+00 2.069910000000000139e+00 1.923780000000000046e+00 2.055530000000000079e+00 1.969670000000000032e+00 1.869950000000000001e+00 1.819970000000000088e+00 1.764930000000000110e+00
3.331059999999999910e+00 3.027210000000000178e+00 2.775679999999999925e+00 2.969800000000000217e+00 3.132620000000000182e+00 2.614930000000000199e+00 2.999899999999999789e+00 2.777600000000000069e+00 2.465930000000000177e+00 2.402270000000000127e+00 2.256810000000000205e+00
3.261190000000000033e+00 2.978899999999999881e+00 3.273350000000000204e+00 2.874029999999999863e+00 3.612119999999999997e+00 2.301140000000000185e+00 2.896720000000000184e+00 2.764790000000000081e+00 2.478530000000000122e+00 2.419939999999999980e+00 2.338480000000000114e+00
1.651059999999999972e+00 1.567660000000000053e+00 1.592370000000000063e+00 1.628679999999999906e+00 1.625159999999999938e+00 1.519630000000000036e+00 1.602489999999999970e+00 1.593159999999999910e+00 1.553719999999999990e+00 1.542620000000000102e+00 1.534969999999999946e+00
2.460189999999999877e+00 2.143530000000000157e+00 3.012999999999999901e+00 3.264400000000000190e+00 3.967940000000000023e+00 2.868149999999999977e+00 3.210310000000000219e+00 3.036859999999999893e+00 2.851109999999999811e+00 2.701280000000000125e+00 2.536550000000000082e+00
3.690430000000000099e+00 4.058910000000000018e+00 3.601999999999999869e+00 4.714279999999999582e+00 7.176969999999999850e+00 3.258620000000000072e+00 4.870390000000000441e+00 4.689390000000000391e+00 3.650319999999999787e+00 3.593859999999999832e+00 3.509469999999999867e+00
3.467639999999999834e+00 2.646030000000000104e+00 3.314569999999999794e+00 3.920030000000000125e+00 3.131699999999999928e+00 3.114900000000000002e+00 3.753299999999999859e+00 1.998450000000000060e+00 3.081960000000000033e+00 3.032620000000000093e+00 2.814389999999999947e+00
2.062910000000000021e+00 1.951799999999999979e+00 1.947009999999999907e+00 1.985570000000000057e+00 2.037230000000000096e+00 1.808910000000000018e+00 1.904500000000000082e+00 1.858460000000000001e+00 1.761120000000000019e+00 1.719410000000000105e+00 1.708760000000000057e+00
5.923440000000000261e+00 4.395129999999999981e+00 4.101399999999999935e+00 4.526779999999999582e+00 7.683300000000000018e+00 3.605820000000000025e+00 2.880879999999999885e+00 2.660639999999999894e+00 4.503029999999999866e+00 4.016569999999999752e+00 3.791760000000000019e+00
3.249330000000000052e+00 2.947299999999999809e+00 2.952300000000000146e+00 2.779599999999999849e+00 3.151470000000000216e+00 2.482619999999999827e+00 2.827430000000000110e+00 2.661869999999999958e+00 2.378150000000000208e+00 2.350550000000000139e+00 2.208740000000000148e+00
1.934120000000000061e+00 1.892970000000000041e+00 1.785639999999999894e+00 1.909249999999999892e+00 1.873129999999999962e+00 1.701279999999999903e+00 1.767759999999999998e+00 1.724110000000000031e+00 1.723489999999999966e+00 1.662590000000000012e+00 1.651980000000000004e+00
2.737319999999999975e+00 2.646650000000000169e+00 2.463909999999999823e+00 2.396700000000000053e+00 2.670970000000000066e+00 2.207120000000000193e+00 2.377689999999999859e+00 2.295500000000000096e+00 2.106030000000000069e+00 2.067190000000000083e+00 1.970970000000000111e+00
3.202599999999999891e+00 4.168300000000000338e+00 3.164050000000000029e+00 3.951249999999999929e+00 5.206330000000000346e+00 2.834249999999999936e+00 4.368909999999999627e+00 4.063100000000000378e+00 3.098500000000000032e+00 3.404669999999999863e+00 3.119800000000000129e+00
1.741049999999999986e+00 1.668679999999999941e+00 1.690490000000000048e+00 1.734660000000000091e+00 1.715959999999999930e+00 1.594130000000000047e+00 1.684709999999999930e+00 1.662819999999999965e+00 1.613730000000000109e+00 1.592629999999999990e+00 1.578140000000000098e+00
2.786960000000000104e+00 2.601350000000000051e+00 2.335710000000000175e+00 2.475459999999999994e+00 2.678139999999999965e+00 2.150640000000000107e+00 2.399080000000000101e+00 2.314900000000000180e+00 2.118630000000000013e+00 2.071810000000000151e+00 1.962890000000000024e+00
3.276339999999999808e+00 2.920599999999999863e+00 2.804079999999999906e+00 2.781880000000000130e+00 3.098549999999999915e+00 2.499390000000000001e+00 2.818169999999999842e+00 2.639330000000000176e+00 2.381870000000000154e+00 2.295259999999999856e+00 2.164089999999999847e+00
2.947750000000000092e+00 2.812590000000000146e+00 2.673970000000000180e+00 2.703780000000000072e+00 2.897850000000000037e+00 2.389429999999999943e+00 2.618180000000000174e+00 2.455929999999999946e+00 2.249390000000000001e+00 2.173220000000000152e+00 2.058079999999999909e+00
3.450239999999999974e+00 3.373930000000000096e+00 3.210059999999999913e+00 3.252889999999999837e+00 3.549910000000000121e+00 2.898629999999999818e+00 3.231850000000000112e+00 3.031080000000000219e+00 2.647240000000000038e+00 2.547079999999999789e+00 2.420999999999999819e+00
2.975890000000000146e+00 2.722900000000000098e+00 2.465339999999999865e+00 2.664880000000000138e+00 3.074240000000000084e+00 2.269270000000000120e+00 2.477189999999999781e+00 2.390779999999999905e+00 2.293769999999999865e+00 2.157290000000000152e+00 2.088579999999999881e+00
3.305309999999999970e+00 2.903690000000000104e+00 2.796260000000000190e+00 2.920380000000000198e+00 3.321629999999999860e+00 2.573469999999999924e+00 2.972649999999999793e+00 2.780780000000000030e+00 2.459270000000000067e+00 2.402960000000000207e+00 2.298859999999999904e+00
2.256629999999999914e+00 2.059610000000000163e+00 1.995200000000000085e+00 2.183759999999999923e+00 2.135499999999999954e+00 1.870949999999999891e+00 1.970350000000000046e+00 1.930989999999999984e+00 1.815059999999999896e+00 1.775139999999999940e+00 1.735959999999999948e+00
4.124179999999999957e+00 4.138309999999999711e+00 2.878800000000000026e+00 3.626729999999999787e+00 2.109849999999999781e+00 2.627380000000000049e+00 3.927929999999999922e+00 3.743520000000000181e+00 3.040049999999999919e+00 3.063889999999999780e+00 2.872110000000000163e+00
2.596249999999999947e+00 2.470439999999999969e+00 2.310880000000000045e+00 2.387900000000000134e+00 2.764320000000000110e+00 2.218780000000000197e+00 2.365139999999999798e+00 2.311840000000000117e+00 2.056900000000000173e+00 2.029479999999999951e+00 1.983340000000000103e+00
2.082619999999999916e+00 1.906600000000000072e+00 1.896810000000000107e+00 1.906320000000000014e+00 1.985579999999999901e+00 1.766150000000000109e+00 1.867899999999999894e+00 1.818200000000000038e+00 1.736299999999999955e+00 1.702339999999999964e+00 1.668649999999999967e+00
4.812770000000000437e+00 3.283929999999999794e+00 4.345080000000000275e+00 4.179909999999999570e+00 2.334810000000000052e+00 3.422820000000000196e+00 4.237169999999999881e+00 4.089269999999999960e+00 3.343300000000000161e+00 1.979850000000000110e+00 3.088900000000000201e+00
4.665729999999999933e+00 4.253790000000000404e+00 3.893689999999999873e+00 2.967600000000000016e+00 2.289340000000000153e+00 3.309229999999999894e+00 4.244369999999999976e+00 4.018900000000000361e+00 3.201189999999999980e+00 3.267780000000000129e+00 4.965910000000000046e+00
5.001380000000000159e+00 4.563570000000000348e+00 5.437389999999999723e+00 4.421520000000000117e+00 8.476449999999999818e+00 5.148509999999999920e+00 5.930410000000000181e+00 5.683729999999999727e+00 3.181039999999999868e+00 2.563769999999999882e+00 3.970639999999999947e+00
3.475680000000000103e+00 3.257050000000000001e+00 3.022530000000000161e+00 3.141880000000000006e+00 3.770890000000000075e+00 2.765480000000000160e+00 3.311049999999999827e+00 3.114539999999999864e+00 2.634189999999999809e+00 2.672909999999999897e+00 2.494909999999999961e+00
3.518170000000000019e+00 2.267609999999999904e+00 3.004799999999999915e+00 3.313239999999999963e+00 3.865069999999999784e+00 2.838919999999999888e+00 3.285320000000000018e+00 3.113630000000000120e+00 2.646090000000000053e+00 2.629490000000000105e+00 2.484609999999999985e+00
2.141700000000000159e+00 1.985810000000000075e+00 1.952509999999999968e+00 2.018969999999999931e+00 2.062730000000000175e+00 1.846559999999999979e+00 1.944690000000000030e+00 1.881580000000000030e+00 1.787910000000000110e+00 1.749929999999999986e+00 1.709699999999999998e+00
2.554479999999999862e+00 2.354670000000000041e+00 2.360790000000000166e+00 2.509990000000000165e+00 2.508630000000000138e+00 2.141129999999999978e+00 2.293379999999999974e+00 2.220200000000000173e+00 2.123670000000000169e+00 2.009689999999999976e+00 1.931329999999999991e+00
1.818380000000000107e+00 1.733840000000000048e+00 1.721919999999999895e+00 1.766219999999999901e+00 1.697170000000000067e+00 1.616360000000000019e+00 1.684209999999999985e+00 1.648940000000000072e+00 1.621250000000000080e+00 1.594200000000000061e+00 1.574750000000000094e+00
3.400840000000000085e+00 3.171450000000000102e+00 2.932150000000000034e+00 3.000360000000000138e+00 3.325279999999999792e+00 2.638329999999999842e+00 2.947179999999999911e+00 2.791929999999999801e+00 2.499559999999999782e+00 2.450559999999999850e+00 2.283949999999999925e+00
