3.081220000000000070e+00 1.709009999999999918e+00 2.547880000000000145e+00 2.697029999999999816e+00 2.521520000000000206e+00 2.553319999999999812e+00 2.275780000000000136e+00 2.541869999999999852e+00 2.018479999999999830e+00 2.205960000000000143e+00 2.115009999999999835e+00
1.996429999999999927e+00 1.520159999999999956e+00 1.931850000000000067e+00 1.802179999999999893e+00 1.833399999999999919e+00 1.807790000000000008e+00 1.767800000000000038e+00 1.918250000000000011e+00 1.595639999999999947e+00 1.802019999999999955e+00 1.681210000000000093e+00
4.315260000000000318e+00 2.343389999999999862e+00 3.116449999999999942e+00 2.470330000000000137e+00 2.994540000000000202e+00 2.278610000000000024e+00 3.089879999999999960e+00 3.678450000000000220e+00 2.442740000000000133e+00 3.085560000000000080e+00 2.769699999999999829e+00
3.386870000000000047e+00 2.210490000000000066e+00 2.446930000000000049e+00 3.341849999999999987e+00 3.408059999999999867e+00 3.216460000000000097e+00 2.588830000000000187e+00 3.268660000000000121e+00 2.373990000000000045e+00 2.819669999999999899e+00 2.642479999999999940e+00
1.854659999999999975e+00 1.369189999999999907e+00 1.660150000000000015e+00 1.659240000000000048e+00 1.710760000000000058e+00 1.708409999999999984e+00 1.610300000000000065e+00 1.694420000000000037e+00 1.466809999999999947e+00 1.623199999999999976e+00 1.609399999999999942e+00
3.393359999999999932e+00 1.966650000000000009e+00 2.733089999999999797e+00 3.021560000000000024e+00 2.950210000000000221e+00 2.899509999999999810e+00 2.591410000000000213e+00 2.984620000000000051e+00 2.216050000000000075e+00 2.602030000000000065e+00 2.435810000000000031e+00
5.077960000000000029e+00 3.403750000000000053e+00 3.318540000000000045e+00 3.995319999999999983e+00 3.959789999999999921e+00 4.054899999999999949e+00 2.867999999999999883e+00 3.979600000000000026e+00 2.772400000000000198e+00 3.262700000000000156e+00 3.088350000000000151e+00
4.146099999999999675e+00 2.391030000000000211e+00 2.718280000000000030e+00 3.632050000000000001e+00 2.746020000000000127e+00 3.595610000000000195e+00 2.772019999999999929e+00 3.652859999999999996e+00 3.508989999999999831e+00 3.066339999999999844e+00 2.866810000000000080e+00
2.252870000000000150e+00 1.320319999999999938e+00 1.869709999999999983e+00 1.893610000000000015e+00 2.020760000000000112e+00 1.977880000000000082e+00 1.845280000000000031e+00 1.929799999999999960e+00 1.667170000000000041e+00 1.808079999999999909e+00 1.758999999999999897e+00
3.863820000000000032e+00 3.636019999999999808e+00 3.660340000000000149e+00 4.029910000000000103e+00 4.891049999999999898e+00 3.639979999999999993e+00 3.631949999999999790e+00 2.868630000000000013e+00 3.256060000000000176e+00 3.895249999999999879e+00 3.805919999999999970e+00
2.764790000000000081e+00 1.565800000000000081e+00 2.449600000000000222e+00 2.339729999999999865e+00 2.340590000000000170e+00 2.301629999999999843e+00 2.108480000000000132e+00 2.373850000000000016e+00 1.854999999999999982e+00 2.086500000000000021e+00 2.003769999999999829e+00
2.695100000000000051e+00 1.714539999999999953e+00 2.317039999999999988e+00 2.621269999999999989e+00 2.646290000000000031e+00 2.534920000000000062e+00 2.291009999999999991e+00 2.544259999999999966e+00 1.998769999999999936e+00 2.222119999999999873e+00 2.135569999999999968e+00
2.601570000000000160e+00 1.558729999999999949e+00 2.246389999999999887e+00 2.177210000000000090e+00 2.270729999999999915e+00 2.223629999999999995e+00 2.122110000000000163e+00 2.381009999999999849e+00 1.849709999999999965e+00 2.098390000000000200e+00 1.984920000000000018e+00
3.151089999999999947e+00 2.400539999999999896e+00 3.319220000000000059e+00 3.805489999999999817e+00 3.316800000000000193e+00 3.408859999999999779e+00 3.136610000000000120e+00 3.647949999999999804e+00 2.507569999999999855e+00 3.074469999999999814e+00 2.865759999999999863e+00
1.854489999999999972e+00 1.370819999999999927e+00 1.661089999999999955e+00 1.661129999999999995e+00 1.710129999999999928e+00 1.708259999999999890e+00 1.612419999999999964e+00 1.694059999999999899e+00 1.466920000000000002e+00 1.623480000000000034e+00 1.608389999999999986e+00
2.497409999999999908e+00 1.938819999999999988e+00 2.957539999999999836e+00 2.823150000000000048e+00 2.765960000000000196e+00 2.726609999999999978e+00 2.625360000000000138e+00 3.011870000000000047e+00 2.128340000000000121e+00 2.543800000000000061e+00 2.337839999999999918e+00
3.572299999999999809e+00 1.992040000000000033e+00 2.351069999999999993e+00 3.119639999999999969e+00 2.784009999999999874e+00 2.711479999999999890e+00 2.615829999999999878e+00 3.091920000000000002e+00 2.249929999999999986e+00 2.626630000000000020e+00 2.391919999999999824e+00
2.580459999999999976e+00 1.537760000000000016e+00 2.342410000000000103e+00 2.245340000000000114e+00 2.295720000000000205e+00 2.209600000000000009e+00 2.136169999999999902e+00 2.309719999999999995e+00 1.832980000000000054e+00 2.046819999999999862e+00 1.966059999999999919e+00
2.471870000000000012e+00 1.988459999999999894e+00 2.909250000000000114e+00 2.865279999999999827e+00 2.838429999999999787e+00 1.997449999999999948e+00 2.695069999999999855e+00 3.061910000000000132e+00 2.178150000000000031e+00 2.618770000000000042e+00 2.437380000000000102e+00
2.455459999999999976e+00 2.525910000000000100e+00 2.079200000000000159e+00 3.135159999999999947e+00 3.304370000000000029e+00 3.002139999999999809e+00 2.668719999999999981e+00 3.083880000000000177e+00 1.836549999999999905e+00 2.684000000000000163e+00 2.517409999999999926e+00
4.340799999999999770e+00 2.533539999999999903e+00 3.230710000000000193e+00 3.177760000000000140e+00 3.547029999999999905e+00 3.410390000000000033e+00 3.273569999999999869e+00 3.751869999999999816e+00 2.492480000000000029e+00 3.105900000000000105e+00 2.786960000000000104e+00
2.261789999999999967e+00 1.627569999999999961e+00 2.086780000000000079e+00 1.922209999999999974e+00 2.057279999999999998e+00 1.997500000000000053e+00 1.909140000000000059e+00 2.056150000000000144e+00 1.671939999999999982e+00 1.882989999999999942e+00 1.782880000000000020e+00
6.396359999999999602e+00 4.960930000000000284e+00 4.558010000000000339e+00 4.187400000000000233e+00 4.109490000000000087e+00 3.810249999999999915e+00 4.242799999999999905e+00 5.510150000000000325e+00 3.050269999999999815e+00 4.402770000000000294e+00 2.297120000000000051e+00
3.875890000000000057e+00 2.161150000000000126e+00 3.023010000000000197e+00 2.454590000000000050e+00 3.128800000000000026e+00 3.236699999999999910e+00 2.839360000000000106e+00 3.296250000000000124e+00 2.325140000000000207e+00 2.802449999999999886e+00 2.600359999999999783e+00
2.146560000000000024e+00 1.528480000000000061e+00 1.935540000000000038e+00 1.886319999999999997e+00 1.919869999999999965e+00 1.879000000000000004e+00 1.784990000000000077e+00 1.926560000000000050e+00 1.602160000000000029e+00 1.796389999999999931e+00 1.726150000000000073e+00
5.065780000000000172e+00 2.925030000000000019e+00 4.122919999999999696e+00 3.726030000000000175e+00 4.181589999999999918e+00 3.863910000000000178e+00 3.338740000000000041e+00 4.567470000000000141e+00 2.433310000000000084e+00 3.678809999999999913e+00 3.330200000000000049e+00
4.889199999999999768e+00 4.168429999999999858e+00 5.706360000000000099e+00 4.188369999999999926e+00 4.185130000000000017e+00 3.775170000000000137e+00 3.733229999999999826e+00 5.736049999999999649e+00 3.031969999999999832e+00 4.388180000000000192e+00 2.340959999999999930e+00
6.035449999999999982e+00 3.945320000000000160e+00 3.998060000000000169e+00 5.502550000000000274e+00 4.993019999999999570e+00 4.684479999999999755e+00 3.428770000000000095e+00 2.958390000000000075e+00 2.967480000000000118e+00 2.483979999999999855e+00 2.213499999999999801e+00
3.821340000000000181e+00 2.594520000000000159e+00 3.027610000000000134e+00 3.202989999999999782e+00 2.365530000000000133e+00 3.255720000000000169e+00 2.633500000000000174e+00 3.319589999999999819e+00 2.321590000000000042e+00 2.787339999999999929e+00 2.611089999999999911e+00
4.313629999999999853e+00 2.422210000000000196e+00 3.391729999999999912e+00 3.098129999999999828e+00 3.531060000000000088e+00 3.370109999999999939e+00 3.105109999999999815e+00 3.673740000000000006e+00 2.097189999999999888e+00 3.086860000000000159e+00 2.846969999999999779e+00
1.619830000000000103e+00 1.274869999999999948e+00 1.526750000000000052e+00 1.513279999999999959e+00 1.547549999999999981e+00 1.544180000000000108e+00 1.501900000000000013e+00 1.564429999999999987e+00 1.393699999999999939e+00 1.545560000000000045e+00 1.527509999999999923e+00
2.353899999999999881e+00 1.367599999999999927e+00 1.990499999999999936e+00 2.104429999999999801e+00 2.033529999999999838e+00 2.053069999999999951e+00 1.926150000000000029e+00 2.047950000000000159e+00 1.654120000000000035e+00 1.865119999999999889e+00 1.817979999999999929e+00
2.150479999999999947e+00 1.506180000000000074e+00 1.862130000000000063e+00 1.856389999999999985e+00 1.818899999999999961e+00 1.893340000000000023e+00 1.775649999999999951e+00 1.827099999999999946e+00 1.590729999999999977e+00 1.725479999999999903e+00 1.688029999999999919e+00
3.269179999999999975e+00 1.832920000000000105e+00 2.131110000000000060e+00 2.757880000000000109e+00 2.608270000000000088e+00 2.695149999999999935e+00 2.448999999999999844e+00 2.827350000000000030e+00 2.119229999999999947e+00 2.425139999999999851e+00 2.276419999999999888e+00
2.405229999999999979e+00 1.523619999999999974e+00 2.114199999999999857e+00 2.250459999999999905e+00 2.440539999999999932e+00 2.168359999999999843e+00 2.130720000000000169e+00 2.180550000000000210e+00 1.754569999999999963e+00 2.024610000000000021e+00 1.945940000000000003e+00
2.180070000000000174e+00 1.255400000000000071e+00 1.815220000000000056e+00 1.796540000000000026e+00 1.857019999999999893e+00 1.815630000000000077e+00 1.848370000000000068e+00 1.942660000000000053e+00 1.602000000000000091e+00 1.800179999999999891e+00 1.734909999999999952e+00
3.847510000000000208e+00 2.255220000000000002e+00 2.759819999999999940e+00 3.199939999999999785e+00 3.161649999999999849e+00 3.079229999999999912e+00 3.143780000000000019e+00 3.531239999999999934e+00 1.939540000000000042e+00 2.959880000000000067e+00 2.717490000000000183e+00
3.927360000000000184e+00 2.167349999999999888e+00 3.076940000000000008e+00 2.143289999999999917e+00 3.281149999999999789e+00 2.170139999999999958e+00 3.015150000000000219e+00 3.396990000000000176e+00 2.424440000000000150e+00 2.867210000000000036e+00 2.675860000000000127e+00
1.818540000000000045e+00 1.352459999999999996e+00 1.619269999999999987e+00 1.619499999999999940e+00 1.683210000000000095e+00 1.654539999999999900e+00 1.601199999999999957e+00 1.670060000000000100e+00 1.456269999999999953e+00 1.609140000000000015e+00 1.593960000000000043e+00
3.882439999999999891e+00 2.199629999999999974e+00 2.624779999999999891e+00 2.970400000000000151e+00 3.593960000000000043e+00 2.218690000000000051e+00 3.072169999999999845e+00 3.552840000000000220e+00 2.370600000000000041e+00 2.876189999999999802e+00 2.746010000000000062e+00
6.202560000000000073e+00 3.787199999999999900e+00 4.028710000000000235e+00 4.491819999999999702e+00 4.084679999999999644e+00 4.435719999999999885e+00 4.089159999999999684e+00 5.315260000000000318e+00 2.892409999999999926e+00 4.073859999999999815e+00 2.178360000000000074e+00
5.141939999999999955e+00 3.139699999999999935e+00 3.141739999999999977e+00 3.168369999999999909e+00 4.866749999999999687e+00 2.850699999999999790e+00 4.237770000000000259e+00 4.354049999999999976e+00 2.957710000000000061e+00 2.159580000000000055e+00 3.434140000000000192e+00
2.245779999999999887e+00 1.274990000000000068e+00 1.851669999999999927e+00 1.837779999999999969e+00 1.954669999999999908e+00 1.853639999999999954e+00 1.855390000000000095e+00 1.943529999999999980e+00 1.614489999999999981e+00 1.803900000000000059e+00 1.743549999999999933e+00
5.624590000000000423e+00 4.420119999999999827e+00 4.540949999999999598e+00 4.370320000000000427e+00 5.844570000000000043e+00 5.416269999999999918e+00 5.119419999999999860e+00 7.298090000000000188e+00 3.228759999999999852e+00 4.601469999999999949e+00 4.319239999999999746e+00
3.281379999999999963e+00 1.944609999999999950e+00 2.874600000000000044e+00 2.894330000000000069e+00 3.239059999999999828e+00 2.730480000000000018e+00 3.098419999999999952e+00 2.948399999999999910e+00 2.172099999999999920e+00 2.518110000000000070e+00 2.358319999999999972e+00
2.913590000000000124e+00 1.755940000000000056e+00 2.318649999999999878e+00 2.454099999999999948e+00 2.812640000000000029e+00 2.522330000000000183e+00 2.353409999999999780e+00 2.690850000000000186e+00 2.043060000000000098e+00 2.299249999999999794e+00 2.203069999999999862e+00
2.693309999999999871e+00 1.761540000000000106e+00 2.241140000000000132e+00 2.180369999999999919e+00 2.189529999999999976e+00 2.196359999999999868e+00 2.145970000000000155e+00 2.311059999999999892e+00 1.772100000000000009e+00 2.017889999999999961e+00 1.971659999999999968e+00
4.438939999999999664e+00 3.500550000000000050e+00 3.569609999999999950e+00 3.534510000000000041e+00 5.174310000000000187e+00 3.244050000000000100e+00 4.337640000000000384e+00 2.663019999999999943e+00 2.738859999999999850e+00 3.898569999999999869e+00 3.751570000000000071e+00
1.691340000000000066e+00 1.296459999999999946e+00 1.528599999999999959e+00 1.536240000000000050e+00 1.604989999999999917e+00 1.576799999999999979e+00 1.540370000000000017e+00 1.595350000000000046e+00 1.412500000000000089e+00 1.556869999999999976e+00 1.548789999999999889e+00
3.375980000000000203e+00 1.976299999999999946e+00 2.754379999999999828e+00 2.592690000000000161e+00 2.910849999999999937e+00 2.753979999999999873e+00 2.738550000000000040e+00 3.026219999999999910e+00 2.172940000000000094e+00 2.577589999999999826e+00 2.392339999999999911e+00
2.290270000000000028e+00 2.158970000000000056e+00 2.736610000000000209e+00 1.912700000000000067e+00 2.760580000000000034e+00 2.667660000000000142e+00 2.545529999999999848e+00 2.894330000000000069e+00 2.034030000000000005e+00 2.390870000000000051e+00 2.264009999999999856e+00
3.443690000000000140e+00 1.903690000000000104e+00 2.684779999999999944e+00 2.672829999999999817e+00 2.857499999999999929e+00 2.718649999999999789e+00 2.569630000000000081e+00 2.865880000000000205e+00 2.108290000000000219e+00 2.455080000000000151e+00 2.337969999999999882e+00
3.886239999999999917e+00 2.143229999999999968e+00 2.952350000000000030e+00 2.900609999999999911e+00 2.965860000000000163e+00 2.800600000000000200e+00 2.874150000000000205e+00 3.312580000000000080e+00 1.860300000000000065e+00 2.788920000000000066e+00 2.616929999999999978e+00
3.629189999999999916e+00 2.513900000000000023e+00 2.987270000000000092e+00 2.568789999999999907e+00 3.085859999999999825e+00 2.969019999999999992e+00 2.844359999999999999e+00 3.146510000000000140e+00 2.303549999999999986e+00 2.702010000000000023e+00 2.507639999999999869e+00
2.737049999999999983e+00 2.258309999999999818e+00 3.075400000000000134e+00 3.222010000000000041e+00 3.264120000000000132e+00 2.341000000000000192e+00 3.063649999999999984e+00 3.476659999999999862e+00 1.894150000000000000e+00 2.927890000000000104e+00 2.668219999999999814e+00
2.287319999999999798e+00 1.310429999999999984e+00 1.864849999999999897e+00 1.906800000000000050e+00 1.980679999999999996e+00 1.894370000000000109e+00 1.906600000000000072e+00 1.988850000000000007e+00 1.619569999999999954e+00 1.828179999999999916e+00 1.772820000000000062e+00
4.478559999999999874e+00 3.531769999999999854e+00 3.776380000000000070e+00 3.517619999999999969e+00 4.754410000000000025e+00 4.537449999999999761e+00 4.325759999999999827e+00 5.096379999999999910e+00 2.616470000000000073e+00 4.007329999999999615e+00 2.100750000000000117e+00
3.818630000000000191e+00 2.092080000000000162e+00 2.859090000000000131e+00 2.896119999999999806e+00 3.121789999999999843e+00 2.054860000000000131e+00 2.728569999999999940e+00 3.303710000000000147e+00 1.832759999999999945e+00 2.796250000000000124e+00 2.612080000000000179e+00
2.388090000000000046e+00 1.357420000000000071e+00 1.962059999999999915e+00 1.936059999999999892e+00 2.001489999999999991e+00 1.969270000000000076e+00 1.904360000000000053e+00 2.088200000000000056e+00 1.685060000000000002e+00 1.891150000000000109e+00 1.832480000000000109e+00
4.641219999999999679e+00 3.522920000000000051e+00 3.950390000000000068e+00 3.753280000000000172e+00 4.116909999999999847e+00 3.414629999999999832e+00 3.893419999999999881e+00 5.189239999999999853e+00 3.276559999999999917e+00 4.021560000000000024e+00 3.846389999999999976e+00
5.645080000000000098e+00 3.744470000000000187e+00 4.008339999999999570e+00 3.680470000000000130e+00 3.817390000000000061e+00 3.446460000000000079e+00 4.328140000000000320e+00 5.186510000000000176e+00 2.761039999999999939e+00 2.454190000000000094e+00 3.940380000000000216e+00
6.160840000000000316e+00 3.974509999999999987e+00 4.781559999999999810e+00 4.002580000000000027e+00 3.023690000000000211e+00 3.668369999999999909e+00 4.721350000000000158e+00 5.320039999999999658e+00 3.379119999999999902e+00 4.320509999999999629e+00 4.024429999999999730e+00
3.141230000000000189e+00 2.464210000000000012e+00 3.336050000000000182e+00 3.274799999999999933e+00 3.659829999999999917e+00 3.347170000000000201e+00 3.079720000000000013e+00 3.768029999999999990e+00 2.089139999999999997e+00 3.189179999999999904e+00 2.973149999999999959e+00
4.687179999999999680e+00 2.701979999999999826e+00 2.978419999999999845e+00 3.180660000000000043e+00 3.845320000000000071e+00 3.883859999999999868e+00 3.673770000000000202e+00 4.104610000000000092e+00 2.678420000000000023e+00 3.454790000000000028e+00 3.108579999999999899e+00
1.976359999999999895e+00 1.430500000000000105e+00 1.739600000000000035e+00 1.721580000000000110e+00 1.756820000000000048e+00 1.724730000000000096e+00 1.698720000000000008e+00 1.763549999999999951e+00 1.525090000000000057e+00 1.684409999999999963e+00 1.645270000000000010e+00
1.894879999999999898e+00 1.398090000000000055e+00 1.705729999999999968e+00 1.694469999999999921e+00 1.742690000000000072e+00 1.733309999999999906e+00 1.645590000000000108e+00 1.709629999999999983e+00 1.493559999999999999e+00 1.644439999999999902e+00 1.617310000000000025e+00
1.847420000000000062e+00 1.454469999999999930e+00 1.781300000000000106e+00 1.813709999999999933e+00 1.859120000000000106e+00 1.827320000000000055e+00 1.658190000000000053e+00 1.778380000000000072e+00 1.511449999999999960e+00 1.695799999999999974e+00 1.649950000000000028e+00
3.650049999999999795e+00 2.129340000000000011e+00 2.995950000000000113e+00 2.945170000000000066e+00 3.198280000000000012e+00 3.101750000000000007e+00 2.886319999999999997e+00 3.289340000000000153e+00 2.183959999999999901e+00 2.765579999999999927e+00 2.585510000000000197e+00
