1.006820000000000048e+00 1.031840000000000090e+00 1.063260000000000094e+00 1.097900000000000098e+00 1.133450000000000069e+00 1.166299999999999892e+00 1.196199999999999930e+00 1.227540000000000076e+00 1.263779999999999903e+00 1.305220000000000047e+00 1.351250000000000062e+00
1.006280000000000063e+00 1.012899999999999912e+00 1.020629999999999926e+00 1.028419999999999890e+00 1.035970000000000057e+00 1.042569999999999997e+00 1.047649999999999970e+00 1.051790000000000003e+00 1.055989999999999984e+00 1.061010000000000009e+00 1.066750000000000087e+00
1.007409999999999917e+00 1.054980000000000029e+00 1.119459999999999900e+00 1.191529999999999978e+00 1.263099999999999890e+00 1.329509999999999970e+00 1.393270000000000008e+00 1.463430000000000009e+00 1.545279999999999987e+00 1.637170000000000014e+00 1.734410000000000007e+00
1.008699999999999930e+00 1.113229999999999942e+00 1.256399999999999961e+00 1.400279999999999969e+00 1.537420000000000009e+00 1.678730000000000055e+00 1.844449999999999923e+00 2.033689999999999998e+00 2.232340000000000213e+00 2.438629999999999853e+00 2.644919999999999938e+00
1.006299999999999972e+00 1.013339999999999907e+00 1.021130000000000093e+00 1.028850000000000042e+00 1.036049999999999915e+00 1.041940000000000088e+00 1.046880000000000033e+00 1.051870000000000083e+00 1.057279999999999998e+00 1.063320000000000043e+00 1.069979999999999931e+00
1.008520000000000083e+00 1.104349999999999943e+00 1.234590000000000076e+00 1.367129999999999956e+00 1.492269999999999985e+00 1.617280000000000051e+00 1.762080000000000091e+00 1.928360000000000074e+00 2.108229999999999826e+00 2.293829999999999814e+00 2.483229999999999826e+00
1.008899999999999908e+00 1.117809999999999970e+00 1.267439999999999900e+00 1.422239999999999949e+00 1.569709999999999939e+00 1.716630000000000100e+00 1.881320000000000103e+00 2.069220000000000059e+00 2.274039999999999839e+00 2.486139999999999795e+00 2.703269999999999840e+00
1.008229999999999960e+00 1.085620000000000029e+00 1.189179999999999904e+00 1.301090000000000080e+00 1.408800000000000052e+00 1.511579999999999924e+00 1.621189999999999909e+00 1.748660000000000103e+00 1.889769999999999950e+00 2.042149999999999910e+00 2.199320000000000164e+00
1.006389999999999896e+00 1.017039999999999944e+00 1.029139999999999944e+00 1.040869999999999962e+00 1.051399999999999890e+00 1.059330000000000105e+00 1.066140000000000088e+00 1.074249999999999927e+00 1.084400000000000031e+00 1.096619999999999928e+00 1.110549999999999926e+00
1.011679999999999913e+00 1.242340000000000000e+00 1.545220000000000038e+00 1.843339999999999979e+00 2.139419999999999877e+00 2.460669999999999913e+00 2.827259999999999884e+00 3.228509999999999991e+00 3.644410000000000149e+00 4.067890000000000228e+00 4.493879999999999875e+00
1.007379999999999942e+00 1.050240000000000062e+00 1.104379999999999917e+00 1.166390000000000038e+00 1.231840000000000046e+00 1.295109999999999983e+00 1.354200000000000070e+00 1.412740000000000107e+00 1.476290000000000102e+00 1.547320000000000029e+00 1.624940000000000051e+00
1.007020000000000026e+00 1.040659999999999918e+00 1.082419999999999938e+00 1.126319999999999988e+00 1.167920000000000069e+00 1.203899999999999970e+00 1.244350000000000067e+00 1.295730000000000048e+00 1.355949999999999989e+00 1.421750000000000069e+00 1.491230000000000055e+00
1.007260000000000044e+00 1.045299999999999896e+00 1.092079999999999940e+00 1.144260000000000055e+00 1.199179999999999913e+00 1.252320000000000100e+00 1.301420000000000021e+00 1.349329999999999918e+00 1.400349999999999984e+00 1.456930000000000058e+00 1.519179999999999975e+00
1.007970000000000033e+00 1.075339999999999963e+00 1.165540000000000020e+00 1.265039999999999942e+00 1.362290000000000001e+00 1.453459999999999974e+00 1.548149999999999915e+00 1.655759999999999899e+00 1.777120000000000033e+00 1.909180000000000099e+00 2.048560000000000159e+00
1.006229999999999958e+00 1.011339999999999906e+00 1.016869999999999941e+00 1.022350000000000092e+00 1.027600000000000069e+00 1.032119999999999926e+00 1.036030000000000006e+00 1.039830000000000032e+00 1.043800000000000061e+00 1.047930000000000028e+00 1.052419999999999911e+00
1.007640000000000091e+00 1.063770000000000104e+00 1.140030000000000099e+00 1.223740000000000050e+00 1.305630000000000068e+00 1.381610000000000005e+00 1.456539999999999946e+00 1.541130000000000111e+00 1.640050000000000008e+00 1.748750000000000027e+00 1.864589999999999970e+00
1.007489999999999997e+00 1.056499999999999995e+00 1.121340000000000003e+00 1.194220000000000059e+00 1.268019999999999925e+00 1.337020000000000097e+00 1.402519999999999989e+00 1.472409999999999997e+00 1.553409999999999958e+00 1.643690000000000095e+00 1.741889999999999938e+00
1.006990000000000052e+00 1.036699999999999955e+00 1.073860000000000037e+00 1.116020000000000012e+00 1.160949999999999926e+00 1.204739999999999922e+00 1.244729999999999892e+00 1.283420000000000005e+00 1.325120000000000076e+00 1.372100000000000097e+00 1.424590000000000023e+00
1.007160000000000055e+00 1.042610000000000037e+00 1.087660000000000071e+00 1.138849999999999918e+00 1.192520000000000024e+00 1.243880000000000097e+00 1.290960000000000107e+00 1.338219999999999965e+00 1.390759999999999996e+00 1.450879999999999947e+00 1.516969999999999930e+00
1.008340000000000014e+00 1.097739999999999938e+00 1.219489999999999963e+00 1.343110000000000026e+00 1.460010000000000030e+00 1.579690000000000039e+00 1.721070000000000100e+00 1.882470000000000088e+00 2.056029999999999802e+00 2.233260000000000023e+00 2.412990000000000190e+00
1.008150000000000102e+00 1.084140000000000104e+00 1.188409999999999966e+00 1.301870000000000083e+00 1.411759999999999904e+00 1.516359999999999930e+00 1.623930000000000096e+00 1.747290000000000010e+00 1.886570000000000080e+00 2.037490000000000023e+00 2.192260000000000097e+00
1.006469999999999976e+00 1.019530000000000047e+00 1.034880000000000022e+00 1.050610000000000044e+00 1.066100000000000048e+00 1.079809999999999937e+00 1.091390000000000082e+00 1.102870000000000017e+00 1.116030000000000078e+00 1.131520000000000081e+00 1.149299999999999988e+00
1.009910000000000085e+00 1.154390000000000027e+00 1.352049999999999974e+00 1.557620000000000005e+00 1.757230000000000070e+00 1.954649999999999999e+00 2.165420000000000122e+00 2.401209999999999845e+00 2.660919999999999952e+00 2.935439999999999827e+00 3.217820000000000125e+00
1.007400000000000073e+00 1.054680000000000062e+00 1.115169999999999995e+00 1.179759999999999920e+00 1.241440000000000099e+00 1.297320000000000029e+00 1.356079999999999952e+00 1.426800000000000068e+00 1.508520000000000083e+00 1.597790000000000044e+00 1.691049999999999942e+00
1.006559999999999899e+00 1.022010000000000085e+00 1.040189999999999948e+00 1.060200000000000031e+00 1.081369999999999942e+00 1.102600000000000025e+00 1.122689999999999966e+00 1.141489999999999894e+00 1.160179999999999989e+00 1.179650000000000087e+00 1.200360000000000094e+00
1.008729999999999905e+00 1.105359999999999898e+00 1.237600000000000033e+00 1.381490000000000107e+00 1.522469999999999990e+00 1.656900000000000039e+00 1.791250000000000009e+00 1.938960000000000017e+00 2.104820000000000135e+00 2.284699999999999953e+00 2.475830000000000197e+00
1.009749999999999925e+00 1.148579999999999934e+00 1.339129999999999932e+00 1.537330000000000085e+00 1.729020000000000001e+00 1.914760000000000018e+00 2.106599999999999806e+00 2.321359999999999868e+00 2.560960000000000125e+00 2.815370000000000150e+00 3.080630000000000202e+00
1.010850000000000026e+00 1.207549999999999901e+00 1.470199999999999951e+00 1.728960000000000052e+00 1.981270000000000087e+00 2.249670000000000059e+00 2.556750000000000078e+00 2.895140000000000047e+00 3.247529999999999806e+00 3.608880000000000088e+00 3.974419999999999842e+00
1.008000000000000007e+00 1.074610000000000065e+00 1.161329999999999973e+00 1.257209999999999939e+00 1.351369999999999960e+00 1.439580000000000082e+00 1.527679999999999927e+00 1.626069999999999904e+00 1.737759999999999971e+00 1.860190000000000010e+00 1.990080000000000071e+00
1.007970000000000033e+00 1.075990000000000002e+00 1.167640000000000011e+00 1.267949999999999910e+00 1.365070000000000006e+00 1.456919999999999993e+00 1.552629999999999955e+00 1.662420000000000009e+00 1.787139999999999951e+00 1.920080000000000009e+00 2.061850000000000183e+00
1.006250000000000089e+00 1.011879999999999891e+00 1.018489999999999895e+00 1.025279999999999969e+00 1.031970000000000054e+00 1.037959999999999994e+00 1.042720000000000091e+00 1.046450000000000102e+00 1.049930000000000030e+00 1.053649999999999975e+00 1.057940000000000103e+00
1.006750000000000034e+00 1.028799999999999937e+00 1.055469999999999908e+00 1.084119999999999973e+00 1.113310000000000022e+00 1.140079999999999982e+00 1.164870000000000072e+00 1.190649999999999986e+00 1.219980000000000064e+00 1.252999999999999892e+00 1.289779999999999927e+00
1.006269999999999998e+00 1.012960000000000083e+00 1.020829999999999904e+00 1.028680000000000039e+00 1.035849999999999937e+00 1.041379999999999972e+00 1.045400000000000107e+00 1.049199999999999910e+00 1.053239999999999954e+00 1.058289999999999953e+00 1.064279999999999893e+00
1.007069999999999910e+00 1.040300000000000002e+00 1.081860000000000044e+00 1.127960000000000074e+00 1.175850000000000062e+00 1.220879999999999965e+00 1.262569999999999970e+00 1.305239999999999956e+00 1.353769999999999918e+00 1.408470000000000111e+00 1.468820000000000014e+00
1.007090000000000041e+00 1.043069999999999942e+00 1.089469999999999938e+00 1.139639999999999986e+00 1.188469999999999915e+00 1.231719999999999926e+00 1.276499999999999968e+00 1.330710000000000059e+00 1.394449999999999967e+00 1.464620000000000033e+00 1.540149999999999908e+00
1.006289999999999907e+00 1.013959999999999972e+00 1.022950000000000026e+00 1.032019999999999937e+00 1.040739999999999998e+00 1.048359999999999959e+00 1.054089999999999971e+00 1.058689999999999909e+00 1.063420000000000032e+00 1.069169999999999954e+00 1.076130000000000031e+00
1.007800000000000029e+00 1.070889999999999898e+00 1.158230000000000093e+00 1.254639999999999977e+00 1.348710000000000075e+00 1.436989999999999990e+00 1.525859999999999994e+00 1.625830000000000108e+00 1.739160000000000039e+00 1.863590000000000080e+00 1.993360000000000021e+00
1.007400000000000073e+00 1.057290000000000063e+00 1.121580000000000021e+00 1.188719999999999999e+00 1.250539999999999985e+00 1.307970000000000077e+00 1.376900000000000013e+00 1.461929999999999952e+00 1.556149999999999922e+00 1.656649999999999956e+00 1.759169999999999900e+00
1.006189999999999918e+00 1.010289999999999910e+00 1.014829999999999899e+00 1.019239999999999924e+00 1.022999999999999909e+00 1.025649999999999951e+00 1.027339999999999920e+00 1.029009999999999980e+00 1.030699999999999950e+00 1.032920000000000060e+00 1.035420000000000007e+00
1.007900000000000018e+00 1.078789999999999916e+00 1.173669999999999991e+00 1.270529999999999937e+00 1.360670000000000046e+00 1.448539999999999939e+00 1.553609999999999935e+00 1.677910000000000013e+00 1.813150000000000039e+00 1.952760000000000051e+00 2.095769999999999911e+00
1.010240000000000027e+00 1.181769999999999987e+00 1.416209999999999969e+00 1.647939999999999960e+00 1.872409999999999908e+00 2.111180000000000057e+00 2.384360000000000035e+00 2.687190000000000190e+00 3.002800000000000136e+00 3.322890000000000121e+00 3.645649999999999835e+00
1.008569999999999967e+00 1.104700000000000015e+00 1.236730000000000107e+00 1.372239999999999904e+00 1.501270000000000104e+00 1.630609999999999893e+00 1.780259999999999954e+00 1.952660000000000062e+00 2.136719999999999953e+00 2.327570000000000139e+00 2.522670000000000190e+00
1.006259999999999932e+00 1.012680000000000025e+00 1.019930000000000003e+00 1.026710000000000012e+00 1.032450000000000090e+00 1.036070000000000046e+00 1.038480000000000070e+00 1.041530000000000067e+00 1.045409999999999950e+00 1.050380000000000091e+00 1.056300000000000017e+00
1.012310000000000043e+00 1.268140000000000045e+00 1.597080000000000055e+00 1.921059999999999990e+00 2.246220000000000105e+00 2.604849999999999888e+00 3.014949999999999797e+00 3.459839999999999804e+00 3.919280000000000097e+00 4.383180000000000298e+00 4.855410000000000004e+00
1.007460000000000022e+00 1.053160000000000096e+00 1.111420000000000075e+00 1.178099999999999925e+00 1.247400000000000064e+00 1.313339999999999952e+00 1.375920000000000032e+00 1.439799999999999969e+00 1.510820000000000052e+00 1.589820000000000011e+00 1.676430000000000087e+00
1.007209999999999939e+00 1.048839999999999995e+00 1.101620000000000044e+00 1.157040000000000068e+00 1.208210000000000006e+00 1.254510000000000014e+00 1.309660000000000046e+00 1.379499999999999948e+00 1.457850000000000090e+00 1.542569999999999997e+00 1.630139999999999922e+00
1.007179999999999964e+00 1.043220000000000036e+00 1.088580000000000103e+00 1.139189999999999925e+00 1.191920000000000091e+00 1.241849999999999898e+00 1.287300000000000111e+00 1.332529999999999992e+00 1.382379999999999942e+00 1.439149999999999929e+00 1.501980000000000093e+00
1.009409999999999918e+00 1.137480000000000047e+00 1.312119999999999953e+00 1.490059999999999940e+00 1.660949999999999926e+00 1.834750000000000103e+00 2.032540000000000013e+00 2.258210000000000051e+00 2.498270000000000213e+00 2.746239999999999792e+00 3.000789999999999846e+00
1.006099999999999994e+00 1.007190000000000030e+00 1.008340000000000014e+00 1.009430000000000049e+00 1.010399999999999965e+00 1.011100000000000110e+00 1.011579999999999924e+00 1.011959999999999971e+00 1.012350000000000083e+00 1.012750000000000039e+00 1.013190000000000035e+00
1.006799999999999917e+00 1.031630000000000047e+00 1.062799999999999967e+00 1.096019999999999994e+00 1.129459999999999908e+00 1.159370000000000012e+00 1.186169999999999947e+00 1.215179999999999927e+00 1.249980000000000091e+00 1.290799999999999947e+00 1.336649999999999894e+00
1.007460000000000022e+00 1.055889999999999995e+00 1.120600000000000041e+00 1.193189999999999973e+00 1.265640000000000098e+00 1.332999999999999963e+00 1.398309999999999942e+00 1.469919999999999893e+00 1.552710000000000035e+00 1.645350000000000090e+00 1.744140000000000024e+00
1.007230000000000070e+00 1.045009999999999994e+00 1.093299999999999939e+00 1.148719999999999963e+00 1.206779999999999964e+00 1.262140000000000040e+00 1.313399999999999901e+00 1.365490000000000093e+00 1.422800000000000065e+00 1.487849999999999895e+00 1.559620000000000006e+00
1.007460000000000022e+00 1.054070000000000062e+00 1.114980000000000082e+00 1.184549999999999992e+00 1.255479999999999929e+00 1.322200000000000042e+00 1.385429999999999939e+00 1.452329999999999899e+00 1.528080000000000105e+00 1.613539999999999974e+00 1.705819999999999892e+00
1.008890000000000065e+00 1.126710000000000100e+00 1.287590000000000012e+00 1.445119999999999960e+00 1.594910000000000050e+00 1.753770000000000051e+00 1.942290000000000072e+00 2.152270000000000127e+00 2.371809999999999974e+00 2.594009999999999927e+00 2.819300000000000139e+00
1.007759999999999989e+00 1.067879999999999940e+00 1.149319999999999897e+00 1.238520000000000065e+00 1.325120000000000076e+00 1.406099999999999905e+00 1.488879999999999981e+00 1.584489999999999954e+00 1.694059999999999899e+00 1.812270000000000048e+00 1.937310000000000088e+00
1.006229999999999958e+00 1.011640000000000095e+00 1.017779999999999907e+00 1.023849999999999927e+00 1.029539999999999900e+00 1.034180000000000099e+00 1.037560000000000038e+00 1.040310000000000068e+00 1.043160000000000087e+00 1.046680000000000055e+00 1.050629999999999953e+00
1.009309999999999929e+00 1.129930000000000101e+00 1.294640000000000013e+00 1.467349999999999932e+00 1.634209999999999940e+00 1.798720000000000097e+00 1.974879999999999969e+00 2.175460000000000171e+00 2.395809999999999995e+00 2.628620000000000179e+00 2.868520000000000181e+00
1.007309999999999928e+00 1.050140000000000073e+00 1.104810000000000070e+00 1.164039999999999964e+00 1.221829999999999972e+00 1.273719999999999963e+00 1.326249999999999929e+00 1.387539999999999996e+00 1.458660000000000068e+00 1.537479999999999958e+00 1.622190000000000021e+00
1.006429999999999936e+00 1.018100000000000005e+00 1.031889999999999974e+00 1.046229999999999993e+00 1.060559999999999947e+00 1.073779999999999957e+00 1.084829999999999961e+00 1.094570000000000043e+00 1.105129999999999946e+00 1.117099999999999982e+00 1.131029999999999980e+00
1.008639999999999981e+00 1.101569999999999938e+00 1.229219999999999979e+00 1.367920000000000025e+00 1.503300000000000081e+00 1.632830000000000004e+00 1.763390000000000013e+00 1.907929999999999904e+00 2.069409999999999972e+00 2.246140000000000025e+00 2.430680000000000174e+00
1.009840000000000071e+00 1.149589999999999890e+00 1.338090000000000002e+00 1.534999999999999920e+00 1.725179999999999936e+00 1.908779999999999921e+00 2.098450000000000149e+00 2.308759999999999923e+00 2.544540000000000024e+00 2.798939999999999984e+00 3.061360000000000081e+00
1.009970000000000034e+00 1.165739999999999998e+00 1.376670000000000060e+00 1.586410000000000098e+00 1.788620000000000099e+00 1.998469999999999969e+00 2.240979999999999972e+00 2.510330000000000172e+00 2.796749999999999847e+00 3.090030000000000054e+00 3.383910000000000196e+00
1.008720000000000061e+00 1.105920000000000014e+00 1.236159999999999926e+00 1.372649999999999926e+00 1.502499999999999947e+00 1.627709999999999990e+00 1.765500000000000069e+00 1.924989999999999979e+00 2.101399999999999935e+00 2.288089999999999957e+00 2.479870000000000019e+00
1.008199999999999985e+00 1.086400000000000032e+00 1.192690000000000028e+00 1.306429999999999980e+00 1.415610000000000035e+00 1.520289999999999919e+00 1.635369999999999990e+00 1.768699999999999939e+00 1.916740000000000110e+00 2.073160000000000114e+00 2.234960000000000058e+00
1.006599999999999939e+00 1.023689999999999989e+00 1.044519999999999893e+00 1.066910000000000025e+00 1.089939999999999909e+00 1.111900000000000110e+00 1.131110000000000060e+00 1.149100000000000010e+00 1.168549999999999978e+00 1.190790000000000015e+00 1.216089999999999893e+00
1.006559999999999899e+00 1.022899999999999920e+00 1.042480000000000073e+00 1.062810000000000032e+00 1.082680000000000087e+00 1.099949999999999983e+00 1.115669999999999940e+00 1.132789999999999964e+00 1.152949999999999919e+00 1.176180000000000003e+00 1.202210000000000001e+00
1.006280000000000063e+00 1.013300000000000090e+00 1.021679999999999922e+00 1.029749999999999943e+00 1.036969999999999947e+00 1.042049999999999921e+00 1.045330000000000092e+00 1.048640000000000017e+00 1.052869999999999973e+00 1.058359999999999967e+00 1.065160000000000107e+00
1.007530000000000037e+00 1.056480000000000086e+00 1.119420000000000082e+00 1.189859999999999918e+00 1.260669999999999957e+00 1.326480000000000103e+00 1.390479999999999938e+00 1.461000000000000076e+00 1.540450000000000097e+00 1.628940000000000055e+00 1.725090000000000012e+00
