3.043480000000000185e+00 2.866169999999999884e+00 2.532360000000000166e+00 2.651240000000000041e+00 2.802690000000000126e+00 2.251710000000000100e+00 2.446039999999999992e+00 2.347100000000000186e+00 2.271850000000000147e+00 2.207079999999999931e+00 2.061819999999999986e+00
2.496509999999999785e+00 2.338439999999999852e+00 2.233509999999999884e+00 2.192149999999999821e+00 2.443410000000000082e+00 2.110889999999999933e+00 2.092830000000000190e+00 2.110300000000000065e+00 2.035070000000000157e+00 1.971510000000000096e+00 1.872759999999999980e+00
3.129290000000000127e+00 3.385149999999999881e+00 3.407039999999999846e+00 3.102250000000000174e+00 3.710980000000000167e+00 2.912290000000000045e+00 2.844399999999999817e+00 3.046959999999999891e+00 2.818599999999999994e+00 2.683499999999999996e+00 2.487480000000000135e+00
3.918429999999999858e+00 3.145869999999999944e+00 3.142300000000000093e+00 3.601319999999999855e+00 4.063880000000000159e+00 3.068389999999999951e+00 2.373790000000000067e+00 3.104569999999999830e+00 1.843660000000000077e+00 2.857829999999999870e+00 2.634659999999999780e+00
1.810449999999999893e+00 1.774520000000000097e+00 1.686190000000000078e+00 1.721360000000000001e+00 1.794070000000000054e+00 1.678539999999999921e+00 1.670719999999999983e+00 1.701559999999999961e+00 1.642749999999999932e+00 1.641280000000000072e+00 1.601229999999999931e+00
4.285249999999999559e+00 2.309169999999999945e+00 3.734059999999999935e+00 2.590349999999999930e+00 4.370440000000000325e+00 3.266840000000000188e+00 3.446730000000000071e+00 3.566370000000000040e+00 1.945359999999999978e+00 3.125210000000000043e+00 2.829079999999999817e+00
5.820850000000000080e+00 3.912380000000000191e+00 4.780540000000000234e+00 3.979699999999999793e+00 6.071649999999999991e+00 3.205729999999999968e+00 4.393379999999999619e+00 4.396530000000000271e+00 2.462779999999999969e+00 4.227280000000000371e+00 3.736920000000000019e+00
3.304429999999999978e+00 3.485279999999999934e+00 3.835859999999999825e+00 3.367919999999999803e+00 4.762730000000000352e+00 3.267360000000000042e+00 3.530539999999999790e+00 3.762410000000000032e+00 3.551919999999999966e+00 3.409569999999999990e+00 3.057059999999999889e+00
1.988799999999999901e+00 1.886039999999999939e+00 1.838799999999999990e+00 1.894079999999999986e+00 1.900039999999999951e+00 1.745109999999999939e+00 1.759749999999999925e+00 1.765759999999999996e+00 1.691140000000000088e+00 1.690739999999999910e+00 1.650290000000000035e+00
5.143049999999999677e+00 3.919319999999999915e+00 4.602129999999999832e+00 5.391009999999999636e+00 6.687540000000000262e+00 3.441800000000000193e+00 4.555380000000000429e+00 4.723950000000000315e+00 4.558650000000000091e+00 4.394190000000000040e+00 3.971960000000000157e+00
3.147740000000000204e+00 3.058440000000000047e+00 2.759320000000000217e+00 2.883739999999999970e+00 1.862740000000000062e+00 2.722960000000000047e+00 2.626959999999999962e+00 2.684200000000000141e+00 2.540659999999999918e+00 2.394190000000000040e+00 2.264330000000000176e+00
3.068319999999999936e+00 2.677859999999999907e+00 2.587369999999999948e+00 2.625199999999999978e+00 3.015719999999999956e+00 2.464719999999999800e+00 2.537009999999999987e+00 2.529739999999999878e+00 2.376920000000000144e+00 2.329750000000000210e+00 2.176079999999999792e+00
2.908999999999999808e+00 2.724060000000000148e+00 2.505949999999999900e+00 2.520070000000000032e+00 2.885099999999999998e+00 2.451480000000000103e+00 2.348149999999999959e+00 2.455400000000000027e+00 2.341629999999999878e+00 2.244289999999999896e+00 2.101710000000000189e+00
4.931169999999999831e+00 4.079749999999999766e+00 3.230379999999999807e+00 3.378890000000000171e+00 2.749629999999999797e+00 2.441629999999999967e+00 3.594590000000000174e+00 3.566980000000000040e+00 3.513119999999999798e+00 3.290579999999999838e+00 2.946610000000000174e+00
1.878349999999999964e+00 1.771549999999999958e+00 1.744809999999999972e+00 1.751810000000000089e+00 1.850880000000000081e+00 1.719559999999999977e+00 1.719980000000000064e+00 1.739479999999999915e+00 1.659080000000000110e+00 1.667920000000000069e+00 1.623140000000000027e+00
2.563800000000000079e+00 2.595600000000000129e+00 2.326900000000000190e+00 2.458650000000000002e+00 2.590430000000000010e+00 2.242719999999999825e+00 2.219650000000000123e+00 2.135120000000000129e+00 2.074510000000000076e+00 2.032500000000000195e+00 1.920050000000000034e+00
4.227549999999999919e+00 2.968039999999999790e+00 3.217480000000000118e+00 3.250579999999999803e+00 3.843820000000000014e+00 3.051890000000000214e+00 2.796199999999999797e+00 3.022320000000000118e+00 2.922010000000000218e+00 2.727440000000000087e+00 2.541059999999999874e+00
3.068950000000000067e+00 2.787809999999999899e+00 2.740709999999999980e+00 2.735090000000000021e+00 2.902730000000000032e+00 2.548589999999999911e+00 2.450029999999999930e+00 2.496249999999999858e+00 2.374239999999999906e+00 2.277810000000000112e+00 2.146959999999999980e+00
3.871820000000000039e+00 2.981020000000000003e+00 3.156320000000000014e+00 2.913339999999999819e+00 4.984490000000000087e+00 2.734570000000000167e+00 2.596680000000000099e+00 2.660200000000000120e+00 2.522780000000000022e+00 2.405710000000000015e+00 2.248979999999999979e+00
2.668520000000000003e+00 2.348939999999999806e+00 2.376040000000000152e+00 2.505119999999999791e+00 2.590450000000000141e+00 2.221340000000000092e+00 2.139940000000000175e+00 2.258739999999999970e+00 2.070019999999999971e+00 2.064820000000000100e+00 1.946900000000000075e+00
3.183840000000000003e+00 3.114689999999999959e+00 2.701789999999999914e+00 2.977879999999999860e+00 3.247370000000000090e+00 2.644169999999999909e+00 2.677029999999999799e+00 2.540140000000000065e+00 2.492859999999999854e+00 2.416170000000000151e+00 2.243209999999999926e+00
2.667250000000000121e+00 2.488389999999999880e+00 2.408189999999999831e+00 2.453920000000000101e+00 2.620569999999999844e+00 2.196979999999999933e+00 2.191829999999999945e+00 2.196050000000000058e+00 2.096499999999999808e+00 2.064670000000000005e+00 1.938220000000000054e+00
3.451589999999999936e+00 4.291310000000000180e+00 4.519960000000000200e+00 4.512290000000000134e+00 5.085169999999999746e+00 4.080490000000000173e+00 3.601510000000000211e+00 3.753880000000000106e+00 3.973190000000000222e+00 3.584039999999999893e+00 3.274459999999999926e+00
3.103320000000000078e+00 3.876669999999999838e+00 3.478120000000000100e+00 3.908069999999999933e+00 4.098110000000000142e+00 2.198269999999999946e+00 3.094629999999999992e+00 3.060459999999999958e+00 3.075140000000000207e+00 2.871960000000000068e+00 2.662710000000000132e+00
2.434480000000000199e+00 2.295580000000000176e+00 2.128239999999999910e+00 2.212330000000000130e+00 2.411449999999999871e+00 2.096490000000000187e+00 2.049720000000000208e+00 2.119909999999999961e+00 2.011480000000000157e+00 1.963219999999999965e+00 1.862630000000000008e+00
3.536059999999999981e+00 3.601529999999999898e+00 4.073999999999999844e+00 3.571019999999999861e+00 5.162659999999999805e+00 3.755259999999999820e+00 3.623419999999999863e+00 3.796910000000000007e+00 3.908959999999999990e+00 3.621589999999999865e+00 3.264790000000000081e+00
4.348379999999999690e+00 3.701940000000000008e+00 5.026250000000000107e+00 3.118799999999999795e+00 5.668700000000000294e+00 3.196489999999999831e+00 3.021640000000000104e+00 4.313780000000000392e+00 4.316779999999999617e+00 4.023299999999999876e+00 3.502419999999999867e+00
4.282199999999999562e+00 5.501070000000000348e+00 4.254439999999999777e+00 5.275619999999999976e+00 6.011409999999999698e+00 4.330989999999999895e+00 4.536889999999999645e+00 2.665989999999999860e+00 4.288590000000000124e+00 4.194119999999999848e+00 3.628709999999999880e+00
4.278929999999999900e+00 3.895630000000000148e+00 3.424090000000000078e+00 3.586920000000000108e+00 2.650589999999999780e+00 2.268590000000000106e+00 3.342350000000000154e+00 2.020319999999999894e+00 3.271959999999999980e+00 3.055689999999999795e+00 2.797309999999999963e+00
3.266849999999999810e+00 3.996070000000000011e+00 3.573139999999999983e+00 3.703260000000000218e+00 4.057769999999999655e+00 3.081280000000000019e+00 2.839789999999999814e+00 1.911429999999999962e+00 3.118090000000000028e+00 2.911620000000000097e+00 2.676320000000000032e+00
2.195990000000000109e+00 2.050940000000000207e+00 1.986539999999999973e+00 1.988029999999999964e+00 2.106520000000000170e+00 1.897639999999999993e+00 1.885320000000000107e+00 1.910919999999999952e+00 1.854759999999999964e+00 1.800650000000000084e+00 1.739460000000000006e+00
2.570329999999999782e+00 2.341419999999999835e+00 2.337689999999999824e+00 2.392290000000000028e+00 2.571600000000000108e+00 2.252889999999999837e+00 2.205550000000000122e+00 2.228549999999999809e+00 2.106329999999999814e+00 2.065119999999999845e+00 1.939159999999999995e+00
1.780860000000000110e+00 1.777269999999999905e+00 1.711090000000000000e+00 1.771160000000000068e+00 1.714080000000000048e+00 1.616069999999999895e+00 1.665669999999999984e+00 1.616039999999999921e+00 1.632919999999999927e+00 1.607439999999999980e+00 1.583550000000000013e+00
3.368520000000000181e+00 2.129129999999999967e+00 2.959179999999999922e+00 2.994219999999999882e+00 3.464269999999999960e+00 2.784539999999999793e+00 2.719809999999999839e+00 2.837670000000000137e+00 2.676919999999999966e+00 2.525110000000000188e+00 2.368310000000000137e+00
2.116330000000000044e+00 2.771170000000000133e+00 2.348320000000000185e+00 2.628499999999999837e+00 2.676940000000000097e+00 2.250729999999999897e+00 2.285979999999999901e+00 2.309349999999999792e+00 2.037279999999999980e+00 2.093739999999999934e+00 2.014009999999999856e+00
2.287760000000000016e+00 2.227819999999999911e+00 2.081409999999999982e+00 2.125729999999999897e+00 2.218550000000000022e+00 1.987619999999999942e+00 1.953430000000000000e+00 1.946660000000000057e+00 1.909969999999999946e+00 1.860149999999999970e+00 1.787209999999999965e+00
3.881720000000000059e+00 3.597069999999999990e+00 2.547810000000000130e+00 3.220709999999999962e+00 3.689020000000000188e+00 2.857299999999999951e+00 2.823560000000000070e+00 2.813169999999999948e+00 2.924040000000000195e+00 2.712829999999999853e+00 2.545129999999999892e+00
3.425520000000000120e+00 3.798750000000000071e+00 3.738119999999999887e+00 3.950709999999999944e+00 4.375219999999999665e+00 3.228000000000000203e+00 2.885450000000000070e+00 3.297210000000000196e+00 3.218649999999999789e+00 3.060420000000000140e+00 2.789239999999999942e+00
1.704979999999999940e+00 1.699459999999999971e+00 1.605909999999999949e+00 1.653559999999999919e+00 1.666039999999999965e+00 1.590659999999999963e+00 1.585879999999999956e+00 1.611730000000000107e+00 1.587879999999999958e+00 1.574589999999999934e+00 1.551339999999999941e+00
3.203770000000000007e+00 3.466629999999999878e+00 3.190679999999999961e+00 3.941559999999999953e+00 3.858340000000000103e+00 2.098139999999999894e+00 2.631060000000000176e+00 3.101210000000000022e+00 3.018790000000000084e+00 2.795640000000000125e+00 2.588569999999999816e+00
5.840349999999999930e+00 5.703339999999999854e+00 4.834159999999999791e+00 4.024250000000000327e+00 3.331339999999999968e+00 3.224060000000000148e+00 2.830719999999999903e+00 2.752619999999999845e+00 4.506289999999999907e+00 4.232380000000000031e+00 3.732639999999999958e+00
3.210339999999999971e+00 4.178889999999999993e+00 3.628880000000000106e+00 2.887129999999999974e+00 2.832619999999999916e+00 3.636769999999999836e+00 3.073879999999999946e+00 3.651699999999999946e+00 3.396980000000000111e+00 1.883070000000000022e+00 2.983460000000000001e+00
2.202960000000000029e+00 2.120029999999999859e+00 1.989999999999999991e+00 2.069850000000000190e+00 2.120299999999999851e+00 1.865429999999999922e+00 1.833029999999999937e+00 1.868679999999999897e+00 1.834889999999999910e+00 1.798179999999999890e+00 1.744809999999999972e+00
6.042559999999999931e+00 5.784449999999999648e+00 6.077139999999999986e+00 6.903400000000000425e+00 7.514479999999999826e+00 5.764649999999999608e+00 3.836679999999999868e+00 5.521090000000000053e+00 5.663969999999999949e+00 5.360710000000000086e+00 4.722450000000000259e+00
4.262749999999999595e+00 3.350389999999999979e+00 2.844889999999999919e+00 3.146510000000000140e+00 3.471239999999999881e+00 2.987769999999999815e+00 2.802350000000000119e+00 2.820139999999999869e+00 2.730659999999999865e+00 2.593690000000000051e+00 2.400869999999999838e+00
2.496480000000000032e+00 2.337909999999999933e+00 2.259710000000000107e+00 2.356539999999999857e+00 2.373400000000000176e+00 2.059719999999999995e+00 1.982900000000000107e+00 2.100410000000000110e+00 2.007730000000000015e+00 1.935519999999999907e+00 1.861220000000000097e+00
2.839659999999999851e+00 2.807310000000000194e+00 2.484140000000000015e+00 2.573949999999999960e+00 2.783150000000000013e+00 2.364549999999999930e+00 2.269309999999999938e+00 2.298049999999999926e+00 2.260870000000000157e+00 2.155060000000000198e+00 2.041830000000000034e+00
5.289179999999999993e+00 3.680750000000000188e+00 3.586689999999999934e+00 4.053630000000000067e+00 5.169319999999999915e+00 3.737610000000000099e+00 3.868009999999999948e+00 3.911799999999999944e+00 3.663159999999999972e+00 3.541519999999999779e+00 3.235250000000000181e+00
2.010120000000000129e+00 1.943410000000000082e+00 1.810119999999999951e+00 1.919890000000000096e+00 1.906859999999999999e+00 1.722339999999999982e+00 1.731419999999999959e+00 1.778100000000000014e+00 1.726460000000000106e+00 1.696110000000000007e+00 1.648709999999999898e+00
2.905269999999999797e+00 2.966429999999999900e+00 2.524109999999999854e+00 2.603909999999999947e+00 2.930619999999999781e+00 2.412479999999999958e+00 2.287339999999999929e+00 2.420949999999999935e+00 2.295040000000000191e+00 2.252880000000000216e+00 2.092729999999999979e+00
2.937679999999999847e+00 3.467789999999999928e+00 3.105069999999999997e+00 3.163030000000000008e+00 3.517349999999999977e+00 2.843679999999999986e+00 2.750239999999999796e+00 2.753120000000000012e+00 2.758849999999999802e+00 2.583699999999999886e+00 2.414930000000000021e+00
3.562969999999999970e+00 3.307160000000000100e+00 2.844409999999999883e+00 2.890050000000000008e+00 3.246999999999999886e+00 2.746509999999999785e+00 2.565879999999999939e+00 2.694869999999999877e+00 2.553150000000000031e+00 2.408220000000000027e+00 2.272209999999999841e+00
3.313210000000000210e+00 3.195759999999999934e+00 2.899999999999999911e+00 2.946289999999999853e+00 3.192889999999999784e+00 2.701950000000000074e+00 2.589490000000000069e+00 2.617780000000000218e+00 2.519680000000000142e+00 2.380500000000000060e+00 2.260320000000000107e+00
3.862560000000000215e+00 3.456170000000000186e+00 3.619720000000000049e+00 4.048180000000000334e+00 3.981570000000000054e+00 2.120880000000000098e+00 2.646490000000000009e+00 3.144340000000000135e+00 3.019709999999999894e+00 2.807760000000000034e+00 2.587000000000000188e+00
2.776710000000000012e+00 3.883379999999999832e+00 3.034959999999999880e+00 3.250939999999999941e+00 3.860459999999999781e+00 2.993390000000000217e+00 2.792149999999999910e+00 2.959340000000000082e+00 2.970619999999999816e+00 2.775939999999999852e+00 2.584569999999999812e+00
2.252170000000000005e+00 2.324359999999999982e+00 2.134939999999999838e+00 2.154980000000000118e+00 2.252749999999999808e+00 1.984399999999999942e+00 1.924770000000000092e+00 1.947330000000000005e+00 1.924290000000000056e+00 1.872980000000000089e+00 1.797949999999999937e+00
5.056910000000000238e+00 4.392769999999999619e+00 4.383580000000000254e+00 3.034740000000000215e+00 5.017470000000000319e+00 2.691959999999999908e+00 2.639229999999999965e+00 2.293810000000000127e+00 3.759110000000000174e+00 3.493090000000000028e+00 3.112929999999999975e+00
3.360079999999999956e+00 3.156519999999999992e+00 3.472199999999999953e+00 2.932230000000000114e+00 3.410789999999999988e+00 2.658780000000000143e+00 2.547610000000000152e+00 2.615110000000000046e+00 2.659330000000000194e+00 2.519149999999999778e+00 2.374940000000000051e+00
2.273540000000000116e+00 2.227390000000000203e+00 2.050660000000000149e+00 2.105850000000000222e+00 2.203619999999999912e+00 1.986029999999999962e+00 1.955710000000000059e+00 1.903419999999999890e+00 1.917370000000000019e+00 1.847800000000000109e+00 1.788200000000000012e+00
4.433159999999999989e+00 3.282999999999999918e+00 4.159779999999999589e+00 3.019029999999999880e+00 2.605119999999999880e+00 3.866330000000000044e+00 3.355469999999999953e+00 2.265299999999999869e+00 3.737880000000000091e+00 3.440710000000000157e+00 3.121509999999999785e+00
4.191250000000000142e+00 4.079100000000000392e+00 4.052979999999999805e+00 4.784180000000000099e+00 4.629509999999999792e+00 2.610300000000000065e+00 2.521850000000000147e+00 2.215160000000000018e+00 3.625890000000000057e+00 1.938499999999999890e+00 3.034990000000000077e+00
4.463650000000000340e+00 4.351910000000000167e+00 4.452720000000000233e+00 4.090449999999999697e+00 6.091709999999999958e+00 3.333629999999999871e+00 2.997279999999999944e+00 2.785410000000000164e+00 2.523989999999999956e+00 4.264710000000000001e+00 3.745800000000000018e+00
3.706020000000000092e+00 4.879590000000000316e+00 3.492430000000000145e+00 4.774259999999999948e+00 5.176599999999999646e+00 2.847129999999999939e+00 3.565059999999999896e+00 4.045149999999999579e+00 2.362410000000000121e+00 2.073049999999999837e+00 3.353260000000000129e+00
4.003070000000000128e+00 4.008070000000000022e+00 3.191110000000000113e+00 3.478009999999999824e+00 4.101099999999999746e+00 3.156330000000000080e+00 3.035320000000000018e+00 3.174209999999999976e+00 2.989500000000000046e+00 2.930909999999999904e+00 2.712070000000000203e+00
2.281270000000000131e+00 2.214049999999999851e+00 2.072389999999999954e+00 2.109010000000000051e+00 2.215259999999999785e+00 2.034800000000000164e+00 1.996669999999999945e+00 1.964110000000000023e+00 1.934690000000000021e+00 1.875140000000000029e+00 1.802510000000000057e+00
3.443119999999999958e+00 2.558380000000000098e+00 2.276260000000000172e+00 2.447649999999999881e+00 2.576060000000000016e+00 2.185620000000000118e+00 2.137550000000000061e+00 2.228289999999999882e+00 2.086910000000000043e+00 2.017310000000000159e+00 1.941750000000000087e+00
2.200270000000000170e+00 2.294919999999999849e+00 2.015849999999999920e+00 2.263520000000000199e+00 2.242109999999999825e+00 1.832829999999999959e+00 1.977859999999999951e+00 2.015350000000000197e+00 1.696660000000000057e+00 1.812340000000000062e+00 1.776389999999999914e+00
3.085100000000000176e+00 3.382769999999999833e+00 2.837579999999999991e+00 3.091359999999999886e+00 2.401580000000000048e+00 1.937429999999999986e+00 2.708229999999999915e+00 2.814820000000000100e+00 2.631289999999999907e+00 2.534940000000000193e+00 2.400549999999999962e+00
