1.412809999999999899e+00 1.380360000000000031e+00 1.348530000000000006e+00 1.317239999999999966e+00 1.286399999999999988e+00 1.255959999999999965e+00 1.225959999999999939e+00 1.196579999999999977e+00 1.168069999999999942e+00 1.140830000000000011e+00 1.115359999999999907e+00 1.092049999999999965e+00 1.071209999999999996e+00 1.053360000000000074e+00 1.038999999999999924e+00 1.027749999999999941e+00
1.234129999999999949e+00 1.216650000000000009e+00 1.199500000000000011e+00 1.182639999999999914e+00 1.166050000000000031e+00 1.149750000000000050e+00 1.133829999999999893e+00 1.118400000000000061e+00 1.103630000000000111e+00 1.089599999999999902e+00 1.076370000000000049e+00 1.063930000000000042e+00 1.052259999999999973e+00 1.041700000000000070e+00 1.032939999999999969e+00 1.026040000000000063e+00
2.115340000000000220e+00 2.031080000000000219e+00 1.947859999999999925e+00 1.865550000000000042e+00 1.783959999999999990e+00 1.702890000000000015e+00 1.622100000000000097e+00 1.541460000000000052e+00 1.460949999999999971e+00 1.380779999999999896e+00 1.301509999999999945e+00 1.224620000000000042e+00 1.154169999999999918e+00 1.096319999999999961e+00 1.053630000000000067e+00 1.023670000000000080e+00
2.099260000000000126e+00 2.016030000000000211e+00 1.933929999999999927e+00 1.852959999999999940e+00 1.773079999999999989e+00 1.694020000000000081e+00 1.615510000000000002e+00 1.537279999999999980e+00 1.459249999999999936e+00 1.381539999999999990e+00 1.304650000000000087e+00 1.229789999999999939e+00 1.159599999999999964e+00 1.099099999999999966e+00 1.053760000000000030e+00 1.023660000000000014e+00
1.080519999999999925e+00 1.076359999999999983e+00 1.072300000000000031e+00 1.068330000000000002e+00 1.064429999999999987e+00 1.060570000000000013e+00 1.056729999999999947e+00 1.052929999999999922e+00 1.049180000000000001e+00 1.045479999999999965e+00 1.041849999999999943e+00 1.038310000000000066e+00 1.034899999999999931e+00 1.031670000000000087e+00 1.028710000000000013e+00 1.026070000000000038e+00
2.031359999999999832e+00 1.953060000000000018e+00 1.875799999999999912e+00 1.799560000000000048e+00 1.724189999999999889e+00 1.649420000000000108e+00 1.575059999999999905e+00 1.500979999999999981e+00 1.427219999999999933e+00 1.353990000000000027e+00 1.281760000000000010e+00 1.211710000000000065e+00 1.147019999999999929e+00 1.092389999999999972e+00 1.051369999999999916e+00 1.023239999999999927e+00
3.046879999999999811e+00 2.894499999999999851e+00 2.743949999999999889e+00 2.595310000000000006e+00 2.448550000000000004e+00 2.303450000000000220e+00 2.159600000000000186e+00 2.016539999999999999e+00 1.873899999999999899e+00 1.731419999999999959e+00 1.589110000000000023e+00 1.447259999999999991e+00 1.307670000000000110e+00 1.179619999999999891e+00 1.084359999999999991e+00 1.025709999999999900e+00
2.132260000000000044e+00 2.045059999999999878e+00 1.959160000000000013e+00 1.874449999999999950e+00 1.790850000000000053e+00 1.708110000000000017e+00 1.625999999999999890e+00 1.544399999999999995e+00 1.463279999999999914e+00 1.382830000000000004e+00 1.303569999999999895e+00 1.226860000000000062e+00 1.156539999999999901e+00 1.098370000000000068e+00 1.054750000000000076e+00 1.023700000000000054e+00
1.140300000000000091e+00 1.129660000000000108e+00 1.119420000000000082e+00 1.109560000000000102e+00 1.100049999999999972e+00 1.090889999999999915e+00 1.082070000000000087e+00 1.073550000000000004e+00 1.065360000000000085e+00 1.057509999999999950e+00 1.050019999999999953e+00 1.042890000000000095e+00 1.036159999999999970e+00 1.029949999999999921e+00 1.024480000000000057e+00 1.019879999999999898e+00
3.507169999999999899e+00 3.315850000000000186e+00 3.127209999999999823e+00 2.941419999999999924e+00 2.758579999999999810e+00 2.578469999999999818e+00 2.400809999999999889e+00 2.225210000000000132e+00 2.051349999999999785e+00 1.879140000000000033e+00 1.708609999999999962e+00 1.540210000000000079e+00 1.375869999999999926e+00 1.224050000000000082e+00 1.106370000000000076e+00 1.029819999999999958e+00
1.612060000000000048e+00 1.563919999999999977e+00 1.516380000000000061e+00 1.469340000000000090e+00 1.422690000000000010e+00 1.376390000000000002e+00 1.330489999999999950e+00 1.285220000000000029e+00 1.241000000000000103e+00 1.198539999999999939e+00 1.158849999999999936e+00 1.122949999999999893e+00 1.091509999999999980e+00 1.064899999999999958e+00 1.043029999999999902e+00 1.025139999999999940e+00
1.527900000000000036e+00 1.485989999999999922e+00 1.444790000000000019e+00 1.404239999999999933e+00 1.364279999999999937e+00 1.324770000000000003e+00 1.285700000000000065e+00 1.247100000000000097e+00 1.209189999999999987e+00 1.172430000000000083e+00 1.137620000000000076e+00 1.105769999999999920e+00 1.077660000000000062e+00 1.053520000000000012e+00 1.034259999999999957e+00 1.020159999999999956e+00
1.362929999999999975e+00 1.334310000000000107e+00 1.306119999999999948e+00 1.278310000000000057e+00 1.250869999999999926e+00 1.223859999999999948e+00 1.197419999999999929e+00 1.171769999999999978e+00 1.147180000000000089e+00 1.123939999999999939e+00 1.102279999999999927e+00 1.082379999999999898e+00 1.064340000000000064e+00 1.048289999999999944e+00 1.034669999999999979e+00 1.023309999999999942e+00
2.415909999999999780e+00 2.306389999999999940e+00 2.198589999999999822e+00 2.092490000000000183e+00 1.987980000000000080e+00 1.884810000000000096e+00 1.782690000000000108e+00 1.681410000000000071e+00 1.580829999999999957e+00 1.481060000000000043e+00 1.382570000000000077e+00 1.286659999999999915e+00 1.197389999999999954e+00 1.122149999999999981e+00 1.065269999999999939e+00 1.024650000000000061e+00
1.064230000000000009e+00 1.061350000000000016e+00 1.058519999999999905e+00 1.055739999999999901e+00 1.052999999999999936e+00 1.050270000000000037e+00 1.047549999999999981e+00 1.044859999999999900e+00 1.042180000000000106e+00 1.039530000000000065e+00 1.036929999999999907e+00 1.034380000000000077e+00 1.031900000000000039e+00 1.029549999999999965e+00 1.027420000000000000e+00 1.025490000000000013e+00
1.625820000000000043e+00 1.577550000000000008e+00 1.530049999999999910e+00 1.483239999999999892e+00 1.437009999999999899e+00 1.391210000000000058e+00 1.345699999999999896e+00 1.300529999999999964e+00 1.255919999999999925e+00 1.212239999999999984e+00 1.170169999999999932e+00 1.130849999999999911e+00 1.095560000000000089e+00 1.065379999999999994e+00 1.041849999999999943e+00 1.024829999999999908e+00
1.946960000000000024e+00 1.873760000000000092e+00 1.801609999999999934e+00 1.730369999999999964e+00 1.659899999999999931e+00 1.590049999999999963e+00 1.520620000000000083e+00 1.451589999999999936e+00 1.383070000000000022e+00 1.315460000000000074e+00 1.249610000000000110e+00 1.187449999999999894e+00 1.132290000000000019e+00 1.087180000000000035e+00 1.052550000000000097e+00 1.026610000000000023e+00
1.309860000000000024e+00 1.285130000000000106e+00 1.260729999999999906e+00 1.236599999999999921e+00 1.212749999999999995e+00 1.189249999999999918e+00 1.166230000000000100e+00 1.143950000000000022e+00 1.122689999999999966e+00 1.102749999999999897e+00 1.084430000000000005e+00 1.067890000000000006e+00 1.053199999999999914e+00 1.040580000000000060e+00 1.030030000000000001e+00 1.021220000000000017e+00
1.650859999999999994e+00 1.600130000000000052e+00 1.550100000000000033e+00 1.500650000000000039e+00 1.451680000000000081e+00 1.403080000000000105e+00 1.354789999999999939e+00 1.306920000000000082e+00 1.259740000000000082e+00 1.213789999999999925e+00 1.170009999999999994e+00 1.129860000000000086e+00 1.094810000000000061e+00 1.065790000000000015e+00 1.042769999999999975e+00 1.024599999999999955e+00
1.659419999999999895e+00 1.608190000000000008e+00 1.557760000000000034e+00 1.508110000000000062e+00 1.459140000000000104e+00 1.410690000000000000e+00 1.362649999999999917e+00 1.314980000000000038e+00 1.267830000000000013e+00 1.221629999999999994e+00 1.177130000000000010e+00 1.135669999999999957e+00 1.098840000000000039e+00 1.067379999999999995e+00 1.042589999999999906e+00 1.024809999999999999e+00
2.372329999999999828e+00 2.269050000000000011e+00 2.167129999999999779e+00 2.066510000000000069e+00 1.967079999999999940e+00 1.868630000000000013e+00 1.770809999999999995e+00 1.673349999999999893e+00 1.576100000000000056e+00 1.479079999999999950e+00 1.382630000000000026e+00 1.287690000000000001e+00 1.197359999999999980e+00 1.119860000000000078e+00 1.063029999999999919e+00 1.024960000000000093e+00
1.197670000000000012e+00 1.182539999999999925e+00 1.167859999999999898e+00 1.153599999999999959e+00 1.139760000000000106e+00 1.126330000000000053e+00 1.113350000000000062e+00 1.100819999999999910e+00 1.088840000000000030e+00 1.077420000000000044e+00 1.066570000000000018e+00 1.056310000000000082e+00 1.046659999999999924e+00 1.037809999999999899e+00 1.030299999999999994e+00 1.024219999999999908e+00
3.174259999999999859e+00 3.009059999999999846e+00 2.846119999999999983e+00 2.685529999999999973e+00 2.527219999999999800e+00 2.370960000000000178e+00 2.216369999999999951e+00 2.063109999999999999e+00 1.910889999999999977e+00 1.759630000000000027e+00 1.609410000000000007e+00 1.460769999999999902e+00 1.316459999999999964e+00 1.188299999999999912e+00 1.092270000000000074e+00 1.027879999999999905e+00
1.659129999999999994e+00 1.608079999999999954e+00 1.557919999999999972e+00 1.508639999999999981e+00 1.460129999999999928e+00 1.412220000000000031e+00 1.364780000000000104e+00 1.317720000000000002e+00 1.271179999999999977e+00 1.225500000000000034e+00 1.181340000000000057e+00 1.139699999999999935e+00 1.101809999999999956e+00 1.068820000000000103e+00 1.042450000000000099e+00 1.023369999999999891e+00
1.138339999999999907e+00 1.128039999999999932e+00 1.118030000000000079e+00 1.108340000000000103e+00 1.098950000000000093e+00 1.089869999999999894e+00 1.081150000000000055e+00 1.072780000000000067e+00 1.064799999999999969e+00 1.057209999999999983e+00 1.050059999999999993e+00 1.043339999999999934e+00 1.037080000000000002e+00 1.031309999999999949e+00 1.026170000000000027e+00 1.021649999999999947e+00
2.337229999999999919e+00 2.236190000000000122e+00 2.136550000000000171e+00 2.038100000000000023e+00 1.940609999999999946e+00 1.843769999999999909e+00 1.747239999999999904e+00 1.650849999999999929e+00 1.554610000000000047e+00 1.458779999999999966e+00 1.364079999999999959e+00 1.272199999999999998e+00 1.187519999999999909e+00 1.116659999999999986e+00 1.063139999999999974e+00 1.024769999999999959e+00
3.040560000000000151e+00 2.885450000000000070e+00 2.732950000000000212e+00 2.582959999999999923e+00 2.435299999999999798e+00 2.289600000000000080e+00 2.145379999999999843e+00 2.002209999999999823e+00 1.859790000000000054e+00 1.717929999999999957e+00 1.576680000000000081e+00 1.436560000000000059e+00 1.300850000000000062e+00 1.180949999999999944e+00 1.089439999999999964e+00 1.026149999999999896e+00
3.868349999999999955e+00 3.650580000000000158e+00 3.435680000000000067e+00 3.223860000000000170e+00 3.015270000000000117e+00 2.809829999999999828e+00 2.607229999999999936e+00 2.407029999999999781e+00 2.208880000000000177e+00 2.012509999999999799e+00 1.817839999999999900e+00 1.624970000000000026e+00 1.435000000000000053e+00 1.256310000000000038e+00 1.116619999999999946e+00 1.028110000000000079e+00
1.930900000000000061e+00 1.858430000000000026e+00 1.787150000000000016e+00 1.716930000000000067e+00 1.647610000000000019e+00 1.578940000000000010e+00 1.510729999999999906e+00 1.442879999999999940e+00 1.375439999999999996e+00 1.308759999999999923e+00 1.243719999999999937e+00 1.182139999999999969e+00 1.127180000000000071e+00 1.081650000000000000e+00 1.046359999999999957e+00 1.019849999999999923e+00
2.309369999999999923e+00 2.209880000000000067e+00 2.111819999999999808e+00 2.015159999999999840e+00 1.919820000000000082e+00 1.825539999999999941e+00 1.732019999999999893e+00 1.639000000000000012e+00 1.546370000000000022e+00 1.454199999999999937e+00 1.362970000000000015e+00 1.273810000000000109e+00 1.190050000000000052e+00 1.118919999999999915e+00 1.065890000000000004e+00 1.029209999999999958e+00
1.119259999999999922e+00 1.111669999999999936e+00 1.104279999999999928e+00 1.097040000000000015e+00 1.089920000000000000e+00 1.082910000000000039e+00 1.076019999999999976e+00 1.069290000000000074e+00 1.062729999999999952e+00 1.056380000000000097e+00 1.050270000000000037e+00 1.044429999999999970e+00 1.038890000000000091e+00 1.033809999999999896e+00 1.029490000000000016e+00 1.025930000000000009e+00
1.354649999999999910e+00 1.326219999999999954e+00 1.298340000000000050e+00 1.270960000000000090e+00 1.244050000000000100e+00 1.217570000000000041e+00 1.191580000000000084e+00 1.166239999999999943e+00 1.141820000000000057e+00 1.118670000000000053e+00 1.097180000000000044e+00 1.077509999999999968e+00 1.059909999999999908e+00 1.044790000000000108e+00 1.032510000000000039e+00 1.022610000000000019e+00
1.105129999999999946e+00 1.098559999999999981e+00 1.092219999999999969e+00 1.086090000000000000e+00 1.080100000000000060e+00 1.074240000000000084e+00 1.068459999999999965e+00 1.062780000000000058e+00 1.057199999999999918e+00 1.051719999999999988e+00 1.046370000000000022e+00 1.041179999999999994e+00 1.036259999999999959e+00 1.031840000000000090e+00 1.028059999999999974e+00 1.024939999999999962e+00
1.619329999999999936e+00 1.570740000000000025e+00 1.522839999999999971e+00 1.475549999999999917e+00 1.428770000000000095e+00 1.382390000000000008e+00 1.336340000000000083e+00 1.290710000000000024e+00 1.245780000000000109e+00 1.202159999999999895e+00 1.160910000000000108e+00 1.123359999999999914e+00 1.090470000000000050e+00 1.062580000000000080e+00 1.040219999999999922e+00 1.022829999999999906e+00
1.517209999999999948e+00 1.475710000000000077e+00 1.435040000000000093e+00 1.395180000000000087e+00 1.356090000000000018e+00 1.317690000000000028e+00 1.279870000000000063e+00 1.242620000000000058e+00 1.206029999999999935e+00 1.170509999999999939e+00 1.136749999999999927e+00 1.105739999999999945e+00 1.078310000000000102e+00 1.054570000000000007e+00 1.035460000000000047e+00 1.021609999999999907e+00
1.224869999999999903e+00 1.207089999999999996e+00 1.189680000000000071e+00 1.172590000000000021e+00 1.155829999999999913e+00 1.139440000000000008e+00 1.123480000000000034e+00 1.108090000000000019e+00 1.093409999999999993e+00 1.079550000000000010e+00 1.066559999999999953e+00 1.054450000000000109e+00 1.043260000000000076e+00 1.033500000000000085e+00 1.025549999999999962e+00 1.019190000000000040e+00
1.621510000000000007e+00 1.573139999999999983e+00 1.525500000000000078e+00 1.478499999999999925e+00 1.432029999999999914e+00 1.385939999999999950e+00 1.340119999999999978e+00 1.294550000000000090e+00 1.249370000000000092e+00 1.205019999999999980e+00 1.162400000000000100e+00 1.123119999999999896e+00 1.088859999999999939e+00 1.060510000000000064e+00 1.038389999999999924e+00 1.021789999999999976e+00
2.286550000000000082e+00 2.187489999999999934e+00 2.089799999999999880e+00 1.993610000000000104e+00 1.898970000000000047e+00 1.805749999999999966e+00 1.713710000000000067e+00 1.622540000000000093e+00 1.531959999999999988e+00 1.441940000000000000e+00 1.352689999999999948e+00 1.265239999999999920e+00 1.182719999999999994e+00 1.111439999999999984e+00 1.057390000000000052e+00 1.022289999999999921e+00
1.068159999999999998e+00 1.064710000000000045e+00 1.061360000000000081e+00 1.058070000000000066e+00 1.054850000000000065e+00 1.051679999999999948e+00 1.048540000000000028e+00 1.045439999999999925e+00 1.042380000000000084e+00 1.039379999999999971e+00 1.036429999999999962e+00 1.033560000000000034e+00 1.030790000000000095e+00 1.028159999999999963e+00 1.025689999999999991e+00 1.023390000000000022e+00
2.289460000000000051e+00 2.192540000000000155e+00 2.096979999999999844e+00 2.002920000000000034e+00 1.910400000000000098e+00 1.819299999999999917e+00 1.729249999999999954e+00 1.639739999999999975e+00 1.550459999999999949e+00 1.461349999999999927e+00 1.372670000000000057e+00 1.285099999999999909e+00 1.200469999999999926e+00 1.123950000000000005e+00 1.064529999999999976e+00 1.027379999999999960e+00
3.722820000000000018e+00 3.517529999999999824e+00 3.314740000000000020e+00 3.114710000000000090e+00 2.917689999999999895e+00 2.723739999999999828e+00 2.532719999999999860e+00 2.344079999999999941e+00 2.157179999999999875e+00 1.971489999999999965e+00 1.786710000000000020e+00 1.602880000000000082e+00 1.420849999999999946e+00 1.246159999999999934e+00 1.107550000000000034e+00 1.025039999999999951e+00
2.567849999999999966e+00 2.448929999999999829e+00 2.331589999999999829e+00 2.215959999999999930e+00 2.102110000000000145e+00 1.989929999999999977e+00 1.879110000000000058e+00 1.769239999999999924e+00 1.659890000000000088e+00 1.550859999999999905e+00 1.442290000000000072e+00 1.334780000000000078e+00 1.230180000000000051e+00 1.136090000000000044e+00 1.066109999999999891e+00 1.022219999999999906e+00
1.124339999999999895e+00 1.114859999999999962e+00 1.105790000000000051e+00 1.097110000000000030e+00 1.088789999999999925e+00 1.080780000000000074e+00 1.073050000000000059e+00 1.065600000000000103e+00 1.058429999999999982e+00 1.051549999999999985e+00 1.044950000000000045e+00 1.038659999999999917e+00 1.032729999999999926e+00 1.027260000000000062e+00 1.022399999999999975e+00 1.018299999999999983e+00
4.566679999999999851e+00 4.294780000000000264e+00 4.026019999999999932e+00 3.760870000000000157e+00 3.499839999999999840e+00 3.243149999999999977e+00 2.990829999999999878e+00 2.742500000000000160e+00 2.497729999999999784e+00 2.256219999999999892e+00 2.017799999999999816e+00 1.782240000000000046e+00 1.549840000000000106e+00 1.325420000000000043e+00 1.140390000000000015e+00 1.028200000000000003e+00
1.576510000000000078e+00 1.530810000000000004e+00 1.485689999999999955e+00 1.441049999999999942e+00 1.396789999999999976e+00 1.352850000000000108e+00 1.309290000000000065e+00 1.266299999999999981e+00 1.224310000000000009e+00 1.184059999999999890e+00 1.146679999999999922e+00 1.113169999999999993e+00 1.084100000000000064e+00 1.059620000000000006e+00 1.039500000000000091e+00 1.022990000000000066e+00
1.764559999999999906e+00 1.704080000000000039e+00 1.644689999999999985e+00 1.586419999999999941e+00 1.529239999999999933e+00 1.473009999999999931e+00 1.417559999999999931e+00 1.362729999999999997e+00 1.308480000000000087e+00 1.255020000000000024e+00 1.202909999999999924e+00 1.153459999999999930e+00 1.108929999999999971e+00 1.071269999999999945e+00 1.041449999999999987e+00 1.020529999999999937e+00
1.604749999999999899e+00 1.557690000000000019e+00 1.511179999999999968e+00 1.465079999999999938e+00 1.419280000000000097e+00 1.373729999999999896e+00 1.328440000000000065e+00 1.283630000000000049e+00 1.239729999999999999e+00 1.197489999999999943e+00 1.157880000000000020e+00 1.121899999999999897e+00 1.090370000000000061e+00 1.063719999999999999e+00 1.042059999999999986e+00 1.024629999999999930e+00
2.998569999999999958e+00 2.845520000000000049e+00 2.694570000000000132e+00 2.545929999999999804e+00 2.399789999999999868e+00 2.256130000000000191e+00 2.114689999999999959e+00 1.974960000000000049e+00 1.836489999999999956e+00 1.698990000000000000e+00 1.562619999999999898e+00 1.427959999999999896e+00 1.296799999999999953e+00 1.176670000000000105e+00 1.085259999999999891e+00 1.027300000000000102e+00
1.084819999999999895e+00 1.080030000000000046e+00 1.075430000000000108e+00 1.070980000000000043e+00 1.066650000000000098e+00 1.062400000000000011e+00 1.058200000000000029e+00 1.054040000000000088e+00 1.049909999999999899e+00 1.045830000000000037e+00 1.041809999999999903e+00 1.037860000000000005e+00 1.034010000000000096e+00 1.030289999999999928e+00 1.026869999999999949e+00 1.023840000000000083e+00
1.537560000000000038e+00 1.494930000000000092e+00 1.453070000000000084e+00 1.411950000000000038e+00 1.371459999999999901e+00 1.331509999999999971e+00 1.292070000000000052e+00 1.253209999999999935e+00 1.215189999999999992e+00 1.178469999999999906e+00 1.143659999999999899e+00 1.111529999999999907e+00 1.082869999999999999e+00 1.058580000000000076e+00 1.039160000000000084e+00 1.023959999999999981e+00
1.819560000000000066e+00 1.755970000000000031e+00 1.693370000000000042e+00 1.631610000000000005e+00 1.570540000000000047e+00 1.509989999999999943e+00 1.449810000000000043e+00 1.389909999999999979e+00 1.330370000000000053e+00 1.271600000000000064e+00 1.214569999999999927e+00 1.161499999999999977e+00 1.115129999999999955e+00 1.077020000000000088e+00 1.047320000000000029e+00 1.024890000000000079e+00
1.522049999999999903e+00 1.480520000000000058e+00 1.439540000000000042e+00 1.399029999999999996e+00 1.358889999999999931e+00 1.319090000000000096e+00 1.279679999999999929e+00 1.240839999999999943e+00 1.202930000000000055e+00 1.166619999999999990e+00 1.132910000000000084e+00 1.102770000000000028e+00 1.076759999999999939e+00 1.055020000000000069e+00 1.037279999999999980e+00 1.022799999999999931e+00
1.694020000000000081e+00 1.639580000000000037e+00 1.585919999999999996e+00 1.532880000000000020e+00 1.480359999999999898e+00 1.428239999999999954e+00 1.376440000000000108e+00 1.324999999999999956e+00 1.274119999999999919e+00 1.224339999999999984e+00 1.176800000000000068e+00 1.133359999999999923e+00 1.095800000000000107e+00 1.065050000000000052e+00 1.040799999999999947e+00 1.021900000000000031e+00
1.948839999999999906e+00 1.873850000000000016e+00 1.800079999999999902e+00 1.727589999999999959e+00 1.656409999999999938e+00 1.586410000000000098e+00 1.517400000000000082e+00 1.449189999999999978e+00 1.381720000000000059e+00 1.315099999999999936e+00 1.249859999999999971e+00 1.187570000000000014e+00 1.131369999999999987e+00 1.084540000000000060e+00 1.048130000000000006e+00 1.022680000000000033e+00
2.149059999999999970e+00 2.060080000000000133e+00 1.972520000000000051e+00 1.886339999999999906e+00 1.801460000000000061e+00 1.717680000000000096e+00 1.634719999999999951e+00 1.552329999999999988e+00 1.470420000000000060e+00 1.389119999999999910e+00 1.308880000000000043e+00 1.231190000000000007e+00 1.160090000000000066e+00 1.101280000000000037e+00 1.056820000000000093e+00 1.024929999999999897e+00
1.227899999999999991e+00 1.209500000000000020e+00 1.191559999999999953e+00 1.174050000000000038e+00 1.157010000000000094e+00 1.140460000000000029e+00 1.124479999999999924e+00 1.109189999999999898e+00 1.094710000000000072e+00 1.081090000000000106e+00 1.068359999999999976e+00 1.056519999999999904e+00 1.045700000000000074e+00 1.036089999999999955e+00 1.027849999999999930e+00 1.020890000000000075e+00
2.626900000000000013e+00 2.501879999999999882e+00 2.378849999999999909e+00 2.257740000000000080e+00 2.138500000000000068e+00 2.020859999999999879e+00 1.904519999999999991e+00 1.789139999999999953e+00 1.674469999999999903e+00 1.560499999999999998e+00 1.447500000000000009e+00 1.336619999999999919e+00 1.232040000000000024e+00 1.143089999999999939e+00 1.076109999999999900e+00 1.029029999999999889e+00
1.640779999999999905e+00 1.589779999999999971e+00 1.539789999999999992e+00 1.490769999999999929e+00 1.442679999999999962e+00 1.395369999999999999e+00 1.348659999999999970e+00 1.302450000000000108e+00 1.256829999999999892e+00 1.212139999999999995e+00 1.169089999999999963e+00 1.128880000000000106e+00 1.092880000000000074e+00 1.061890000000000001e+00 1.036720000000000086e+00 1.018729999999999913e+00
1.273449999999999971e+00 1.251779999999999893e+00 1.230469999999999953e+00 1.209489999999999954e+00 1.188860000000000028e+00 1.168649999999999967e+00 1.149010000000000087e+00 1.130109999999999948e+00 1.112160000000000037e+00 1.095390000000000086e+00 1.079790000000000028e+00 1.065420000000000034e+00 1.052349999999999897e+00 1.040899999999999936e+00 1.031290000000000040e+00 1.023290000000000033e+00
2.300120000000000164e+00 2.200460000000000083e+00 2.102310000000000123e+00 2.005510000000000126e+00 1.909799999999999942e+00 1.814910000000000023e+00 1.720539999999999958e+00 1.626479999999999926e+00 1.532690000000000108e+00 1.439449999999999896e+00 1.347639999999999949e+00 1.259449999999999958e+00 1.179540000000000033e+00 1.113390000000000102e+00 1.062599999999999989e+00 1.024999999999999911e+00
2.466889999999999805e+00 2.353819999999999801e+00 2.242519999999999847e+00 2.132810000000000095e+00 2.024439999999999795e+00 1.917110000000000092e+00 1.810489999999999933e+00 1.704360000000000097e+00 1.598689999999999944e+00 1.493679999999999897e+00 1.389909999999999979e+00 1.289099999999999913e+00 1.196129999999999916e+00 1.118640000000000079e+00 1.060030000000000028e+00 1.017679999999999918e+00
4.060170000000000279e+00 3.828399999999999803e+00 3.599340000000000206e+00 3.373359999999999914e+00 3.150780000000000136e+00 2.931709999999999816e+00 2.716009999999999813e+00 2.503219999999999779e+00 2.292870000000000186e+00 2.084600000000000009e+00 1.878139999999999921e+00 1.673480000000000079e+00 1.471500000000000030e+00 1.277330000000000076e+00 1.119380000000000042e+00 1.024969999999999937e+00
1.896309999999999940e+00 1.824880000000000058e+00 1.754850000000000021e+00 1.686260000000000092e+00 1.619019999999999904e+00 1.552950000000000053e+00 1.487849999999999895e+00 1.423540000000000028e+00 1.359969999999999901e+00 1.297360000000000069e+00 1.236420000000000075e+00 1.178800000000000070e+00 1.127119999999999900e+00 1.083290000000000086e+00 1.048170000000000046e+00 1.021959999999999980e+00
1.937640000000000029e+00 1.864379999999999926e+00 1.792300000000000004e+00 1.721400000000000041e+00 1.651650000000000063e+00 1.582869999999999999e+00 1.514820000000000055e+00 1.447249999999999925e+00 1.380039999999999933e+00 1.313309999999999977e+00 1.247649999999999926e+00 1.184700000000000086e+00 1.128039999999999932e+00 1.081120000000000081e+00 1.045350000000000001e+00 1.020140000000000047e+00
1.341220000000000079e+00 1.314759999999999929e+00 1.288620000000000099e+00 1.262729999999999908e+00 1.237090000000000023e+00 1.211680000000000090e+00 1.186660000000000048e+00 1.162260000000000071e+00 1.138849999999999918e+00 1.116770000000000040e+00 1.096319999999999961e+00 1.077709999999999946e+00 1.061169999999999947e+00 1.046969999999999956e+00 1.035220000000000029e+00 1.025519999999999987e+00
1.125809999999999977e+00 1.116950000000000109e+00 1.108479999999999910e+00 1.100419999999999954e+00 1.092700000000000005e+00 1.085250000000000048e+00 1.078049999999999953e+00 1.071059999999999901e+00 1.064289999999999958e+00 1.057700000000000085e+00 1.051330000000000098e+00 1.045209999999999972e+00 1.039390000000000036e+00 1.033970000000000056e+00 1.029239999999999933e+00 1.025330000000000075e+00
1.169510000000000050e+00 1.156409999999999938e+00 1.143750000000000044e+00 1.131529999999999925e+00 1.119709999999999983e+00 1.108270000000000088e+00 1.097250000000000059e+00 1.086649999999999894e+00 1.076470000000000038e+00 1.066750000000000087e+00 1.057500000000000107e+00 1.048769999999999980e+00 1.040750000000000064e+00 1.033709999999999907e+00 1.027789999999999981e+00 1.022880000000000011e+00
1.589869999999999894e+00 1.543009999999999993e+00 1.497009999999999952e+00 1.451780000000000070e+00 1.407259999999999955e+00 1.363310000000000022e+00 1.319919999999999982e+00 1.277079999999999993e+00 1.235049999999999981e+00 1.194339999999999957e+00 1.155790000000000095e+00 1.120579999999999909e+00 1.089690000000000047e+00 1.063520000000000021e+00 1.042240000000000055e+00 1.025609999999999911e+00
