3.529980000000000118e+00 4.237449999999999939e+00 3.101350000000000051e+00 3.232450000000000045e+00 3.351249999999999840e+00 3.113849999999999785e+00 3.503350000000000186e+00 3.244889999999999830e+00 2.946410000000000196e+00 2.537710000000000132e+00 2.536099999999999799e+00
2.508100000000000218e+00 2.859109999999999818e+00 2.151899999999999924e+00 2.307220000000000049e+00 2.259599999999999831e+00 2.120999999999999996e+00 2.243300000000000072e+00 2.168769999999999865e+00 2.086530000000000218e+00 1.854230000000000045e+00 1.900460000000000038e+00
3.966159999999999908e+00 5.007830000000000226e+00 3.518339999999999801e+00 3.383039999999999825e+00 2.448300000000000143e+00 2.254869999999999930e+00 3.628859999999999975e+00 3.397200000000000220e+00 3.197639999999999816e+00 2.619880000000000209e+00 2.772349999999999870e+00
2.841180000000000039e+00 1.826910000000000034e+00 2.011769999999999836e+00 2.518120000000000136e+00 2.871379999999999821e+00 2.550899999999999945e+00 2.912310000000000176e+00 2.896949999999999914e+00 2.666170000000000151e+00 2.213109999999999911e+00 2.291889999999999983e+00
1.821299999999999919e+00 1.937149999999999928e+00 1.732860000000000067e+00 1.691920000000000091e+00 1.770100000000000007e+00 1.680099999999999927e+00 1.740410000000000013e+00 1.720420000000000060e+00 1.679769999999999985e+00 1.586030000000000051e+00 1.613820000000000032e+00
2.526790000000000092e+00 4.506770000000000387e+00 3.633199999999999985e+00 3.230820000000000025e+00 3.420529999999999848e+00 2.730500000000000149e+00 3.492710000000000203e+00 3.516199999999999992e+00 3.125259999999999927e+00 2.670030000000000125e+00 2.723289999999999988e+00
4.337130000000000152e+00 8.091469999999999274e+00 5.836759999999999948e+00 3.841769999999999907e+00 3.769909999999999872e+00 4.960169999999999746e+00 5.757390000000000008e+00 5.791299999999999670e+00 5.322689999999999699e+00 2.605599999999999916e+00 4.072149999999999714e+00
4.415119999999999933e+00 2.409279999999999866e+00 3.774480000000000057e+00 2.780149999999999899e+00 4.072969999999999757e+00 2.303049999999999820e+00 2.292499999999999982e+00 3.930120000000000058e+00 3.626930000000000209e+00 2.726480000000000015e+00 3.014930000000000110e+00
2.527839999999999865e+00 3.018749999999999822e+00 2.287110000000000198e+00 2.496640000000000192e+00 2.572979999999999823e+00 2.332129999999999814e+00 2.482289999999999885e+00 2.449190000000000200e+00 2.306540000000000035e+00 2.026339999999999808e+00 2.028640000000000221e+00
4.023139999999999716e+00 3.444380000000000219e+00 3.611079999999999846e+00 3.179359999999999964e+00 3.150349999999999984e+00 3.749359999999999804e+00 5.254929999999999879e+00 5.934989999999999988e+00 4.561119999999999841e+00 3.229410000000000114e+00 3.641179999999999861e+00
2.794340000000000046e+00 2.278300000000000214e+00 3.141919999999999824e+00 3.184260000000000090e+00 3.124109999999999943e+00 2.093980000000000175e+00 3.308190000000000186e+00 3.006429999999999936e+00 2.955080000000000151e+00 2.539540000000000131e+00 2.576890000000000125e+00
1.942609999999999948e+00 2.269810000000000105e+00 1.824869999999999992e+00 1.838750000000000107e+00 1.924239999999999950e+00 1.820719999999999894e+00 1.969940000000000024e+00 1.941990000000000105e+00 1.858070000000000110e+00 1.712839999999999918e+00 1.723810000000000064e+00
3.064599999999999991e+00 3.354099999999999859e+00 2.533430000000000071e+00 2.648029999999999884e+00 2.646479999999999944e+00 2.410099999999999909e+00 2.570030000000000037e+00 2.454579999999999984e+00 2.325709999999999944e+00 2.079359999999999875e+00 2.113469999999999960e+00
4.953170000000000073e+00 2.641270000000000007e+00 3.287160000000000082e+00 3.898070000000000146e+00 4.480410000000000004e+00 3.124280000000000168e+00 5.572930000000000383e+00 4.155990000000000073e+00 3.845600000000000129e+00 3.091260000000000119e+00 3.219860000000000166e+00
1.644970000000000043e+00 1.703200000000000047e+00 1.602880000000000082e+00 1.556980000000000031e+00 1.633240000000000025e+00 1.568030000000000035e+00 1.619979999999999976e+00 1.606139999999999901e+00 1.582070000000000087e+00 1.514710000000000001e+00 1.546170000000000044e+00
1.871869999999999923e+00 3.240629999999999900e+00 2.312129999999999797e+00 2.519140000000000157e+00 2.486759999999999859e+00 2.295399999999999885e+00 2.444360000000000088e+00 2.397149999999999892e+00 2.265829999999999789e+00 2.022489999999999899e+00 2.038320000000000132e+00
3.228940000000000143e+00 3.829819999999999780e+00 2.266350000000000087e+00 2.928329999999999878e+00 2.933479999999999865e+00 2.713179999999999925e+00 2.964220000000000077e+00 2.797559999999999825e+00 2.598819999999999908e+00 2.285839999999999872e+00 2.290519999999999889e+00
2.734710000000000196e+00 3.216619999999999813e+00 2.492919999999999803e+00 2.526800000000000157e+00 2.492360000000000131e+00 2.242039999999999811e+00 2.417780000000000040e+00 2.329779999999999962e+00 2.275720000000000187e+00 2.069040000000000212e+00 2.043000000000000149e+00
3.174749999999999961e+00 3.641189999999999927e+00 2.726069999999999993e+00 2.810579999999999856e+00 2.780569999999999986e+00 2.536799999999999944e+00 2.712629999999999875e+00 2.603439999999999976e+00 2.481269999999999865e+00 2.206370000000000164e+00 2.200309999999999988e+00
2.192340000000000177e+00 2.467979999999999841e+00 2.029990000000000183e+00 2.062730000000000175e+00 2.183930000000000149e+00 2.000290000000000123e+00 2.200050000000000061e+00 2.203780000000000072e+00 2.062870000000000203e+00 1.860170000000000101e+00 1.862360000000000015e+00
3.140280000000000182e+00 2.123740000000000183e+00 2.245509999999999895e+00 3.066260000000000208e+00 2.955680000000000085e+00 2.725060000000000038e+00 3.133189999999999920e+00 2.952780000000000182e+00 2.766770000000000174e+00 2.171479999999999855e+00 2.343620000000000037e+00
2.528789999999999871e+00 3.008210000000000051e+00 2.273219999999999796e+00 2.428069999999999951e+00 2.376720000000000166e+00 2.224200000000000177e+00 2.343329999999999913e+00 2.288569999999999993e+00 2.177810000000000024e+00 1.948800000000000088e+00 1.955899999999999972e+00
4.422699999999999854e+00 6.097529999999999895e+00 3.094910000000000050e+00 4.001000000000000334e+00 2.687409999999999854e+00 2.703959999999999919e+00 4.234740000000000393e+00 4.109700000000000131e+00 3.780499999999999972e+00 2.892599999999999838e+00 3.177690000000000126e+00
3.525729999999999809e+00 2.337889999999999802e+00 2.359519999999999840e+00 3.077490000000000059e+00 3.430530000000000079e+00 2.981749999999999901e+00 3.443259999999999987e+00 3.275079999999999991e+00 3.026559999999999917e+00 2.422979999999999912e+00 2.578780000000000072e+00
2.122970000000000024e+00 2.376250000000000195e+00 1.888330000000000064e+00 1.943820000000000103e+00 1.963929999999999954e+00 1.909939999999999971e+00 1.950639999999999930e+00 1.902549999999999963e+00 1.842950000000000088e+00 1.680940000000000101e+00 1.724499999999999922e+00
5.478299999999999947e+00 6.864309999999999690e+00 3.522019999999999929e+00 3.493910000000000071e+00 3.035870000000000068e+00 2.990180000000000060e+00 2.635450000000000070e+00 2.502200000000000202e+00 4.266440000000000232e+00 3.335310000000000219e+00 3.575149999999999828e+00
4.355660000000000309e+00 3.853419999999999845e+00 3.884009999999999962e+00 5.155929999999999680e+00 4.949480000000000324e+00 4.062949999999999839e+00 5.211140000000000327e+00 4.852100000000000080e+00 4.706310000000000215e+00 2.456840000000000135e+00 3.756969999999999921e+00
4.467069999999999652e+00 8.446220000000000283e+00 4.237919999999999909e+00 4.052669999999999995e+00 5.535339999999999705e+00 3.834080000000000155e+00 6.148240000000000371e+00 6.823450000000000237e+00 6.281880000000000130e+00 2.630599999999999827e+00 4.300639999999999574e+00
2.835949999999999971e+00 2.432929999999999815e+00 3.835900000000000087e+00 3.732050000000000090e+00 3.681799999999999962e+00 3.366709999999999869e+00 3.979940000000000033e+00 3.807360000000000078e+00 3.481209999999999916e+00 2.795929999999999804e+00 2.909159999999999968e+00
3.230129999999999946e+00 6.183370000000000033e+00 3.062149999999999928e+00 4.106270000000000309e+00 4.464629999999999654e+00 3.640480000000000160e+00 4.618549999999999933e+00 5.438460000000000072e+00 3.994079999999999853e+00 3.049760000000000026e+00 3.268580000000000041e+00
2.334940000000000015e+00 2.562250000000000139e+00 2.048490000000000144e+00 2.065900000000000070e+00 2.076369999999999827e+00 1.936379999999999990e+00 2.015880000000000116e+00 1.984639999999999960e+00 1.949500000000000011e+00 1.783970000000000056e+00 1.797209999999999974e+00
2.699590000000000156e+00 2.946359999999999868e+00 2.383939999999999948e+00 2.450340000000000185e+00 2.519340000000000135e+00 2.263149999999999995e+00 2.438740000000000130e+00 2.367609999999999992e+00 2.239770000000000039e+00 2.044509999999999827e+00 2.003270000000000106e+00
1.989479999999999915e+00 2.338670000000000027e+00 2.019829999999999792e+00 2.045859999999999790e+00 2.111240000000000006e+00 2.006609999999999783e+00 2.044890000000000096e+00 1.999169999999999892e+00 1.918570000000000109e+00 1.757770000000000055e+00 1.763349999999999973e+00
2.836059999999999803e+00 3.380020000000000024e+00 2.479410000000000114e+00 2.653259999999999952e+00 2.646440000000000126e+00 2.395150000000000112e+00 2.555950000000000166e+00 2.497660000000000213e+00 2.369769999999999932e+00 2.099310000000000009e+00 2.106720000000000148e+00
2.326290000000000191e+00 2.702399999999999913e+00 2.274469999999999992e+00 2.211539999999999839e+00 2.291339999999999932e+00 2.135489999999999888e+00 2.194500000000000117e+00 2.089760000000000062e+00 2.087260000000000115e+00 1.876090000000000035e+00 1.872239999999999904e+00
2.214379999999999793e+00 2.511559999999999793e+00 2.174150000000000027e+00 2.052059999999999995e+00 1.968569999999999931e+00 1.930889999999999995e+00 1.968920000000000003e+00 2.019870000000000054e+00 1.880060000000000064e+00 1.732769999999999921e+00 1.791139999999999954e+00
4.100220000000000198e+00 2.737159999999999815e+00 2.879340000000000011e+00 3.244559999999999889e+00 3.403890000000000082e+00 3.244120000000000115e+00 3.834470000000000045e+00 3.651530000000000165e+00 3.354859999999999953e+00 2.725109999999999921e+00 2.902670000000000083e+00
2.660839999999999872e+00 3.568299999999999805e+00 2.412430000000000074e+00 2.594170000000000087e+00 2.773590000000000000e+00 2.566159999999999997e+00 2.534569999999999990e+00 2.614079999999999959e+00 2.372310000000000141e+00 2.077529999999999877e+00 2.122900000000000009e+00
1.645350000000000090e+00 1.638130000000000086e+00 1.560920000000000085e+00 1.545199999999999907e+00 1.594870000000000010e+00 1.579930000000000057e+00 1.588419999999999943e+00 1.579779999999999962e+00 1.553819999999999979e+00 1.496499999999999941e+00 1.531339999999999923e+00
3.059579999999999966e+00 4.221949999999999648e+00 2.756870000000000154e+00 3.207019999999999982e+00 3.057889999999999997e+00 3.047019999999999840e+00 2.967550000000000132e+00 3.053960000000000008e+00 2.670549999999999979e+00 2.321250000000000036e+00 2.386439999999999895e+00
4.727750000000000341e+00 9.052419999999999689e+00 4.142459999999999809e+00 4.806429999999999758e+00 5.913350000000000328e+00 5.132109999999999950e+00 3.094619999999999926e+00 5.640950000000000131e+00 6.119699999999999918e+00 3.811049999999999827e+00 4.136429999999999829e+00
3.823900000000000077e+00 3.569329999999999892e+00 2.932980000000000143e+00 3.833829999999999849e+00 2.706179999999999808e+00 3.671320000000000139e+00 3.920009999999999994e+00 3.787889999999999979e+00 3.459080000000000155e+00 2.029560000000000031e+00 2.954709999999999948e+00
1.868670000000000053e+00 2.088810000000000056e+00 1.815930000000000044e+00 1.824770000000000003e+00 1.914700000000000069e+00 1.837539999999999951e+00 1.826980000000000048e+00 1.810969999999999969e+00 1.770510000000000028e+00 1.621979999999999977e+00 1.654160000000000075e+00
3.798210000000000086e+00 8.688840000000000785e+00 3.497459999999999791e+00 4.819329999999999892e+00 4.906710000000000349e+00 4.645929999999999893e+00 2.727050000000000196e+00 5.948570000000000135e+00 2.482790000000000052e+00 3.470779999999999976e+00 3.758210000000000051e+00
3.388399999999999856e+00 3.922940000000000094e+00 3.146100000000000119e+00 3.014110000000000067e+00 3.012849999999999806e+00 2.756639999999999979e+00 2.996449999999999836e+00 2.780850000000000044e+00 2.631470000000000198e+00 2.342999999999999972e+00 2.314200000000000035e+00
1.714250000000000052e+00 1.758780000000000010e+00 1.644200000000000106e+00 1.662109999999999976e+00 1.713600000000000012e+00 1.683049999999999935e+00 1.666670000000000096e+00 1.664949999999999930e+00 1.619420000000000082e+00 1.540450000000000097e+00 1.574659999999999949e+00
2.907309999999999839e+00 3.354680000000000106e+00 2.609329999999999927e+00 2.448389999999999844e+00 2.573920000000000208e+00 2.304190000000000182e+00 2.472140000000000004e+00 2.411599999999999966e+00 2.264679999999999804e+00 2.042030000000000012e+00 2.098219999999999974e+00
4.979529999999999568e+00 3.712680000000000202e+00 4.039930000000000021e+00 3.877330000000000165e+00 2.908549999999999969e+00 4.032000000000000028e+00 4.420869999999999855e+00 4.380259999999999820e+00 4.120149999999999757e+00 3.137070000000000025e+00 3.351739999999999942e+00
1.781959999999999988e+00 1.773230000000000084e+00 1.661410000000000053e+00 1.670379999999999976e+00 1.698299999999999921e+00 1.687019999999999964e+00 1.678279999999999994e+00 1.676039999999999974e+00 1.625150000000000095e+00 1.549979999999999913e+00 1.584310000000000107e+00
2.003140000000000143e+00 2.223910000000000053e+00 1.824240000000000084e+00 1.859860000000000069e+00 1.891529999999999934e+00 1.815309999999999979e+00 1.887270000000000003e+00 1.861869999999999914e+00 1.799339999999999939e+00 1.658050000000000024e+00 1.689470000000000027e+00
2.980199999999999960e+00 3.551470000000000127e+00 2.791900000000000048e+00 2.656089999999999840e+00 2.698240000000000194e+00 2.488020000000000120e+00 2.634539999999999882e+00 2.616579999999999906e+00 2.433819999999999872e+00 2.118219999999999992e+00 2.188239999999999963e+00
3.340250000000000163e+00 4.155499999999999972e+00 3.376860000000000195e+00 3.193060000000000009e+00 3.043960000000000221e+00 2.862049999999999983e+00 3.147040000000000060e+00 2.919900000000000162e+00 2.734770000000000145e+00 2.409429999999999961e+00 2.393419999999999881e+00
2.968379999999999797e+00 3.434359999999999857e+00 2.693970000000000198e+00 2.608870000000000022e+00 2.648249999999999993e+00 2.447379999999999889e+00 2.589529999999999887e+00 2.498940000000000161e+00 2.378109999999999946e+00 2.109259999999999913e+00 2.123359999999999914e+00
2.380759999999999987e+00 3.162780000000000147e+00 2.254890000000000061e+00 2.525490000000000013e+00 2.491330000000000044e+00 2.440819999999999990e+00 2.306750000000000078e+00 2.425170000000000048e+00 2.154360000000000053e+00 1.995300000000000074e+00 1.993219999999999992e+00
3.425460000000000171e+00 2.382979999999999876e+00 2.662640000000000118e+00 3.461380000000000123e+00 3.740279999999999827e+00 3.104940000000000033e+00 3.628120000000000012e+00 3.418489999999999807e+00 3.130510000000000126e+00 2.428240000000000176e+00 2.681529999999999969e+00
2.083260000000000112e+00 2.448059999999999903e+00 2.092089999999999783e+00 1.986879999999999979e+00 2.007249999999999979e+00 1.903829999999999911e+00 1.944819999999999993e+00 1.991109999999999935e+00 1.870540000000000092e+00 1.710820000000000007e+00 1.768699999999999939e+00
3.345009999999999817e+00 6.010900000000000354e+00 4.106399999999999828e+00 3.515870000000000051e+00 4.204349999999999810e+00 2.879189999999999916e+00 4.511499999999999844e+00 4.307039999999999758e+00 3.996599999999999930e+00 2.148039999999999949e+00 3.297649999999999970e+00
2.936319999999999819e+00 4.350789999999999935e+00 2.975340000000000096e+00 2.722789999999999822e+00 3.138049999999999784e+00 2.862779999999999880e+00 3.115470000000000184e+00 2.947979999999999823e+00 2.783720000000000194e+00 2.213870000000000005e+00 2.406449999999999978e+00
2.018949999999999800e+00 2.258690000000000087e+00 2.005729999999999791e+00 1.857480000000000020e+00 1.884949999999999903e+00 1.824989999999999890e+00 1.858430000000000026e+00 1.891319999999999890e+00 1.782920000000000060e+00 1.664579999999999949e+00 1.714920000000000000e+00
4.814189999999999969e+00 6.142859999999999765e+00 4.253890000000000171e+00 4.012290000000000134e+00 2.770490000000000119e+00 2.846989999999999910e+00 4.338059999999999583e+00 4.203809999999999825e+00 3.947529999999999983e+00 3.075660000000000061e+00 3.328510000000000080e+00
4.595439999999999969e+00 8.002660000000000551e+00 4.976119999999999877e+00 3.910670000000000091e+00 3.717270000000000074e+00 3.472430000000000128e+00 2.989809999999999857e+00 5.274650000000000283e+00 2.597300000000000164e+00 2.523429999999999840e+00 3.933120000000000172e+00
4.372700000000000031e+00 9.600339999999999208e+00 4.366649999999999920e+00 4.202969999999999651e+00 5.599249999999999616e+00 4.826229999999999798e+00 5.508189999999999920e+00 5.569650000000000212e+00 6.152190000000000047e+00 2.691870000000000207e+00 4.111679999999999779e+00
3.902099999999999902e+00 5.117270000000000429e+00 3.340819999999999901e+00 3.551050000000000040e+00 3.846919999999999895e+00 2.633080000000000087e+00 3.795240000000000169e+00 2.039820000000000189e+00 3.347129999999999939e+00 2.536639999999999784e+00 2.842249999999999943e+00
2.915890000000000093e+00 5.717259999999999565e+00 3.759160000000000057e+00 2.791580000000000172e+00 4.151980000000000004e+00 2.797950000000000159e+00 4.135510000000000019e+00 3.909279999999999866e+00 3.743450000000000166e+00 2.101939999999999920e+00 3.040810000000000013e+00
2.028410000000000046e+00 2.160759999999999792e+00 1.898530000000000051e+00 1.856819999999999915e+00 1.857560000000000100e+00 1.806280000000000108e+00 1.842780000000000085e+00 1.833739999999999926e+00 1.769460000000000033e+00 1.652989999999999959e+00 1.686709999999999932e+00
2.412110000000000198e+00 2.580480000000000107e+00 2.287469999999999892e+00 2.250669999999999948e+00 2.202040000000000219e+00 2.213029999999999831e+00 2.224099999999999966e+00 2.136340000000000128e+00 2.081020000000000092e+00 1.872900000000000009e+00 1.881879999999999997e+00
1.793279999999999985e+00 1.817110000000000003e+00 1.721929999999999961e+00 1.716990000000000016e+00 1.754250000000000087e+00 1.672390000000000043e+00 1.711670000000000025e+00 1.653000000000000025e+00 1.654719999999999969e+00 1.573860000000000037e+00 1.587490000000000068e+00
2.411599999999999966e+00 4.301750000000000185e+00 3.207050000000000178e+00 3.126829999999999998e+00 3.253400000000000070e+00 2.926019999999999843e+00 3.263910000000000089e+00 3.007620000000000182e+00 2.838229999999999809e+00 2.425050000000000150e+00 2.499919999999999920e+00
