1.493900000000000006e+00 1.453300000000000036e+00 1.413739999999999997e+00 1.375350000000000072e+00 1.338140000000000107e+00 1.302040000000000086e+00 1.266920000000000046e+00 1.232620000000000049e+00 1.199079999999999924e+00 1.166570000000000107e+00 1.135629999999999917e+00 1.107059999999999933e+00 1.081439999999999957e+00 1.059190000000000076e+00 1.041290000000000049e+00 1.027830000000000021e+00
1.223319999999999963e+00 1.205489999999999950e+00 1.188350000000000017e+00 1.171959999999999891e+00 1.156320000000000014e+00 1.141389999999999905e+00 1.127080000000000082e+00 1.113280000000000047e+00 1.099939999999999918e+00 1.087069999999999981e+00 1.074759999999999938e+00 1.063099999999999934e+00 1.052130000000000010e+00 1.041860000000000008e+00 1.032820000000000071e+00 1.026029999999999998e+00
2.734290000000000109e+00 2.601659999999999862e+00 2.470559999999999867e+00 2.341310000000000002e+00 2.214189999999999880e+00 2.089409999999999989e+00 1.966900000000000093e+00 1.846319999999999961e+00 1.727020000000000000e+00 1.608270000000000088e+00 1.489740000000000064e+00 1.371909999999999963e+00 1.256680000000000019e+00 1.151310000000000056e+00 1.072580000000000089e+00 1.024250000000000105e+00
2.688899999999999846e+00 2.559530000000000083e+00 2.431709999999999816e+00 2.305750000000000188e+00 2.181960000000000122e+00 2.060550000000000104e+00 1.941529999999999978e+00 1.824680000000000080e+00 1.709349999999999925e+00 1.594729999999999981e+00 1.480269999999999975e+00 1.366209999999999924e+00 1.254219999999999891e+00 1.150749999999999940e+00 1.072189999999999976e+00 1.024250000000000105e+00
1.057760000000000034e+00 1.055390000000000050e+00 1.053099999999999925e+00 1.050859999999999905e+00 1.048680000000000057e+00 1.046529999999999960e+00 1.044389999999999930e+00 1.042249999999999899e+00 1.040110000000000090e+00 1.037959999999999994e+00 1.035809999999999897e+00 1.033689999999999998e+00 1.031600000000000072e+00 1.029579999999999940e+00 1.027700000000000058e+00 1.026029999999999998e+00
2.277359999999999829e+00 2.178679999999999950e+00 2.081430000000000113e+00 1.985819999999999919e+00 1.892060000000000075e+00 1.800219999999999931e+00 1.710110000000000019e+00 1.621350000000000069e+00 1.533330000000000082e+00 1.445599999999999996e+00 1.358160000000000034e+00 1.271709999999999896e+00 1.188420000000000032e+00 1.114870000000000028e+00 1.059290000000000065e+00 1.023479999999999945e+00
3.073430000000000106e+00 2.913839999999999986e+00 2.756180000000000074e+00 2.600779999999999870e+00 2.448049999999999837e+00 2.298280000000000101e+00 2.151479999999999837e+00 2.007490000000000219e+00 1.865669999999999940e+00 1.725230000000000041e+00 1.585420000000000051e+00 1.446399999999999908e+00 1.309549999999999992e+00 1.182320000000000038e+00 1.085569999999999924e+00 1.025760000000000005e+00
2.453460000000000196e+00 2.339820000000000011e+00 2.227840000000000042e+00 2.117780000000000218e+00 2.009900000000000020e+00 1.904330000000000078e+00 1.800899999999999945e+00 1.699279999999999902e+00 1.598880000000000079e+00 1.499200000000000088e+00 1.400090000000000057e+00 1.302189999999999959e+00 1.208010000000000028e+00 1.125639999999999974e+00 1.064470000000000027e+00 1.024010000000000087e+00
1.296119999999999939e+00 1.271039999999999948e+00 1.246750000000000025e+00 1.223360000000000003e+00 1.200890000000000013e+00 1.179340000000000055e+00 1.158649999999999958e+00 1.138789999999999969e+00 1.119720000000000049e+00 1.101520000000000055e+00 1.084400000000000031e+00 1.068449999999999900e+00 1.053749999999999964e+00 1.040310000000000068e+00 1.028810000000000002e+00 1.020049999999999901e+00
4.359250000000000291e+00 4.099109999999999587e+00 3.842049999999999965e+00 3.588649999999999896e+00 3.339560000000000084e+00 3.095410000000000217e+00 2.856529999999999792e+00 2.623079999999999856e+00 2.394540000000000113e+00 2.169960000000000111e+00 1.948329999999999895e+00 1.729179999999999939e+00 1.512820000000000054e+00 1.305229999999999890e+00 1.136400000000000077e+00 1.030739999999999990e+00
1.701480000000000103e+00 1.644390000000000018e+00 1.588549999999999907e+00 1.534019999999999939e+00 1.480799999999999894e+00 1.428719999999999990e+00 1.377550000000000052e+00 1.327120000000000077e+00 1.277460000000000040e+00 1.228979999999999961e+00 1.182790000000000008e+00 1.140479999999999938e+00 1.103310000000000013e+00 1.071679999999999966e+00 1.045730000000000048e+00 1.025239999999999929e+00
1.870710000000000095e+00 1.801039999999999974e+00 1.732529999999999903e+00 1.665350000000000108e+00 1.599620000000000042e+00 1.535390000000000033e+00 1.472539999999999960e+00 1.410779999999999923e+00 1.349800000000000111e+00 1.289479999999999960e+00 1.230199999999999960e+00 1.173170000000000046e+00 1.121159999999999934e+00 1.077409999999999979e+00 1.043700000000000072e+00 1.020499999999999963e+00
1.593599999999999905e+00 1.545330000000000092e+00 1.498180000000000067e+00 1.452190000000000092e+00 1.407370000000000010e+00 1.363650000000000029e+00 1.320829999999999949e+00 1.278750000000000053e+00 1.237400000000000055e+00 1.197130000000000027e+00 1.158809999999999896e+00 1.123459999999999903e+00 1.091879999999999962e+00 1.064329999999999998e+00 1.041250000000000009e+00 1.023560000000000025e+00
2.549310000000000187e+00 2.427239999999999842e+00 2.307069999999999954e+00 2.189090000000000202e+00 2.073570000000000135e+00 1.960679999999999978e+00 1.850240000000000107e+00 1.741940000000000044e+00 1.635159999999999947e+00 1.529330000000000078e+00 1.424269999999999925e+00 1.320729999999999960e+00 1.221330000000000027e+00 1.134130000000000082e+00 1.068769999999999998e+00 1.024729999999999919e+00
1.090959999999999930e+00 1.085509999999999975e+00 1.080340000000000078e+00 1.075409999999999977e+00 1.070710000000000051e+00 1.066179999999999906e+00 1.061760000000000037e+00 1.057399999999999896e+00 1.053039999999999976e+00 1.048689999999999900e+00 1.044370000000000021e+00 1.040110000000000090e+00 1.035949999999999926e+00 1.032000000000000028e+00 1.028489999999999904e+00 1.025539999999999896e+00
2.848739999999999828e+00 2.707739999999999814e+00 2.568270000000000053e+00 2.430619999999999781e+00 2.295160000000000089e+00 2.162160000000000082e+00 2.031670000000000087e+00 1.903569999999999984e+00 1.777239999999999931e+00 1.651929999999999898e+00 1.527230000000000087e+00 1.403429999999999955e+00 1.281779999999999919e+00 1.167459999999999942e+00 1.079150000000000054e+00 1.026070000000000038e+00
2.198440000000000172e+00 2.103810000000000180e+00 2.010660000000000114e+00 1.919219999999999926e+00 1.829709999999999948e+00 1.742189999999999905e+00 1.656519999999999992e+00 1.572340000000000071e+00 1.489190000000000014e+00 1.406689999999999996e+00 1.325099999999999945e+00 1.245610000000000106e+00 1.171249999999999902e+00 1.107690000000000063e+00 1.059639999999999915e+00 1.026820000000000066e+00
1.413380000000000081e+00 1.379380000000000051e+00 1.346189999999999998e+00 1.313830000000000053e+00 1.282329999999999970e+00 1.251540000000000097e+00 1.221370000000000067e+00 1.191810000000000036e+00 1.163010000000000099e+00 1.135380000000000056e+00 1.109560000000000102e+00 1.086189999999999989e+00 1.065609999999999946e+00 1.047800000000000065e+00 1.033029999999999893e+00 1.021330000000000071e+00
1.976590000000000069e+00 1.898889999999999967e+00 1.822610000000000063e+00 1.747929999999999984e+00 1.674970000000000070e+00 1.603720000000000034e+00 1.533930000000000016e+00 1.465219999999999967e+00 1.397170000000000023e+00 1.329609999999999959e+00 1.263079999999999981e+00 1.199079999999999924e+00 1.140460000000000029e+00 1.090680000000000094e+00 1.052200000000000024e+00 1.024929999999999897e+00
2.199790000000000134e+00 2.106160000000000032e+00 2.013869999999999827e+00 1.923179999999999890e+00 1.834279999999999911e+00 1.747279999999999944e+00 1.662080000000000002e+00 1.578340000000000076e+00 1.495519999999999960e+00 1.413229999999999986e+00 1.331460000000000088e+00 1.251130000000000075e+00 1.174909999999999899e+00 1.108710000000000084e+00 1.058389999999999942e+00 1.025369999999999893e+00
2.895620000000000083e+00 2.750869999999999926e+00 2.607689999999999841e+00 2.466390000000000082e+00 2.327329999999999899e+00 2.190789999999999793e+00 2.056799999999999962e+00 1.925259999999999971e+00 1.795639999999999903e+00 1.667170000000000041e+00 1.539309999999999956e+00 1.412199999999999900e+00 1.287250000000000005e+00 1.170220000000000038e+00 1.079870000000000108e+00 1.025449999999999973e+00
1.388589999999999991e+00 1.356049999999999978e+00 1.324449999999999905e+00 1.293900000000000050e+00 1.264450000000000074e+00 1.236099999999999977e+00 1.208769999999999900e+00 1.182379999999999987e+00 1.156889999999999974e+00 1.132419999999999982e+00 1.109329999999999927e+00 1.087930000000000064e+00 1.068389999999999951e+00 1.050699999999999967e+00 1.035600000000000076e+00 1.024420000000000108e+00
4.410610000000000142e+00 4.150109999999999744e+00 3.892230000000000079e+00 3.637480000000000047e+00 3.386470000000000091e+00 3.139829999999999899e+00 2.897850000000000037e+00 2.660730000000000040e+00 2.428110000000000213e+00 2.199040000000000106e+00 1.972609999999999975e+00 1.748490000000000100e+00 1.526920000000000055e+00 1.311579999999999968e+00 1.135010000000000074e+00 1.029109999999999969e+00
2.171590000000000131e+00 2.079330000000000123e+00 1.988529999999999909e+00 1.899420000000000108e+00 1.812210000000000099e+00 1.727039999999999909e+00 1.643799999999999928e+00 1.562279999999999891e+00 1.481959999999999944e+00 1.402360000000000051e+00 1.323499999999999899e+00 1.246220000000000105e+00 1.172760000000000025e+00 1.107620000000000049e+00 1.057250000000000023e+00 1.023900000000000032e+00
1.257330000000000059e+00 1.235899999999999999e+00 1.215160000000000018e+00 1.195140000000000091e+00 1.175850000000000062e+00 1.157299999999999995e+00 1.139450000000000074e+00 1.122319999999999984e+00 1.105960000000000054e+00 1.090459999999999985e+00 1.075979999999999936e+00 1.062599999999999989e+00 1.050389999999999935e+00 1.039349999999999996e+00 1.029679999999999929e+00 1.021789999999999976e+00
3.180359999999999854e+00 3.011730000000000018e+00 2.845439999999999969e+00 2.681909999999999794e+00 2.521590000000000220e+00 2.364720000000000155e+00 2.211209999999999898e+00 2.060630000000000184e+00 1.912099999999999911e+00 1.764550000000000063e+00 1.617450000000000054e+00 1.471279999999999921e+00 1.327960000000000029e+00 1.194590000000000041e+00 1.090899999999999981e+00 1.025640000000000107e+00
4.199959999999999916e+00 3.952360000000000095e+00 3.707969999999999988e+00 3.467330000000000023e+00 3.231170000000000098e+00 3.000039999999999818e+00 2.774259999999999948e+00 2.553710000000000147e+00 2.337689999999999824e+00 2.124839999999999840e+00 1.914029999999999898e+00 1.704900000000000082e+00 1.497849999999999904e+00 1.296570000000000000e+00 1.130090000000000039e+00 1.027330000000000076e+00
4.144689999999999763e+00 3.903680000000000039e+00 3.665249999999999897e+00 3.429910000000000014e+00 3.198249999999999815e+00 2.970829999999999860e+00 2.747949999999999893e+00 2.529809999999999892e+00 2.315869999999999873e+00 2.105220000000000091e+00 1.896730000000000027e+00 1.689869999999999983e+00 1.484809999999999963e+00 1.286249999999999893e+00 1.125389999999999890e+00 1.028280000000000083e+00
2.147250000000000103e+00 2.055180000000000007e+00 1.964830000000000076e+00 1.876419999999999977e+00 1.790119999999999933e+00 1.705910000000000037e+00 1.623609999999999998e+00 1.542820000000000080e+00 1.463009999999999922e+00 1.383869999999999933e+00 1.305590000000000028e+00 1.229489999999999972e+00 1.158819999999999961e+00 1.098829999999999973e+00 1.052789999999999893e+00 1.020080000000000098e+00
2.328359999999999985e+00 2.224479999999999791e+00 2.122069999999999901e+00 2.021409999999999929e+00 1.922749999999999959e+00 1.826279999999999903e+00 1.731919999999999904e+00 1.639510000000000023e+00 1.548519999999999897e+00 1.458420000000000050e+00 1.369040000000000035e+00 1.281109999999999971e+00 1.196970000000000089e+00 1.122749999999999915e+00 1.066480000000000095e+00 1.029190000000000049e+00
1.080440000000000067e+00 1.076100000000000056e+00 1.071960000000000024e+00 1.068009999999999904e+00 1.064210000000000100e+00 1.060529999999999973e+00 1.056899999999999951e+00 1.053260000000000085e+00 1.049569999999999892e+00 1.045840000000000103e+00 1.042100000000000026e+00 1.038419999999999899e+00 1.034839999999999982e+00 1.031420000000000003e+00 1.028329999999999966e+00 1.025879999999999903e+00
1.165680000000000049e+00 1.152640000000000109e+00 1.140190000000000037e+00 1.128349999999999964e+00 1.117099999999999982e+00 1.106389999999999985e+00 1.096160000000000023e+00 1.086300000000000043e+00 1.076719999999999899e+00 1.067439999999999944e+00 1.058489999999999931e+00 1.049909999999999899e+00 1.041760000000000019e+00 1.034240000000000048e+00 1.027760000000000007e+00 1.022410000000000041e+00
1.148819999999999952e+00 1.137450000000000072e+00 1.126649999999999929e+00 1.116440000000000099e+00 1.106829999999999981e+00 1.097720000000000029e+00 1.089040000000000008e+00 1.080650000000000110e+00 1.072459999999999969e+00 1.064449999999999896e+00 1.056629999999999958e+00 1.049050000000000038e+00 1.041779999999999928e+00 1.035120000000000040e+00 1.029490000000000016e+00 1.024999999999999911e+00
1.610780000000000101e+00 1.560910000000000020e+00 1.512150000000000105e+00 1.464620000000000033e+00 1.418360000000000065e+00 1.373320000000000096e+00 1.329309999999999992e+00 1.286129999999999995e+00 1.243630000000000013e+00 1.201969999999999983e+00 1.161869999999999958e+00 1.124679999999999902e+00 1.091720000000000024e+00 1.063330000000000108e+00 1.040070000000000050e+00 1.022799999999999931e+00
1.968220000000000081e+00 1.890879999999999894e+00 1.814629999999999965e+00 1.739700000000000024e+00 1.666349999999999998e+00 1.594799999999999995e+00 1.525060000000000082e+00 1.456990000000000007e+00 1.390169999999999906e+00 1.324170000000000069e+00 1.258930000000000105e+00 1.195429999999999993e+00 1.136379999999999946e+00 1.086279999999999912e+00 1.047849999999999948e+00 1.022059999999999969e+00
1.268010000000000081e+00 1.245090000000000030e+00 1.222990000000000022e+00 1.201759999999999939e+00 1.181470000000000020e+00 1.162099999999999911e+00 1.143659999999999899e+00 1.126039999999999930e+00 1.109150000000000080e+00 1.092989999999999906e+00 1.077700000000000102e+00 1.063379999999999992e+00 1.050100000000000033e+00 1.037800000000000056e+00 1.027120000000000033e+00 1.019239999999999924e+00
2.516140000000000043e+00 2.399239999999999817e+00 2.283739999999999881e+00 2.169900000000000162e+00 2.058059999999999778e+00 1.948450000000000015e+00 1.841159999999999908e+00 1.735929999999999973e+00 1.632090000000000041e+00 1.528810000000000002e+00 1.425629999999999953e+00 1.322980000000000045e+00 1.222860000000000058e+00 1.132200000000000095e+00 1.064429999999999987e+00 1.022659999999999902e+00
3.309349999999999792e+00 3.133659999999999890e+00 2.959459999999999980e+00 2.787059999999999871e+00 2.616890000000000160e+00 2.449469999999999814e+00 2.285260000000000069e+00 2.124559999999999782e+00 1.967160000000000020e+00 1.812149999999999928e+00 1.658460000000000045e+00 1.505609999999999893e+00 1.354170000000000096e+00 1.208329999999999904e+00 1.090600000000000014e+00 1.023269999999999902e+00
1.072410000000000085e+00 1.068429999999999991e+00 1.064659999999999940e+00 1.061069999999999958e+00 1.057630000000000070e+00 1.054319999999999924e+00 1.051080000000000014e+00 1.047889999999999988e+00 1.044680000000000053e+00 1.041439999999999921e+00 1.038180000000000103e+00 1.034929999999999906e+00 1.031740000000000101e+00 1.028669999999999973e+00 1.025840000000000085e+00 1.023390000000000022e+00
2.577620000000000022e+00 2.455940000000000012e+00 2.335589999999999833e+00 2.216829999999999856e+00 2.100029999999999841e+00 1.985649999999999915e+00 1.874000000000000110e+00 1.765190000000000037e+00 1.658709999999999907e+00 1.553590000000000027e+00 1.449009999999999909e+00 1.345210000000000017e+00 1.243549999999999933e+00 1.148910000000000098e+00 1.073879999999999946e+00 1.027689999999999992e+00
4.893390000000000128e+00 4.597470000000000390e+00 4.304090000000000416e+00 4.013709999999999667e+00 3.726999999999999869e+00 3.444890000000000008e+00 3.168169999999999931e+00 2.897590000000000110e+00 2.633309999999999818e+00 2.374480000000000146e+00 2.119400000000000173e+00 1.866740000000000066e+00 1.615799999999999903e+00 1.367839999999999945e+00 1.151659999999999906e+00 1.026240000000000041e+00
2.899579999999999824e+00 2.752949999999999786e+00 2.607850000000000001e+00 2.464539999999999953e+00 2.323459999999999859e+00 2.185080000000000133e+00 2.049700000000000077e+00 1.917419999999999902e+00 1.787749999999999950e+00 1.659739999999999993e+00 1.532489999999999908e+00 1.406029999999999891e+00 1.281549999999999967e+00 1.165229999999999988e+00 1.076489999999999947e+00 1.022550000000000070e+00
1.247000000000000108e+00 1.225440000000000085e+00 1.204690000000000039e+00 1.184800000000000075e+00 1.165890000000000093e+00 1.147990000000000066e+00 1.131050000000000111e+00 1.114999999999999991e+00 1.099779999999999980e+00 1.085269999999999957e+00 1.071479999999999988e+00 1.058489999999999931e+00 1.046389999999999931e+00 1.035260000000000069e+00 1.025640000000000107e+00 1.018420000000000103e+00
5.161430000000000184e+00 4.844240000000000101e+00 4.529650000000000176e+00 4.218049999999999855e+00 3.910210000000000186e+00 3.607019999999999893e+00 3.309460000000000068e+00 3.018530000000000157e+00 2.734659999999999869e+00 2.457170000000000076e+00 2.184750000000000192e+00 1.916460000000000052e+00 1.651580000000000048e+00 1.390879999999999894e+00 1.162449999999999983e+00 1.028680000000000039e+00
1.872659999999999991e+00 1.801819999999999977e+00 1.732380000000000031e+00 1.664460000000000051e+00 1.598139999999999894e+00 1.533369999999999900e+00 1.469950000000000090e+00 1.407580000000000053e+00 1.345970000000000111e+00 1.285269999999999913e+00 1.226320000000000077e+00 1.171040000000000081e+00 1.122060000000000057e+00 1.080899999999999972e+00 1.048110000000000097e+00 1.023309999999999942e+00
2.333759999999999835e+00 2.228940000000000143e+00 2.125399999999999956e+00 2.023340000000000138e+00 1.923110000000000097e+00 1.825059999999999905e+00 1.729400000000000048e+00 1.636120000000000019e+00 1.544810000000000016e+00 1.454809999999999937e+00 1.365639999999999965e+00 1.277660000000000018e+00 1.192809999999999926e+00 1.116800000000000015e+00 1.058280000000000109e+00 1.021090000000000053e+00
1.537690000000000001e+00 1.493519999999999959e+00 1.450450000000000017e+00 1.408519999999999994e+00 1.367769999999999930e+00 1.328130000000000033e+00 1.289500000000000091e+00 1.251719999999999944e+00 1.214749999999999996e+00 1.178870000000000084e+00 1.144789999999999974e+00 1.113399999999999945e+00 1.085439999999999960e+00 1.061039999999999983e+00 1.040519999999999889e+00 1.024550000000000072e+00
3.322740000000000027e+00 3.142529999999999824e+00 2.964230000000000143e+00 2.788229999999999986e+00 2.615009999999999835e+00 2.445260000000000211e+00 2.279440000000000133e+00 2.117809999999999970e+00 1.959950000000000081e+00 1.804810000000000025e+00 1.651289999999999925e+00 1.499109999999999943e+00 1.349210000000000020e+00 1.207500000000000018e+00 1.096139999999999892e+00 1.027609999999999912e+00
1.095010000000000039e+00 1.088759999999999950e+00 1.082880000000000065e+00 1.077360000000000095e+00 1.072160000000000002e+00 1.067260000000000097e+00 1.062580000000000080e+00 1.058040000000000092e+00 1.053520000000000012e+00 1.048980000000000024e+00 1.044429999999999970e+00 1.039900000000000047e+00 1.035439999999999916e+00 1.031109999999999971e+00 1.027139999999999942e+00 1.023849999999999927e+00
2.638059999999999850e+00 2.511400000000000077e+00 2.386210000000000164e+00 2.262799999999999923e+00 2.141519999999999868e+00 2.022699999999999942e+00 1.906479999999999952e+00 1.792710000000000026e+00 1.680860000000000021e+00 1.570219999999999949e+00 1.460309999999999997e+00 1.351339999999999986e+00 1.244799999999999907e+00 1.146379999999999955e+00 1.071280000000000010e+00 1.025039999999999951e+00
1.799129999999999896e+00 1.734979999999999967e+00 1.671929999999999916e+00 1.610170000000000101e+00 1.549889999999999990e+00 1.491190000000000015e+00 1.434050000000000047e+00 1.378190000000000026e+00 1.323159999999999892e+00 1.268780000000000019e+00 1.215379999999999905e+00 1.164190000000000058e+00 1.117620000000000058e+00 1.077849999999999975e+00 1.046389999999999931e+00 1.024799999999999933e+00
1.645389999999999908e+00 1.592659999999999965e+00 1.541039999999999965e+00 1.490609999999999991e+00 1.441419999999999924e+00 1.393420000000000103e+00 1.346449999999999925e+00 1.300310000000000077e+00 1.254839999999999955e+00 1.210269999999999957e+00 1.167370000000000019e+00 1.127669999999999950e+00 1.092850000000000099e+00 1.063649999999999984e+00 1.040459999999999940e+00 1.022899999999999920e+00
2.133630000000000138e+00 2.044290000000000163e+00 1.956309999999999993e+00 1.869899999999999896e+00 1.785269999999999913e+00 1.702490000000000059e+00 1.621459999999999901e+00 1.541849999999999943e+00 1.463109999999999911e+00 1.384800000000000031e+00 1.307080000000000020e+00 1.231190000000000007e+00 1.160139999999999949e+00 1.099080000000000057e+00 1.052980000000000027e+00 1.022299999999999986e+00
2.535950000000000149e+00 2.416450000000000209e+00 2.298140000000000072e+00 2.181259999999999977e+00 2.066180000000000128e+00 1.953300000000000036e+00 1.842899999999999983e+00 1.735079999999999956e+00 1.629559999999999897e+00 1.525630000000000042e+00 1.422760000000000025e+00 1.321120000000000072e+00 1.222539999999999960e+00 1.133499999999999952e+00 1.065350000000000019e+00 1.023209999999999953e+00
2.582920000000000105e+00 2.459499999999999797e+00 2.337499999999999911e+00 2.217200000000000060e+00 2.098990000000000133e+00 1.983170000000000099e+00 1.869930000000000092e+00 1.759209999999999940e+00 1.650490000000000013e+00 1.543120000000000047e+00 1.436660000000000048e+00 1.331469999999999931e+00 1.229440000000000088e+00 1.137880000000000003e+00 1.069099999999999939e+00 1.025290000000000035e+00
1.282569999999999988e+00 1.258459999999999912e+00 1.235160000000000036e+00 1.212760000000000060e+00 1.191289999999999960e+00 1.170789999999999997e+00 1.151200000000000001e+00 1.132449999999999957e+00 1.114500000000000046e+00 1.097439999999999971e+00 1.081390000000000073e+00 1.066419999999999924e+00 1.052550000000000097e+00 1.039870000000000072e+00 1.029060000000000086e+00 1.020920000000000050e+00
3.837000000000000188e+00 3.618440000000000101e+00 3.402190000000000047e+00 3.188649999999999984e+00 2.978409999999999780e+00 2.772079999999999878e+00 2.570149999999999935e+00 2.372679999999999900e+00 2.179240000000000066e+00 1.988879999999999981e+00 1.800699999999999967e+00 1.614430000000000032e+00 1.430809999999999915e+00 1.255209999999999937e+00 1.115439999999999987e+00 1.030229999999999979e+00
2.237159999999999815e+00 2.138349999999999973e+00 2.041020000000000056e+00 1.945410000000000084e+00 1.851820000000000022e+00 1.760510000000000019e+00 1.671550000000000091e+00 1.584789999999999921e+00 1.499770000000000048e+00 1.415899999999999936e+00 1.332999999999999963e+00 1.251770000000000049e+00 1.174500000000000099e+00 1.106440000000000090e+00 1.053979999999999917e+00 1.019349999999999978e+00
1.233149999999999968e+00 1.213719999999999910e+00 1.195030000000000037e+00 1.177140000000000075e+00 1.160069999999999935e+00 1.143809999999999993e+00 1.128330000000000055e+00 1.113529999999999909e+00 1.099359999999999893e+00 1.085879999999999956e+00 1.073110000000000008e+00 1.061109999999999998e+00 1.049919999999999964e+00 1.039539999999999909e+00 1.030389999999999917e+00 1.023239999999999927e+00
3.551169999999999938e+00 3.353079999999999838e+00 3.157589999999999897e+00 2.965129999999999821e+00 2.776250000000000107e+00 2.591439999999999966e+00 2.410899999999999821e+00 2.234379999999999811e+00 2.061049999999999827e+00 1.889690000000000092e+00 1.719419999999999948e+00 1.550300000000000011e+00 1.383939999999999948e+00 1.227009999999999934e+00 1.103539999999999965e+00 1.026299999999999990e+00
3.967929999999999957e+00 3.737169999999999881e+00 3.509279999999999955e+00 3.284769999999999968e+00 3.064290000000000180e+00 2.848440000000000083e+00 2.637610000000000010e+00 2.431770000000000209e+00 2.230210000000000026e+00 2.031719999999999970e+00 1.835080000000000044e+00 1.639820000000000055e+00 1.446490000000000054e+00 1.259789999999999965e+00 1.109520000000000062e+00 1.019179999999999975e+00
4.667379999999999640e+00 4.389039999999999608e+00 4.112969999999999793e+00 3.839589999999999836e+00 3.569500000000000117e+00 3.303510000000000169e+00 3.042349999999999888e+00 2.786680000000000046e+00 2.536579999999999835e+00 2.291249999999999787e+00 2.049450000000000216e+00 1.810279999999999889e+00 1.573420000000000041e+00 1.340729999999999977e+00 1.140579999999999927e+00 1.025470000000000104e+00
2.400290000000000035e+00 2.287920000000000176e+00 2.177259999999999973e+00 2.068610000000000060e+00 1.962329999999999908e+00 1.858789999999999942e+00 1.758099999999999996e+00 1.660090000000000066e+00 1.564230000000000009e+00 1.469819999999999904e+00 1.376479999999999926e+00 1.284810000000000008e+00 1.197359999999999980e+00 1.121080000000000076e+00 1.062550000000000106e+00 1.022469999999999990e+00
2.379610000000000003e+00 2.270960000000000090e+00 2.163600000000000190e+00 2.057799999999999851e+00 1.953869999999999996e+00 1.852190000000000003e+00 1.752939999999999943e+00 1.656109999999999971e+00 1.561299999999999910e+00 1.467759999999999954e+00 1.374949999999999894e+00 1.283290000000000042e+00 1.195149999999999935e+00 1.117490000000000094e+00 1.058389999999999942e+00 1.020550000000000068e+00
1.155200000000000005e+00 1.143459999999999921e+00 1.132260000000000044e+00 1.121599999999999930e+00 1.111499999999999932e+00 1.101900000000000102e+00 1.092689999999999939e+00 1.083779999999999966e+00 1.075099999999999945e+00 1.066619999999999902e+00 1.058410000000000073e+00 1.050559999999999938e+00 1.043150000000000022e+00 1.036229999999999984e+00 1.030129999999999990e+00 1.025300000000000100e+00
1.407720000000000082e+00 1.373620000000000063e+00 1.340479999999999894e+00 1.308370000000000033e+00 1.277390000000000025e+00 1.247560000000000002e+00 1.218809999999999949e+00 1.191040000000000099e+00 1.164150000000000018e+00 1.138260000000000050e+00 1.113809999999999967e+00 1.091299999999999937e+00 1.070940000000000003e+00 1.052799999999999958e+00 1.037490000000000023e+00 1.025660000000000016e+00
1.194290000000000074e+00 1.178260000000000085e+00 1.162879999999999914e+00 1.148200000000000109e+00 1.134269999999999889e+00 1.121099999999999985e+00 1.108619999999999939e+00 1.096740000000000048e+00 1.085380000000000011e+00 1.074459999999999971e+00 1.063960000000000017e+00 1.053919999999999968e+00 1.044399999999999995e+00 1.035690000000000000e+00 1.028489999999999904e+00 1.022899999999999920e+00
2.077210000000000001e+00 1.990429999999999922e+00 1.905140000000000056e+00 1.821560000000000068e+00 1.739900000000000002e+00 1.660309999999999953e+00 1.582740000000000036e+00 1.506920000000000037e+00 1.432369999999999921e+00 1.358810000000000073e+00 1.286589999999999900e+00 1.217130000000000045e+00 1.153210000000000068e+00 1.098670000000000035e+00 1.056219999999999937e+00 1.026129999999999987e+00
