4.711660000000000181e+00 2.953949999999999854e+00 3.057599999999999874e+00 2.825039999999999996e+00 3.077710000000000168e+00 2.577469999999999928e+00 2.752099999999999991e+00 2.134370000000000100e+00 2.486209999999999809e+00 2.159990000000000077e+00 2.192600000000000104e+00
1.795749999999999957e+00 1.811549999999999994e+00 1.738150000000000084e+00 1.648209999999999953e+00 1.671189999999999953e+00 1.657370000000000010e+00 1.602260000000000018e+00 1.430390000000000050e+00 1.617960000000000065e+00 1.530040000000000067e+00 1.587369999999999948e+00
4.952619999999999578e+00 4.681519999999999904e+00 3.008490000000000109e+00 3.617480000000000029e+00 2.435729999999999951e+00 3.274129999999999985e+00 3.458309999999999995e+00 2.677500000000000213e+00 3.012439999999999785e+00 2.586500000000000021e+00 2.706539999999999946e+00
2.389769999999999950e+00 3.816279999999999895e+00 3.572869999999999990e+00 2.705569999999999808e+00 3.662249999999999783e+00 3.326849999999999863e+00 3.180149999999999810e+00 2.322779999999999845e+00 3.009959999999999969e+00 2.300520000000000120e+00 2.600789999999999935e+00
1.830279999999999907e+00 1.796950000000000047e+00 1.734250000000000069e+00 1.680250000000000021e+00 1.691410000000000080e+00 1.652179999999999982e+00 1.614249999999999963e+00 1.425189999999999957e+00 1.618449999999999944e+00 1.523879999999999901e+00 1.589460000000000095e+00
5.143489999999999895e+00 3.698300000000000143e+00 3.231279999999999930e+00 3.097010000000000041e+00 2.203590000000000160e+00 2.780670000000000197e+00 2.756330000000000169e+00 2.056880000000000042e+00 2.777340000000000142e+00 2.160620000000000207e+00 2.290610000000000035e+00
7.616319999999999979e+00 5.412340000000000373e+00 3.621410000000000018e+00 4.864320000000000199e+00 5.577280000000000015e+00 3.292870000000000186e+00 4.646620000000000417e+00 3.168530000000000069e+00 4.163219999999999921e+00 3.094850000000000101e+00 2.095660000000000078e+00
5.214760000000000062e+00 3.571979999999999933e+00 3.270779999999999799e+00 3.126360000000000028e+00 3.172000000000000153e+00 2.746950000000000003e+00 1.892560000000000020e+00 2.184089999999999865e+00 2.643330000000000179e+00 2.241690000000000182e+00 2.344580000000000108e+00
2.016309999999999825e+00 2.003229999999999844e+00 1.929100000000000037e+00 1.856459999999999999e+00 1.939019999999999966e+00 1.818519999999999914e+00 1.745770000000000044e+00 1.530180000000000096e+00 1.760739999999999972e+00 1.616540000000000088e+00 1.670970000000000066e+00
7.606600000000000250e+00 6.656130000000000102e+00 5.770330000000000403e+00 4.619299999999999962e+00 5.654869999999999841e+00 4.265769999999999840e+00 3.048610000000000042e+00 3.007600000000000051e+00 4.060819999999999652e+00 2.596140000000000114e+00 2.153119999999999923e+00
3.143289999999999917e+00 2.922699999999999854e+00 2.698100000000000165e+00 2.599099999999999966e+00 2.640080000000000204e+00 2.342369999999999841e+00 2.434930000000000039e+00 1.749589999999999979e+00 2.166150000000000020e+00 1.917130000000000001e+00 2.039750000000000174e+00
3.294770000000000199e+00 3.011200000000000099e+00 2.799059999999999881e+00 2.581469999999999931e+00 2.720880000000000187e+00 2.452890000000000015e+00 2.332170000000000076e+00 1.947699999999999987e+00 2.319570000000000132e+00 1.986339999999999995e+00 2.038139999999999841e+00
2.755129999999999857e+00 2.611190000000000122e+00 2.387900000000000134e+00 2.177189999999999959e+00 2.257639999999999869e+00 2.131209999999999827e+00 2.164680000000000160e+00 1.673470000000000013e+00 2.017580000000000151e+00 1.844270000000000076e+00 1.903329999999999966e+00
6.065940000000000332e+00 2.938019999999999854e+00 3.848939999999999806e+00 2.625529999999999919e+00 3.949040000000000106e+00 2.521780000000000133e+00 3.511649999999999938e+00 2.868879999999999875e+00 3.028280000000000083e+00 2.523940000000000072e+00 2.733080000000000176e+00
1.703610000000000069e+00 1.691230000000000011e+00 1.645199999999999996e+00 1.598640000000000061e+00 1.626959999999999962e+00 1.583790000000000031e+00 1.551879999999999926e+00 1.381510000000000016e+00 1.568519999999999914e+00 1.484949999999999992e+00 1.553819999999999979e+00
3.338540000000000063e+00 3.265719999999999956e+00 2.968360000000000110e+00 2.710210000000000008e+00 2.640140000000000153e+00 2.609269999999999978e+00 2.446400000000000130e+00 1.897240000000000038e+00 2.374000000000000110e+00 1.983139999999999903e+00 2.168449999999999989e+00
2.414769999999999861e+00 3.881110000000000060e+00 3.430000000000000160e+00 2.528849999999999820e+00 3.203850000000000087e+00 2.920879999999999921e+00 3.088029999999999831e+00 2.324399999999999800e+00 2.740889999999999826e+00 2.279689999999999994e+00 2.449279999999999902e+00
2.723599999999999799e+00 2.602609999999999868e+00 2.332969999999999988e+00 2.284569999999999990e+00 2.335440000000000182e+00 2.132569999999999855e+00 2.139380000000000059e+00 1.750599999999999934e+00 1.987579999999999902e+00 1.839790000000000036e+00 1.895839999999999970e+00
3.526320000000000121e+00 3.330070000000000086e+00 2.992529999999999912e+00 2.753109999999999946e+00 2.903119999999999923e+00 2.646450000000000191e+00 2.743879999999999875e+00 1.954120000000000079e+00 2.422010000000000218e+00 2.155679999999999819e+00 2.222669999999999924e+00
2.275500000000000078e+00 3.506709999999999994e+00 3.384349999999999969e+00 3.072239999999999860e+00 3.336790000000000145e+00 2.941920000000000091e+00 1.836529999999999996e+00 2.117300000000000182e+00 2.712889999999999802e+00 2.218580000000000219e+00 2.305860000000000021e+00
2.542990000000000084e+00 4.189370000000000260e+00 3.645910000000000206e+00 2.628070000000000128e+00 3.351389999999999869e+00 2.966950000000000198e+00 3.149709999999999788e+00 2.473259999999999792e+00 2.933910000000000018e+00 2.410289999999999822e+00 2.577069999999999972e+00
1.999670000000000059e+00 2.038060000000000205e+00 1.931769999999999987e+00 1.835860000000000047e+00 1.868519999999999959e+00 1.808410000000000073e+00 1.735970000000000013e+00 1.523290000000000033e+00 1.737239999999999895e+00 1.612950000000000106e+00 1.673780000000000046e+00
6.531869999999999621e+00 5.851219999999999644e+00 5.275100000000000122e+00 5.106150000000000411e+00 3.521419999999999995e+00 4.585139999999999993e+00 2.938099999999999934e+00 3.128859999999999975e+00 3.873120000000000118e+00 2.577379999999999782e+00 3.575740000000000141e+00
2.306210000000000093e+00 3.466559999999999864e+00 3.151629999999999932e+00 3.021250000000000213e+00 3.200990000000000002e+00 2.639219999999999899e+00 1.887270000000000003e+00 2.186690000000000023e+00 2.644779999999999909e+00 2.206189999999999873e+00 2.350379999999999914e+00
2.096849999999999881e+00 2.066769999999999996e+00 1.953810000000000047e+00 1.818109999999999893e+00 1.845050000000000079e+00 1.814040000000000097e+00 1.763330000000000064e+00 1.530999999999999917e+00 1.743030000000000079e+00 1.622530000000000028e+00 1.683119999999999949e+00
4.681820000000000093e+00 4.335860000000000269e+00 2.501110000000000166e+00 3.582170000000000076e+00 3.581609999999999960e+00 2.575480000000000214e+00 3.409209999999999852e+00 2.270550000000000068e+00 2.074829999999999952e+00 2.258270000000000000e+00 2.784819999999999851e+00
5.374419999999999753e+00 5.178239999999999732e+00 4.603279999999999816e+00 2.814799999999999969e+00 2.809600000000000097e+00 3.509030000000000094e+00 3.912220000000000031e+00 2.937429999999999986e+00 3.468589999999999840e+00 2.731869999999999798e+00 3.087260000000000115e+00
4.859270000000000422e+00 4.150439999999999685e+00 4.314300000000000246e+00 4.566189999999999749e+00 6.430030000000000356e+00 3.305229999999999890e+00 5.203700000000000436e+00 3.115850000000000009e+00 4.315140000000000420e+00 2.847329999999999917e+00 3.854109999999999925e+00
2.787199999999999900e+00 2.606759999999999966e+00 3.984500000000000153e+00 3.743250000000000188e+00 5.031019999999999825e+00 3.014899999999999913e+00 3.340749999999999886e+00 2.465749999999999886e+00 2.942050000000000054e+00 2.532280000000000086e+00 2.706300000000000150e+00
2.386800000000000033e+00 3.926089999999999858e+00 2.490479999999999805e+00 3.342560000000000198e+00 3.609300000000000175e+00 3.140470000000000095e+00 3.117239999999999789e+00 2.395239999999999814e+00 2.947750000000000092e+00 2.327300000000000146e+00 2.585630000000000095e+00
1.762499999999999956e+00 1.754320000000000102e+00 1.695389999999999953e+00 1.618579999999999908e+00 1.648959999999999981e+00 1.617380000000000040e+00 1.573930000000000051e+00 1.410519999999999996e+00 1.593730000000000091e+00 1.511120000000000019e+00 1.567770000000000108e+00
2.205940000000000012e+00 2.052859999999999907e+00 2.028550000000000075e+00 1.928060000000000107e+00 1.985640000000000072e+00 1.861629999999999896e+00 1.797889999999999988e+00 1.556319999999999926e+00 1.783349999999999991e+00 1.649399999999999977e+00 1.701950000000000074e+00
1.965680000000000094e+00 1.875569999999999959e+00 1.968930000000000069e+00 1.880489999999999995e+00 2.082160000000000011e+00 1.839229999999999920e+00 1.764950000000000019e+00 1.513830000000000009e+00 1.766159999999999952e+00 1.619860000000000078e+00 1.678239999999999954e+00
2.982730000000000103e+00 2.851240000000000219e+00 2.716029999999999944e+00 2.463420000000000165e+00 2.603619999999999823e+00 2.342569999999999819e+00 2.350249999999999950e+00 1.793430000000000080e+00 2.230869999999999909e+00 1.949659999999999949e+00 2.029959999999999987e+00
3.220429999999999904e+00 2.825140000000000207e+00 2.853450000000000042e+00 2.698890000000000011e+00 2.702080000000000037e+00 2.258919999999999817e+00 2.322029999999999816e+00 1.805849999999999955e+00 2.181700000000000195e+00 1.922549999999999981e+00 2.029760000000000009e+00
1.840510000000000090e+00 1.821139999999999981e+00 1.712560000000000082e+00 1.658609999999999918e+00 1.735149999999999970e+00 1.652130000000000098e+00 1.594419999999999948e+00 1.428679999999999950e+00 1.661470000000000002e+00 1.536529999999999951e+00 1.569469999999999921e+00
4.864819999999999922e+00 4.400159999999999627e+00 4.321180000000000021e+00 3.739559999999999995e+00 4.039340000000000153e+00 2.577580000000000204e+00 3.410899999999999821e+00 2.449469999999999814e+00 3.199320000000000164e+00 2.600060000000000038e+00 2.821989999999999998e+00
4.938600000000000101e+00 2.867949999999999999e+00 2.745550000000000157e+00 3.885400000000000187e+00 3.532259999999999955e+00 2.842499999999999805e+00 2.285620000000000207e+00 2.191329999999999778e+00 3.008710000000000218e+00 2.661389999999999922e+00 2.725550000000000139e+00
1.631890000000000063e+00 1.633690000000000087e+00 1.577029999999999932e+00 1.562680000000000069e+00 1.581550000000000011e+00 1.516629999999999923e+00 1.506229999999999958e+00 1.358219999999999983e+00 1.527490000000000014e+00 1.464050000000000074e+00 1.523889999999999967e+00
5.300200000000000244e+00 4.209649999999999892e+00 2.971020000000000216e+00 4.302880000000000038e+00 4.388010000000000410e+00 3.254869999999999930e+00 3.827570000000000139e+00 2.628070000000000128e+00 2.915979999999999794e+00 2.327409999999999979e+00 2.746970000000000134e+00
5.447589999999999932e+00 7.157250000000000334e+00 6.646160000000000068e+00 6.152680000000000149e+00 7.335169999999999746e+00 3.829460000000000086e+00 3.636350000000000193e+00 3.267710000000000115e+00 3.046809999999999796e+00 1.276019999999999932e+00 3.924850000000000172e+00
2.699009999999999909e+00 3.818620000000000125e+00 4.002749999999999808e+00 3.741509999999999891e+00 3.785600000000000076e+00 2.961479999999999890e+00 3.275100000000000122e+00 1.938919999999999977e+00 1.845779999999999976e+00 2.458619999999999806e+00 2.553100000000000147e+00
1.802950000000000053e+00 1.788110000000000088e+00 1.702050000000000063e+00 1.664260000000000073e+00 1.690399999999999903e+00 1.602190000000000003e+00 1.586859999999999937e+00 1.418230000000000102e+00 1.614479999999999915e+00 1.521090000000000053e+00 1.566449999999999898e+00
9.207539999999999836e+00 4.932690000000000019e+00 8.036220000000000141e+00 7.503860000000000419e+00 7.752799999999999692e+00 4.452359999999999651e+00 6.304820000000000313e+00 3.678780000000000161e+00 3.360920000000000130e+00 3.892370000000000108e+00 2.677150000000000141e+00
5.396069999999999922e+00 3.691440000000000055e+00 3.817070000000000185e+00 3.437240000000000073e+00 3.340380000000000127e+00 2.898989999999999956e+00 3.064239999999999853e+00 2.163170000000000037e+00 2.840819999999999901e+00 2.423999999999999932e+00 2.524540000000000006e+00
4.622639999999999638e+00 2.842309999999999892e+00 2.798290000000000166e+00 2.828380000000000116e+00 2.773590000000000000e+00 2.323440000000000172e+00 2.550219999999999931e+00 1.895070000000000032e+00 2.233979999999999855e+00 2.065339999999999954e+00 2.071239999999999970e+00
3.068080000000000140e+00 2.784510000000000041e+00 2.482839999999999936e+00 2.371999999999999886e+00 2.553650000000000198e+00 2.274239999999999817e+00 2.240580000000000016e+00 1.825700000000000101e+00 2.226150000000000073e+00 1.901850000000000041e+00 1.932269999999999932e+00
4.662230000000000096e+00 3.077139999999999986e+00 4.968530000000000335e+00 4.481239999999999668e+00 4.529420000000000002e+00 2.609440000000000204e+00 2.414969999999999839e+00 2.250950000000000006e+00 3.192769999999999886e+00 2.707790000000000141e+00 1.858449999999999935e+00
1.784790000000000099e+00 1.767870000000000053e+00 1.677769999999999984e+00 1.671200000000000019e+00 1.653739999999999988e+00 1.577939999999999898e+00 1.592659999999999965e+00 1.416309999999999958e+00 1.588219999999999965e+00 1.516920000000000046e+00 1.558140000000000081e+00
2.873759999999999870e+00 2.870540000000000092e+00 2.578390000000000182e+00 2.477590000000000181e+00 2.581840000000000135e+00 2.333140000000000214e+00 2.318280000000000118e+00 1.803569999999999895e+00 2.189080000000000137e+00 1.971959999999999935e+00 2.019810000000000105e+00
4.039679999999999715e+00 3.580960000000000143e+00 3.334049999999999958e+00 2.347529999999999895e+00 3.280320000000000125e+00 2.795729999999999826e+00 2.815339999999999954e+00 2.223949999999999871e+00 2.736089999999999911e+00 2.307980000000000143e+00 2.356479999999999908e+00
5.922939999999999650e+00 2.576849999999999863e+00 4.416750000000000398e+00 3.684499999999999886e+00 3.754739999999999966e+00 2.460490000000000066e+00 3.422649999999999970e+00 2.295630000000000059e+00 3.077090000000000103e+00 2.531930000000000014e+00 2.742140000000000022e+00
5.486509999999999998e+00 3.828180000000000138e+00 4.102909999999999613e+00 3.436920000000000197e+00 2.523239999999999927e+00 3.104249999999999954e+00 2.081310000000000215e+00 2.242620000000000058e+00 2.933910000000000018e+00 2.509009999999999962e+00 2.608290000000000219e+00
2.706809999999999938e+00 3.312710000000000043e+00 3.606050000000000200e+00 3.601360000000000117e+00 3.484150000000000080e+00 2.950250000000000039e+00 3.207699999999999996e+00 2.296619999999999884e+00 2.762840000000000185e+00 2.490270000000000206e+00 2.477160000000000029e+00
5.352829999999999977e+00 4.079979999999999940e+00 2.615429999999999922e+00 2.785759999999999792e+00 4.022800000000000153e+00 3.248540000000000205e+00 3.443130000000000024e+00 2.362119999999999997e+00 1.963649999999999896e+00 2.576909999999999812e+00 2.705859999999999932e+00
1.872090000000000032e+00 1.859029999999999960e+00 1.779779999999999918e+00 1.725629999999999997e+00 1.758399999999999963e+00 1.663650000000000073e+00 1.640490000000000004e+00 1.447359999999999980e+00 1.637429999999999941e+00 1.543709999999999916e+00 1.603599999999999914e+00
3.629859999999999864e+00 3.526359999999999939e+00 4.981679999999999886e+00 4.339140000000000441e+00 5.745669999999999611e+00 3.627229999999999954e+00 3.932189999999999852e+00 2.687500000000000000e+00 3.540929999999999911e+00 2.888889999999999958e+00 3.192639999999999922e+00
3.554380000000000095e+00 3.216320000000000068e+00 2.772679999999999811e+00 2.432859999999999800e+00 2.676569999999999894e+00 2.451909999999999812e+00 2.459090000000000220e+00 1.918830000000000036e+00 2.424580000000000179e+00 2.049879999999999924e+00 2.130949999999999900e+00
2.404920000000000169e+00 2.302290000000000170e+00 2.092519999999999936e+00 1.999519999999999964e+00 2.140660000000000007e+00 1.972099999999999964e+00 1.899480000000000057e+00 1.578480000000000105e+00 1.946190000000000087e+00 1.727139999999999898e+00 1.738199999999999967e+00
3.666729999999999823e+00 3.345120000000000093e+00 5.136630000000000251e+00 3.102360000000000007e+00 4.653349999999999653e+00 3.821450000000000014e+00 4.051190000000000069e+00 2.407439999999999802e+00 3.530159999999999965e+00 2.925269999999999815e+00 3.184860000000000024e+00
5.685520000000000351e+00 5.579340000000000188e+00 3.456059999999999910e+00 3.315539999999999932e+00 4.908199999999999896e+00 4.082390000000000185e+00 2.663930000000000131e+00 2.463529999999999998e+00 4.121010000000000062e+00 2.644979999999999887e+00 1.978429999999999911e+00
8.641270000000000451e+00 6.609890000000000043e+00 4.912880000000000358e+00 4.519540000000000113e+00 4.447499999999999787e+00 3.961460000000000203e+00 3.594539999999999846e+00 3.306810000000000027e+00 4.586269999999999847e+00 3.258350000000000080e+00 2.437089999999999979e+00
5.356860000000000177e+00 4.652319999999999567e+00 4.733789999999999942e+00 3.837549999999999795e+00 4.293260000000000076e+00 3.322430000000000216e+00 3.406120000000000037e+00 2.660600000000000076e+00 3.057560000000000056e+00 2.736600000000000144e+00 2.848160000000000025e+00
4.861880000000000202e+00 4.377839999999999954e+00 4.036839999999999762e+00 3.570120000000000182e+00 3.856749999999999901e+00 3.142269999999999897e+00 3.224930000000000074e+00 2.537510000000000154e+00 2.886899999999999800e+00 2.416080000000000005e+00 2.690350000000000019e+00
2.050079999999999902e+00 1.974869999999999903e+00 1.913170000000000037e+00 1.804899999999999949e+00 1.893059999999999965e+00 1.758369999999999989e+00 1.718360000000000110e+00 1.505330000000000057e+00 1.734019999999999895e+00 1.607259999999999911e+00 1.648670000000000080e+00
2.465899999999999981e+00 2.327010000000000023e+00 2.182240000000000180e+00 2.151470000000000216e+00 2.169719999999999871e+00 1.946679999999999966e+00 1.957230000000000025e+00 1.611550000000000038e+00 1.859990000000000032e+00 1.746830000000000105e+00 1.779109999999999969e+00
1.997880000000000100e+00 1.958080000000000043e+00 1.893059999999999965e+00 1.820049999999999946e+00 1.852680000000000105e+00 1.713750000000000107e+00 1.716539999999999955e+00 1.500990000000000046e+00 1.696550000000000002e+00 1.580149999999999944e+00 1.630470000000000086e+00
3.847609999999999975e+00 3.409640000000000004e+00 3.275279999999999969e+00 2.913089999999999957e+00 3.086689999999999934e+00 2.662030000000000118e+00 2.727339999999999876e+00 2.130160000000000053e+00 2.540560000000000151e+00 2.143359999999999932e+00 2.263580000000000148e+00
