1.623469999999999969e+00 1.573450000000000015e+00 1.524550000000000072e+00 1.476830000000000087e+00 1.430269999999999930e+00 1.384660000000000002e+00 1.339839999999999920e+00 1.295579999999999954e+00 1.251919999999999922e+00 1.209189999999999987e+00 1.168199999999999905e+00 1.130060000000000064e+00 1.096109999999999918e+00 1.067399999999999904e+00 1.044839999999999991e+00 1.027970000000000050e+00
1.215649999999999897e+00 1.198939999999999895e+00 1.182879999999999932e+00 1.167470000000000008e+00 1.152660000000000018e+00 1.138390000000000013e+00 1.124549999999999939e+00 1.111080000000000068e+00 1.098030000000000062e+00 1.085469999999999935e+00 1.073499999999999899e+00 1.062159999999999993e+00 1.051469999999999905e+00 1.041439999999999921e+00 1.032620000000000093e+00 1.026019999999999932e+00
2.460560000000000080e+00 2.349569999999999936e+00 2.240069999999999784e+00 2.132249999999999979e+00 2.026209999999999845e+00 1.921859999999999902e+00 1.818899999999999961e+00 1.716809999999999947e+00 1.615119999999999889e+00 1.513490000000000002e+00 1.412060000000000093e+00 1.311609999999999943e+00 1.214290000000000092e+00 1.127580000000000027e+00 1.063870000000000093e+00 1.023959999999999981e+00
2.255790000000000184e+00 2.158929999999999794e+00 2.063559999999999839e+00 1.969880000000000075e+00 1.877950000000000008e+00 1.787700000000000067e+00 1.698909999999999920e+00 1.611080000000000068e+00 1.523740000000000094e+00 1.436520000000000019e+00 1.349639999999999951e+00 1.264040000000000052e+00 1.182390000000000052e+00 1.111339999999999995e+00 1.058499999999999996e+00 1.023830000000000018e+00
1.101849999999999996e+00 1.095529999999999893e+00 1.089490000000000069e+00 1.083690000000000042e+00 1.078109999999999902e+00 1.072670000000000012e+00 1.067360000000000086e+00 1.062140000000000084e+00 1.056999999999999940e+00 1.051949999999999941e+00 1.047020000000000062e+00 1.042240000000000055e+00 1.037660000000000027e+00 1.033369999999999900e+00 1.029519999999999991e+00 1.026110000000000078e+00
1.930839999999999890e+00 1.857839999999999936e+00 1.786249999999999893e+00 1.716129999999999933e+00 1.647420000000000107e+00 1.579909999999999926e+00 1.513319999999999999e+00 1.447259999999999991e+00 1.381539999999999990e+00 1.316319999999999935e+00 1.252159999999999940e+00 1.190360000000000085e+00 1.133869999999999933e+00 1.086049999999999960e+00 1.049409999999999954e+00 1.023190000000000044e+00
2.807669999999999888e+00 2.669230000000000214e+00 2.532700000000000173e+00 2.398350000000000204e+00 2.266329999999999956e+00 2.136620000000000186e+00 2.009079999999999977e+00 1.883210000000000051e+00 1.758420000000000094e+00 1.634069999999999911e+00 1.510089999999999932e+00 1.387000000000000011e+00 1.266710000000000003e+00 1.157690000000000108e+00 1.076729999999999965e+00 1.025479999999999947e+00
2.421800000000000175e+00 2.310890000000000111e+00 2.201820000000000110e+00 2.094759999999999955e+00 1.989759999999999973e+00 1.886679999999999913e+00 1.785239999999999938e+00 1.684960000000000013e+00 1.585399999999999920e+00 1.486369999999999969e+00 1.388090000000000046e+00 1.291520000000000001e+00 1.200080000000000036e+00 1.121990000000000043e+00 1.063900000000000068e+00 1.024029999999999996e+00
1.249880000000000102e+00 1.229170000000000096e+00 1.209189999999999987e+00 1.189950000000000063e+00 1.171429999999999971e+00 1.153589999999999893e+00 1.136400000000000077e+00 1.119809999999999972e+00 1.103879999999999972e+00 1.088740000000000041e+00 1.074480000000000102e+00 1.061120000000000063e+00 1.048699999999999966e+00 1.037260000000000071e+00 1.027519999999999989e+00 1.020000000000000018e+00
3.595749999999999780e+00 3.395039999999999836e+00 3.197220000000000173e+00 3.002749999999999808e+00 2.811939999999999884e+00 2.624960000000000182e+00 2.441759999999999931e+00 2.261820000000000164e+00 2.084389999999999965e+00 1.908670000000000089e+00 1.734280000000000044e+00 1.561379999999999990e+00 1.391510000000000025e+00 1.233100000000000085e+00 1.109499999999999931e+00 1.029910000000000103e+00
1.475680000000000103e+00 1.436809999999999921e+00 1.398900000000000032e+00 1.361939999999999928e+00 1.325839999999999907e+00 1.290489999999999915e+00 1.255810000000000093e+00 1.221740000000000048e+00 1.188530000000000086e+00 1.156740000000000101e+00 1.127099999999999991e+00 1.100260000000000016e+00 1.076540000000000052e+00 1.055970000000000075e+00 1.038790000000000102e+00 1.024950000000000028e+00
1.639569999999999972e+00 1.588090000000000002e+00 1.537639999999999896e+00 1.488299999999999956e+00 1.440039999999999987e+00 1.392700000000000049e+00 1.346090000000000009e+00 1.300030000000000019e+00 1.254480000000000040e+00 1.209759999999999946e+00 1.166639999999999899e+00 1.126560000000000006e+00 1.091089999999999893e+00 1.061129999999999907e+00 1.037490000000000023e+00 1.020289999999999919e+00
1.462020000000000097e+00 1.424549999999999983e+00 1.388009999999999966e+00 1.352409999999999890e+00 1.317700000000000093e+00 1.283770000000000078e+00 1.250499999999999945e+00 1.217889999999999917e+00 1.186120000000000063e+00 1.155640000000000001e+00 1.126989999999999936e+00 1.100640000000000063e+00 1.076829999999999954e+00 1.055630000000000068e+00 1.037539999999999907e+00 1.023409999999999931e+00
2.409819999999999851e+00 2.299249999999999794e+00 2.190589999999999815e+00 2.084049999999999958e+00 1.979670000000000041e+00 1.877310000000000034e+00 1.776699999999999946e+00 1.677319999999999922e+00 1.578729999999999967e+00 1.480669999999999931e+00 1.383429999999999938e+00 1.288110000000000088e+00 1.198180000000000023e+00 1.121609999999999996e+00 1.064389999999999947e+00 1.024589999999999890e+00
1.102729999999999988e+00 1.096300000000000052e+00 1.090140000000000109e+00 1.084219999999999962e+00 1.078510000000000080e+00 1.072950000000000070e+00 1.067499999999999893e+00 1.062140000000000084e+00 1.056859999999999911e+00 1.051679999999999948e+00 1.046629999999999949e+00 1.041749999999999954e+00 1.037099999999999911e+00 1.032780000000000031e+00 1.028939999999999966e+00 1.025560000000000027e+00
1.924960000000000004e+00 1.852249999999999952e+00 1.780810000000000004e+00 1.710809999999999942e+00 1.642300000000000093e+00 1.575239999999999974e+00 1.509430000000000049e+00 1.444499999999999895e+00 1.380100000000000104e+00 1.316240000000000077e+00 1.253440000000000110e+00 1.192770000000000108e+00 1.136579999999999924e+00 1.088279999999999914e+00 1.050729999999999942e+00 1.025139999999999940e+00
1.996939999999999937e+00 1.919440000000000035e+00 1.843280000000000030e+00 1.768599999999999950e+00 1.695389999999999953e+00 1.623510000000000009e+00 1.552640000000000020e+00 1.482369999999999965e+00 1.412420000000000009e+00 1.342789999999999928e+00 1.274059999999999970e+00 1.207529999999999992e+00 1.145969999999999933e+00 1.093579999999999997e+00 1.053709999999999924e+00 1.026580000000000048e+00
1.457140000000000102e+00 1.419720000000000093e+00 1.383210000000000051e+00 1.347599999999999909e+00 1.312829999999999941e+00 1.278790000000000093e+00 1.245349999999999957e+00 1.212460000000000093e+00 1.180309999999999970e+00 1.149399999999999977e+00 1.120440000000000103e+00 1.094130000000000047e+00 1.070880000000000054e+00 1.050740000000000007e+00 1.034229999999999983e+00 1.021379999999999955e+00
1.973470000000000057e+00 1.896930000000000005e+00 1.821839999999999904e+00 1.748310000000000031e+00 1.676290000000000058e+00 1.605650000000000022e+00 1.536070000000000046e+00 1.467119999999999980e+00 1.398579999999999934e+00 1.330540000000000056e+00 1.263689999999999980e+00 1.199519999999999920e+00 1.140700000000000047e+00 1.090640000000000054e+00 1.052079999999999904e+00 1.024920000000000053e+00
2.064649999999999874e+00 1.981589999999999963e+00 1.899909999999999988e+00 1.819779999999999953e+00 1.741230000000000055e+00 1.664130000000000109e+00 1.588219999999999965e+00 1.513079999999999981e+00 1.438360000000000083e+00 1.363990000000000036e+00 1.290419999999999900e+00 1.219019999999999992e+00 1.152819999999999956e+00 1.096789999999999932e+00 1.054319999999999924e+00 1.025260000000000060e+00
2.493959999999999955e+00 2.379760000000000097e+00 2.267139999999999933e+00 2.156350000000000211e+00 2.047480000000000189e+00 1.940499999999999892e+00 1.835229999999999917e+00 1.731209999999999916e+00 1.627839999999999954e+00 1.524680000000000035e+00 1.421759999999999913e+00 1.319809999999999928e+00 1.221200000000000063e+00 1.133049999999999891e+00 1.066969999999999974e+00 1.025050000000000017e+00
1.288429999999999964e+00 1.264659999999999895e+00 1.241710000000000091e+00 1.219589999999999952e+00 1.198280000000000012e+00 1.177750000000000075e+00 1.157950000000000035e+00 1.138849999999999918e+00 1.120509999999999895e+00 1.103029999999999955e+00 1.086600000000000010e+00 1.071269999999999945e+00 1.057080000000000020e+00 1.044140000000000068e+00 1.032990000000000075e+00 1.024319999999999897e+00
4.210029999999999717e+00 3.964230000000000143e+00 3.721509999999999874e+00 3.482349999999999834e+00 3.247160000000000046e+00 3.016259999999999941e+00 2.789680000000000160e+00 2.567079999999999806e+00 2.347679999999999989e+00 2.130560000000000009e+00 1.915319999999999911e+00 1.701959999999999917e+00 1.491260000000000030e+00 1.289989999999999970e+00 1.128770000000000051e+00 1.028990000000000071e+00
2.183069999999999844e+00 2.090809999999999835e+00 2.000140000000000029e+00 1.911249999999999893e+00 1.824210000000000109e+00 1.738920000000000021e+00 1.655170000000000030e+00 1.572500000000000009e+00 1.490459999999999896e+00 1.408809999999999896e+00 1.327870000000000106e+00 1.248660000000000103e+00 1.173599999999999977e+00 1.107760000000000078e+00 1.057579999999999965e+00 1.023919999999999941e+00
1.209389999999999965e+00 1.192320000000000046e+00 1.175859999999999905e+00 1.160029999999999895e+00 1.144830000000000014e+00 1.130230000000000068e+00 1.116200000000000081e+00 1.102749999999999897e+00 1.089890000000000025e+00 1.077709999999999946e+00 1.066259999999999986e+00 1.055579999999999963e+00 1.045690000000000008e+00 1.036559999999999926e+00 1.028419999999999890e+00 1.021730000000000027e+00
3.064869999999999983e+00 2.906439999999999912e+00 2.750329999999999941e+00 2.596890000000000143e+00 2.446279999999999788e+00 2.298519999999999897e+00 2.153259999999999952e+00 2.009879999999999889e+00 1.867669999999999941e+00 1.725989999999999913e+00 1.584799999999999986e+00 1.444800000000000084e+00 1.307989999999999986e+00 1.182420000000000027e+00 1.086379999999999901e+00 1.025500000000000078e+00
4.168230000000000324e+00 3.923700000000000188e+00 3.682799999999999851e+00 3.446140000000000203e+00 3.214150000000000063e+00 2.987140000000000128e+00 2.765039999999999942e+00 2.547289999999999832e+00 2.332930000000000170e+00 2.120810000000000084e+00 1.910320000000000018e+00 1.701319999999999943e+00 1.494140000000000024e+00 1.293760000000000021e+00 1.129939999999999944e+00 1.027360000000000051e+00
3.910470000000000113e+00 3.687650000000000095e+00 3.467659999999999965e+00 3.250970000000000137e+00 3.037939999999999863e+00 2.828800000000000203e+00 2.623610000000000220e+00 2.421980000000000022e+00 2.223149999999999959e+00 2.026199999999999779e+00 1.830629999999999979e+00 1.636300000000000088e+00 1.443820000000000103e+00 1.260610000000000008e+00 1.116959999999999953e+00 1.028070000000000039e+00
2.109890000000000043e+00 2.021609999999999907e+00 1.935060000000000002e+00 1.850360000000000005e+00 1.767500000000000071e+00 1.686350000000000016e+00 1.606570000000000054e+00 1.527719999999999967e+00 1.449429999999999996e+00 1.371629999999999905e+00 1.294859999999999900e+00 1.220630000000000104e+00 1.152470000000000105e+00 1.095339999999999980e+00 1.051600000000000090e+00 1.020040000000000058e+00
2.480469999999999953e+00 2.365880000000000205e+00 2.253039999999999932e+00 2.142199999999999882e+00 2.033469999999999889e+00 1.926860000000000017e+00 1.822179999999999911e+00 1.718970000000000109e+00 1.616679999999999895e+00 1.514899999999999913e+00 1.413780000000000037e+00 1.314140000000000086e+00 1.218490000000000073e+00 1.134260000000000046e+00 1.071329999999999893e+00 1.029390000000000027e+00
1.059660000000000046e+00 1.057260000000000089e+00 1.054950000000000054e+00 1.052710000000000035e+00 1.050519999999999898e+00 1.048319999999999919e+00 1.046100000000000030e+00 1.043819999999999970e+00 1.041469999999999896e+00 1.039080000000000004e+00 1.036659999999999915e+00 1.034259999999999957e+00 1.031879999999999908e+00 1.029570000000000096e+00 1.027479999999999949e+00 1.025840000000000085e+00
1.283989999999999965e+00 1.260799999999999921e+00 1.238350000000000062e+00 1.216609999999999969e+00 1.195559999999999956e+00 1.175100000000000033e+00 1.155219999999999914e+00 1.135930000000000106e+00 1.117350000000000065e+00 1.099720000000000031e+00 1.083169999999999966e+00 1.067809999999999926e+00 1.053760000000000030e+00 1.041339999999999932e+00 1.031009999999999982e+00 1.022540000000000004e+00
1.182709999999999928e+00 1.168479999999999963e+00 1.154840000000000089e+00 1.141799999999999926e+00 1.129320000000000102e+00 1.117380000000000040e+00 1.105869999999999909e+00 1.094740000000000046e+00 1.083970000000000100e+00 1.073579999999999979e+00 1.063630000000000075e+00 1.054130000000000011e+00 1.045190000000000063e+00 1.037139999999999951e+00 1.030419999999999892e+00 1.025039999999999951e+00
1.781840000000000090e+00 1.719330000000000025e+00 1.658099999999999907e+00 1.598249999999999948e+00 1.539709999999999912e+00 1.482339999999999991e+00 1.425910000000000011e+00 1.370139999999999914e+00 1.314899999999999958e+00 1.260440000000000005e+00 1.207570000000000032e+00 1.157820000000000071e+00 1.113299999999999956e+00 1.075380000000000003e+00 1.045139999999999958e+00 1.022999999999999909e+00
1.453810000000000047e+00 1.416179999999999994e+00 1.379450000000000065e+00 1.343779999999999974e+00 1.309229999999999894e+00 1.275800000000000045e+00 1.243370000000000086e+00 1.211799999999999988e+00 1.181009999999999893e+00 1.151129999999999987e+00 1.122579999999999911e+00 1.096139999999999892e+00 1.072270000000000056e+00 1.051069999999999949e+00 1.033779999999999921e+00 1.021539999999999893e+00
1.216550000000000020e+00 1.198430000000000106e+00 1.181030000000000024e+00 1.164379999999999971e+00 1.148490000000000011e+00 1.133329999999999949e+00 1.118829999999999991e+00 1.104899999999999993e+00 1.091490000000000071e+00 1.078689999999999927e+00 1.066540000000000044e+00 1.055109999999999992e+00 1.044389999999999930e+00 1.034359999999999946e+00 1.025679999999999925e+00 1.019190000000000040e+00
2.335999999999999854e+00 2.233449999999999935e+00 2.132289999999999797e+00 2.032760000000000122e+00 1.935060000000000002e+00 1.839220000000000077e+00 1.745060000000000056e+00 1.652099999999999902e+00 1.559649999999999981e+00 1.467249999999999943e+00 1.374929999999999986e+00 1.283500000000000085e+00 1.195189999999999975e+00 1.116819999999999924e+00 1.058789999999999898e+00 1.022469999999999990e+00
2.211430000000000007e+00 2.116680000000000117e+00 2.023270000000000124e+00 1.931470000000000020e+00 1.841499999999999915e+00 1.753479999999999928e+00 1.667270000000000030e+00 1.582510000000000083e+00 1.498650000000000038e+00 1.415270000000000028e+00 1.332440000000000069e+00 1.250999999999999890e+00 1.173629999999999951e+00 1.106219999999999981e+00 1.055129999999999901e+00 1.022199999999999998e+00
1.085520000000000040e+00 1.080489999999999950e+00 1.075709999999999944e+00 1.071159999999999890e+00 1.066789999999999905e+00 1.062550000000000106e+00 1.058380000000000098e+00 1.054249999999999909e+00 1.050119999999999942e+00 1.046000000000000041e+00 1.041889999999999983e+00 1.037840000000000096e+00 1.033860000000000001e+00 1.030030000000000001e+00 1.026520000000000099e+00 1.023419999999999996e+00
2.283650000000000180e+00 2.185150000000000148e+00 2.088039999999999896e+00 1.992639999999999967e+00 1.899219999999999908e+00 1.807909999999999906e+00 1.718599999999999905e+00 1.630800000000000027e+00 1.543690000000000007e+00 1.456700000000000106e+00 1.369830000000000103e+00 1.283709999999999907e+00 1.200050000000000061e+00 1.123690000000000078e+00 1.064470000000000027e+00 1.027390000000000025e+00
3.876850000000000129e+00 3.658459999999999823e+00 3.442239999999999966e+00 3.228730000000000100e+00 3.018429999999999946e+00 2.811830000000000052e+00 2.609230000000000160e+00 2.410460000000000047e+00 2.214850000000000207e+00 2.021339999999999915e+00 1.829010000000000025e+00 1.637510000000000021e+00 1.446709999999999940e+00 1.260080000000000089e+00 1.111110000000000042e+00 1.025120000000000031e+00
3.213690000000000158e+00 3.045290000000000052e+00 2.878620000000000179e+00 2.714109999999999800e+00 2.552210000000000090e+00 2.393260000000000165e+00 2.237389999999999990e+00 2.084290000000000198e+00 1.933170000000000055e+00 1.783050000000000024e+00 1.633459999999999912e+00 1.484459999999999891e+00 1.336829999999999963e+00 1.195480000000000098e+00 1.086619999999999919e+00 1.022860000000000102e+00
1.221580000000000110e+00 1.202690000000000037e+00 1.184549999999999992e+00 1.167259999999999964e+00 1.150779999999999914e+00 1.135099999999999998e+00 1.120139999999999914e+00 1.105850000000000000e+00 1.092170000000000085e+00 1.079099999999999948e+00 1.066689999999999916e+00 1.054980000000000029e+00 1.044010000000000105e+00 1.033840000000000092e+00 1.025090000000000057e+00 1.018399999999999972e+00
4.419150000000000134e+00 4.153710000000000235e+00 3.891309999999999825e+00 3.632579999999999920e+00 3.378249999999999975e+00 3.129030000000000200e+00 2.885390000000000121e+00 2.647409999999999819e+00 2.414499999999999869e+00 2.185719999999999885e+00 1.960439999999999960e+00 1.738329999999999931e+00 1.519649999999999945e+00 1.308519999999999905e+00 1.135040000000000049e+00 1.028089999999999948e+00
1.884290000000000020e+00 1.813350000000000017e+00 1.743749999999999911e+00 1.675610000000000044e+00 1.609019999999999895e+00 1.543840000000000101e+00 1.479829999999999979e+00 1.416709999999999914e+00 1.354270000000000085e+00 1.292640000000000011e+00 1.232529999999999903e+00 1.175499999999999989e+00 1.124300000000000077e+00 1.081299999999999928e+00 1.047730000000000050e+00 1.023279999999999967e+00
1.696469999999999922e+00 1.640220000000000011e+00 1.585090000000000110e+00 1.531279999999999974e+00 1.478890000000000038e+00 1.427910000000000013e+00 1.378149999999999986e+00 1.329280000000000017e+00 1.281009999999999982e+00 1.233340000000000103e+00 1.186719999999999997e+00 1.142330000000000068e+00 1.102020000000000000e+00 1.067350000000000021e+00 1.039600000000000080e+00 1.020440000000000014e+00
1.416930000000000023e+00 1.382789999999999964e+00 1.349560000000000093e+00 1.317250000000000032e+00 1.285849999999999937e+00 1.255270000000000108e+00 1.225410000000000110e+00 1.196299999999999919e+00 1.168069999999999942e+00 1.141119999999999912e+00 1.115879999999999983e+00 1.092729999999999979e+00 1.071849999999999969e+00 1.053150000000000031e+00 1.037120000000000042e+00 1.024420000000000108e+00
3.570199999999999818e+00 3.372119999999999784e+00 3.176250000000000018e+00 2.983089999999999797e+00 2.793210000000000193e+00 2.607130000000000170e+00 2.425120000000000164e+00 2.246980000000000199e+00 2.071969999999999867e+00 1.899140000000000050e+00 1.727899999999999991e+00 1.558349999999999902e+00 1.391040000000000054e+00 1.230439999999999978e+00 1.104260000000000019e+00 1.027900000000000036e+00
1.062810000000000032e+00 1.059830000000000050e+00 1.056980000000000031e+00 1.054249999999999909e+00 1.051609999999999934e+00 1.049039999999999973e+00 1.046499999999999986e+00 1.043940000000000090e+00 1.041339999999999932e+00 1.038710000000000022e+00 1.036070000000000046e+00 1.033439999999999914e+00 1.030820000000000070e+00 1.028250000000000108e+00 1.025859999999999994e+00 1.023800000000000043e+00
1.963689999999999936e+00 1.887150000000000105e+00 1.811879999999999935e+00 1.738110000000000044e+00 1.665969999999999951e+00 1.595539999999999958e+00 1.526669999999999972e+00 1.459049999999999958e+00 1.392330000000000068e+00 1.326349999999999918e+00 1.261379999999999946e+00 1.198460000000000081e+00 1.139939999999999953e+00 1.089490000000000069e+00 1.050799999999999956e+00 1.024359999999999937e+00
1.837739999999999929e+00 1.771109999999999962e+00 1.705659999999999954e+00 1.641559999999999908e+00 1.578929999999999945e+00 1.517719999999999958e+00 1.457780000000000076e+00 1.398719999999999963e+00 1.340209999999999901e+00 1.282249999999999890e+00 1.225370000000000070e+00 1.170960000000000001e+00 1.121569999999999956e+00 1.079730000000000079e+00 1.047199999999999909e+00 1.024839999999999973e+00
1.841050000000000075e+00 1.773570000000000091e+00 1.707370000000000054e+00 1.642549999999999955e+00 1.579190000000000094e+00 1.517160000000000064e+00 1.456239999999999979e+00 1.396160000000000068e+00 1.336689999999999934e+00 1.277949999999999919e+00 1.220639999999999947e+00 1.166269999999999918e+00 1.117550000000000043e+00 1.076959999999999917e+00 1.045690000000000008e+00 1.023099999999999898e+00
2.167940000000000200e+00 2.076750000000000096e+00 1.986990000000000034e+00 1.898830000000000018e+00 1.812419999999999920e+00 1.727670000000000039e+00 1.644320000000000004e+00 1.562009999999999899e+00 1.480240000000000000e+00 1.398770000000000069e+00 1.317960000000000020e+00 1.239030000000000076e+00 1.164979999999999905e+00 1.101439999999999975e+00 1.053900000000000059e+00 1.022329999999999961e+00
2.047759999999999803e+00 1.964469999999999938e+00 1.882500000000000062e+00 1.802110000000000101e+00 1.723470000000000057e+00 1.646689999999999987e+00 1.571600000000000108e+00 1.497840000000000060e+00 1.424989999999999979e+00 1.352740000000000054e+00 1.281360000000000054e+00 1.212069999999999981e+00 1.147939999999999960e+00 1.093420000000000059e+00 1.051269999999999927e+00 1.022780000000000022e+00
2.304419999999999913e+00 2.202440000000000175e+00 2.101859999999999840e+00 2.002979999999999983e+00 1.906009999999999982e+00 1.811080000000000023e+00 1.718089999999999895e+00 1.626640000000000086e+00 1.536249999999999893e+00 1.446560000000000068e+00 1.357669999999999932e+00 1.270369999999999999e+00 1.187179999999999902e+00 1.114810000000000079e+00 1.060699999999999976e+00 1.025009999999999977e+00
1.246660000000000101e+00 1.225899999999999990e+00 1.205899999999999972e+00 1.186690000000000023e+00 1.168269999999999920e+00 1.150609999999999911e+00 1.133669999999999956e+00 1.117420000000000080e+00 1.101920000000000011e+00 1.087229999999999919e+00 1.073430000000000106e+00 1.060510000000000064e+00 1.048519999999999897e+00 1.037590000000000012e+00 1.028270000000000017e+00 1.020899999999999919e+00
3.587110000000000021e+00 3.388339999999999907e+00 3.191889999999999894e+00 2.998219999999999885e+00 2.807840000000000114e+00 2.621109999999999829e+00 2.438109999999999999e+00 2.258529999999999927e+00 2.081679999999999975e+00 1.906740000000000101e+00 1.733249999999999957e+00 1.561369999999999925e+00 1.392130000000000090e+00 1.231950000000000101e+00 1.106800000000000006e+00 1.029959999999999987e+00
2.121789999999999843e+00 2.032669999999999977e+00 1.945019999999999971e+00 1.859089999999999909e+00 1.775030000000000108e+00 1.692890000000000006e+00 1.612510000000000110e+00 1.533479999999999954e+00 1.455400000000000027e+00 1.378009999999999957e+00 1.301560000000000050e+00 1.227039999999999909e+00 1.156979999999999897e+00 1.096349999999999936e+00 1.050119999999999942e+00 1.019230000000000080e+00
1.288000000000000034e+00 1.264100000000000001e+00 1.240969999999999906e+00 1.218639999999999946e+00 1.197130000000000027e+00 1.176399999999999890e+00 1.156409999999999938e+00 1.137180000000000080e+00 1.118770000000000042e+00 1.101350000000000051e+00 1.085110000000000019e+00 1.070060000000000011e+00 1.056149999999999922e+00 1.043330000000000091e+00 1.032100000000000017e+00 1.023309999999999942e+00
3.696649999999999991e+00 3.488090000000000135e+00 3.282319999999999904e+00 3.079889999999999795e+00 2.881229999999999958e+00 2.686630000000000074e+00 2.496109999999999829e+00 2.309229999999999894e+00 2.125109999999999832e+00 1.942809999999999926e+00 1.761859999999999982e+00 1.582459999999999978e+00 1.405880000000000019e+00 1.239200000000000079e+00 1.108409999999999895e+00 1.026480000000000059e+00
3.747390000000000221e+00 3.534749999999999837e+00 3.325110000000000010e+00 3.118980000000000086e+00 2.916809999999999903e+00 2.718910000000000160e+00 2.525199999999999889e+00 2.335210000000000008e+00 2.148039999999999949e+00 1.962690000000000046e+00 1.778529999999999944e+00 1.595490000000000075e+00 1.414130000000000109e+00 1.240029999999999966e+00 1.102449999999999930e+00 1.018969999999999931e+00
4.019350000000000200e+00 3.786910000000000220e+00 3.556999999999999940e+00 3.330210000000000115e+00 3.107070000000000221e+00 2.888079999999999981e+00 2.673509999999999831e+00 2.463229999999999809e+00 2.256650000000000045e+00 2.052970000000000184e+00 1.851599999999999913e+00 1.652309999999999945e+00 1.455640000000000045e+00 1.267060000000000075e+00 1.116090000000000027e+00 1.024920000000000053e+00
2.518159999999999954e+00 2.398579999999999934e+00 2.280839999999999979e+00 2.165299999999999780e+00 2.052280000000000104e+00 1.941940000000000000e+00 1.834170000000000078e+00 1.728539999999999965e+00 1.624379999999999935e+00 1.521090000000000053e+00 1.418549999999999978e+00 1.317469999999999919e+00 1.219899999999999984e+00 1.132570000000000077e+00 1.066289999999999960e+00 1.022580000000000044e+00
2.824640000000000040e+00 2.683089999999999975e+00 2.543219999999999814e+00 2.405429999999999957e+00 2.270059999999999967e+00 2.137420000000000098e+00 2.007600000000000051e+00 1.880260000000000042e+00 1.754769999999999941e+00 1.630349999999999966e+00 1.506639999999999979e+00 1.384050000000000002e+00 1.264280000000000070e+00 1.154679999999999929e+00 1.072030000000000038e+00 1.021039999999999948e+00
1.138989999999999947e+00 1.128929999999999989e+00 1.119320000000000093e+00 1.110200000000000076e+00 1.101469999999999949e+00 1.093069999999999986e+00 1.084929999999999950e+00 1.076999999999999957e+00 1.069250000000000034e+00 1.061739999999999906e+00 1.054519999999999902e+00 1.047649999999999970e+00 1.041150000000000020e+00 1.035060000000000091e+00 1.029649999999999954e+00 1.025279999999999969e+00
1.109359999999999902e+00 1.102079999999999949e+00 1.095229999999999926e+00 1.088740000000000041e+00 1.082589999999999941e+00 1.076699999999999990e+00 1.070959999999999912e+00 1.065320000000000045e+00 1.059719999999999995e+00 1.054170000000000051e+00 1.048699999999999966e+00 1.043330000000000091e+00 1.038110000000000088e+00 1.033220000000000027e+00 1.028939999999999966e+00 1.025309999999999944e+00
1.152600000000000069e+00 1.140640000000000098e+00 1.129259999999999931e+00 1.118479999999999919e+00 1.108300000000000063e+00 1.098649999999999904e+00 1.089450000000000029e+00 1.080610000000000070e+00 1.072009999999999907e+00 1.063649999999999984e+00 1.055539999999999923e+00 1.047719999999999985e+00 1.040210000000000079e+00 1.033190000000000053e+00 1.027339999999999920e+00 1.022850000000000037e+00
2.099559999999999871e+00 2.012319999999999887e+00 1.926709999999999923e+00 1.842950000000000088e+00 1.761179999999999968e+00 1.681380000000000097e+00 1.603239999999999998e+00 1.526319999999999899e+00 1.450169999999999959e+00 1.374600000000000044e+00 1.299989999999999979e+00 1.227570000000000050e+00 1.160060000000000091e+00 1.101990000000000025e+00 1.057430000000000092e+00 1.026170000000000027e+00
