1.617790000000000061e+00 2.500830000000000108e+00 2.535810000000000120e+00 2.682539999999999925e+00 2.458480000000000221e+00 2.271119999999999806e+00 2.182949999999999946e+00 2.307770000000000099e+00 2.091239999999999988e+00 2.100760000000000183e+00 1.994129999999999958e+00
1.352589999999999959e+00 1.984040000000000026e+00 2.089249999999999829e+00 2.275640000000000107e+00 2.007550000000000168e+00 2.051169999999999938e+00 1.960520000000000040e+00 1.936800000000000077e+00 1.878570000000000073e+00 1.851269999999999971e+00 1.793649999999999967e+00
2.373510000000000009e+00 3.360640000000000072e+00 3.645649999999999835e+00 3.791300000000000114e+00 2.366569999999999840e+00 3.461860000000000159e+00 2.217249999999999943e+00 3.779840000000000089e+00 2.835679999999999978e+00 2.945120000000000182e+00 2.757519999999999971e+00
2.341330000000000133e+00 3.528649999999999842e+00 3.429060000000000219e+00 3.714960000000000040e+00 3.502920000000000034e+00 3.505770000000000053e+00 3.155100000000000016e+00 3.222189999999999888e+00 2.457790000000000141e+00 3.019260000000000055e+00 2.701639999999999819e+00
1.277889999999999970e+00 1.527849999999999930e+00 1.568279999999999896e+00 1.624819999999999931e+00 1.561549999999999994e+00 1.561709999999999932e+00 1.540440000000000031e+00 1.539819999999999967e+00 1.527500000000000080e+00 1.545949999999999935e+00 1.532159999999999966e+00
2.375370000000000203e+00 3.674329999999999874e+00 3.622889999999999944e+00 3.890639999999999876e+00 3.691370000000000040e+00 3.228829999999999867e+00 3.363080000000000069e+00 3.479099999999999859e+00 2.843669999999999920e+00 3.013389999999999791e+00 2.816510000000000069e+00
4.230290000000000106e+00 4.925989999999999647e+00 4.591029999999999944e+00 4.920930000000000248e+00 5.618540000000000312e+00 3.483550000000000146e+00 3.215619999999999923e+00 3.979519999999999946e+00 3.637539999999999996e+00 4.432649999999999757e+00 4.062809999999999810e+00
2.212549999999999795e+00 2.741629999999999789e+00 3.288980000000000015e+00 3.559320000000000039e+00 3.277390000000000025e+00 3.088089999999999780e+00 3.076929999999999943e+00 3.026969999999999938e+00 2.705400000000000027e+00 2.845769999999999911e+00 2.641560000000000130e+00
1.362119999999999997e+00 2.038469999999999782e+00 2.042530000000000179e+00 2.139200000000000212e+00 2.007880000000000109e+00 2.030650000000000066e+00 1.932290000000000063e+00 1.898840000000000083e+00 1.833499999999999908e+00 1.848160000000000025e+00 1.776659999999999906e+00
3.946429999999999882e+00 4.635989999999999611e+00 5.128510000000000346e+00 4.882069999999999688e+00 4.925930000000000142e+00 3.358480000000000132e+00 4.397949999999999804e+00 3.665669999999999984e+00 3.566320000000000157e+00 4.410999999999999588e+00 3.847620000000000040e+00
1.643299999999999983e+00 2.337530000000000108e+00 2.461100000000000065e+00 2.651619999999999866e+00 2.450829999999999842e+00 2.410909999999999886e+00 2.380879999999999885e+00 2.231360000000000010e+00 2.133550000000000058e+00 2.112270000000000092e+00 2.033300000000000107e+00
1.554149999999999920e+00 2.202319999999999833e+00 2.393369999999999997e+00 2.514170000000000016e+00 2.323900000000000077e+00 2.236800000000000122e+00 2.184619999999999784e+00 2.122119999999999784e+00 2.000980000000000203e+00 2.047099999999999920e+00 1.938330000000000108e+00
1.477319999999999967e+00 2.268740000000000201e+00 2.287529999999999841e+00 2.462149999999999839e+00 2.289350000000000218e+00 2.242430000000000145e+00 2.180050000000000043e+00 2.082939999999999792e+00 1.988469999999999960e+00 1.983190000000000008e+00 1.923419999999999908e+00
2.605529999999999902e+00 3.682960000000000012e+00 3.756580000000000030e+00 4.160099999999999909e+00 3.919680000000000053e+00 2.518170000000000019e+00 3.384489999999999998e+00 3.913349999999999884e+00 2.946779999999999955e+00 3.285730000000000040e+00 3.012039999999999829e+00
1.295420000000000016e+00 1.559239999999999959e+00 1.596759999999999957e+00 1.650900000000000034e+00 1.590200000000000058e+00 1.580869999999999997e+00 1.557579999999999965e+00 1.561679999999999957e+00 1.541279999999999983e+00 1.563299999999999912e+00 1.543050000000000033e+00
2.190449999999999786e+00 2.624830000000000219e+00 3.501450000000000173e+00 3.715790000000000148e+00 2.218989999999999796e+00 2.484020000000000117e+00 1.963449999999999918e+00 2.892059999999999853e+00 2.707419999999999938e+00 2.681290000000000173e+00 2.608969999999999789e+00
2.243090000000000028e+00 3.424770000000000092e+00 3.307720000000000216e+00 2.762300000000000200e+00 3.205439999999999845e+00 3.207530000000000214e+00 3.016960000000000086e+00 3.139920000000000044e+00 2.772240000000000038e+00 2.797740000000000116e+00 2.635850000000000026e+00
1.664679999999999938e+00 2.085290000000000088e+00 2.169950000000000045e+00 2.272029999999999994e+00 2.075219999999999843e+00 2.089519999999999822e+00 1.991069999999999895e+00 1.985149999999999970e+00 1.888879999999999892e+00 1.873229999999999951e+00 1.822689999999999921e+00
1.712699999999999889e+00 2.423620000000000108e+00 2.959909999999999819e+00 2.794880000000000031e+00 2.565370000000000150e+00 2.486029999999999962e+00 2.467039999999999900e+00 2.358150000000000190e+00 2.210129999999999928e+00 2.181119999999999948e+00 2.090790000000000148e+00
1.939999999999999947e+00 2.384349999999999969e+00 2.923820000000000086e+00 3.061980000000000146e+00 3.024960000000000093e+00 2.820209999999999884e+00 2.714059999999999917e+00 2.479859999999999953e+00 2.396669999999999856e+00 2.487750000000000128e+00 2.300739999999999785e+00
2.355659999999999865e+00 3.328430000000000000e+00 3.552989999999999871e+00 3.926590000000000025e+00 3.254109999999999836e+00 2.520970000000000155e+00 2.999639999999999862e+00 2.422070000000000167e+00 2.889050000000000118e+00 2.878760000000000208e+00 2.740340000000000220e+00
1.641890000000000072e+00 2.004269999999999996e+00 2.125649999999999817e+00 2.225909999999999833e+00 2.049819999999999975e+00 2.072319999999999940e+00 1.915010000000000101e+00 1.931380000000000097e+00 1.870069999999999899e+00 1.841650000000000009e+00 1.794729999999999936e+00
4.140010000000000190e+00 4.649180000000000312e+00 5.358950000000000102e+00 5.087320000000000064e+00 3.445479999999999876e+00 5.181040000000000312e+00 3.154129999999999878e+00 4.589039999999999786e+00 3.888419999999999987e+00 2.457040000000000113e+00 4.088490000000000180e+00
2.011400000000000077e+00 2.980910000000000171e+00 2.928589999999999804e+00 2.745420000000000194e+00 2.433399999999999785e+00 2.898350000000000204e+00 2.748170000000000002e+00 2.614819999999999922e+00 2.418369999999999909e+00 2.581690000000000040e+00 2.400150000000000006e+00
1.337720000000000020e+00 2.055759999999999810e+00 2.075229999999999908e+00 2.214890000000000025e+00 2.034600000000000186e+00 2.048439999999999817e+00 1.959980000000000055e+00 1.927810000000000024e+00 1.869299999999999962e+00 1.844309999999999894e+00 1.798259999999999970e+00
2.638450000000000184e+00 3.190119999999999845e+00 3.353759999999999852e+00 4.128470000000000084e+00 2.605690000000000062e+00 3.747539999999999871e+00 3.585020000000000095e+00 3.472319999999999851e+00 3.172289999999999832e+00 3.363809999999999967e+00 3.083070000000000199e+00
3.939639999999999809e+00 3.802750000000000075e+00 4.334509999999999863e+00 5.179310000000000080e+00 4.220340000000000202e+00 3.771269999999999900e+00 3.987610000000000099e+00 3.466660000000000075e+00 3.359269999999999978e+00 3.777660000000000018e+00 3.529220000000000024e+00
4.860899999999999999e+00 6.127189999999999692e+00 5.258860000000000312e+00 3.127019999999999911e+00 4.559459999999999624e+00 5.489320000000000199e+00 3.669820000000000082e+00 3.440620000000000012e+00 2.154949999999999921e+00 5.096560000000000201e+00 2.457949999999999857e+00
2.686220000000000052e+00 3.459049999999999958e+00 3.529170000000000140e+00 3.936150000000000038e+00 3.130069999999999908e+00 3.149970000000000159e+00 2.076940000000000008e+00 2.913580000000000059e+00 2.665890000000000093e+00 2.838060000000000027e+00 2.634079999999999977e+00
2.310839999999999783e+00 3.156569999999999876e+00 3.603950000000000209e+00 3.252120000000000122e+00 2.341289999999999871e+00 3.281169999999999920e+00 3.070429999999999993e+00 3.586149999999999949e+00 2.746340000000000003e+00 2.893920000000000048e+00 2.686420000000000030e+00
1.307830000000000048e+00 1.575790000000000024e+00 1.613299999999999956e+00 1.693449999999999900e+00 1.597220000000000084e+00 1.608659999999999979e+00 1.580980000000000052e+00 1.579879999999999951e+00 1.560440000000000049e+00 1.562100000000000044e+00 1.547180000000000000e+00
1.428120000000000056e+00 2.089119999999999866e+00 2.192359999999999864e+00 2.340170000000000083e+00 2.200759999999999827e+00 2.059369999999999923e+00 2.001349999999999962e+00 2.022790000000000088e+00 1.921280000000000099e+00 1.908570000000000100e+00 1.836230000000000029e+00
1.377289999999999903e+00 1.696879999999999944e+00 1.711640000000000050e+00 1.824920000000000098e+00 1.667140000000000066e+00 1.686180000000000012e+00 1.596049999999999969e+00 1.653049999999999908e+00 1.597930000000000073e+00 1.612249999999999961e+00 1.580430000000000001e+00
1.750320000000000098e+00 2.535480000000000178e+00 2.719759999999999955e+00 2.875280000000000058e+00 2.641360000000000152e+00 2.557580000000000187e+00 2.447179999999999911e+00 2.368879999999999875e+00 2.222319999999999851e+00 2.233769999999999811e+00 2.143229999999999968e+00
1.750380000000000047e+00 2.592420000000000169e+00 2.208790000000000031e+00 2.857260000000000133e+00 2.697150000000000158e+00 2.376380000000000159e+00 2.585869999999999891e+00 2.340009999999999923e+00 2.368500000000000050e+00 2.249140000000000139e+00 2.126850000000000129e+00
1.426840000000000108e+00 2.057929999999999815e+00 2.111540000000000195e+00 2.344829999999999970e+00 2.125360000000000138e+00 2.126570000000000071e+00 2.044570000000000221e+00 2.014339999999999797e+00 1.927310000000000079e+00 1.940450000000000008e+00 1.846170000000000089e+00
1.976250000000000062e+00 2.884510000000000129e+00 2.757499999999999840e+00 2.929419999999999913e+00 2.899309999999999832e+00 2.726490000000000080e+00 2.950349999999999806e+00 2.523460000000000036e+00 2.553010000000000002e+00 2.446870000000000100e+00 2.326839999999999797e+00
2.467600000000000016e+00 2.873219999999999885e+00 2.387710000000000221e+00 3.986670000000000158e+00 2.330859999999999932e+00 3.476500000000000146e+00 3.137109999999999843e+00 2.790939999999999976e+00 3.048630000000000173e+00 2.907950000000000035e+00 2.792889999999999873e+00
1.275630000000000042e+00 1.523449999999999971e+00 1.531760000000000010e+00 1.615510000000000002e+00 1.558089999999999975e+00 1.553690000000000015e+00 1.538159999999999972e+00 1.526180000000000092e+00 1.534520000000000106e+00 1.532690000000000108e+00 1.522710000000000008e+00
2.201849999999999863e+00 3.498530000000000140e+00 2.228229999999999933e+00 3.694550000000000001e+00 3.657729999999999926e+00 3.375550000000000050e+00 2.254319999999999879e+00 2.639510000000000023e+00 2.906390000000000029e+00 2.654139999999999944e+00 2.659539999999999793e+00
4.639639999999999986e+00 6.243409999999999904e+00 4.243850000000000122e+00 4.884269999999999889e+00 4.019829999999999792e+00 3.745429999999999815e+00 5.317689999999999806e+00 3.166290000000000049e+00 4.746760000000000090e+00 2.631099999999999994e+00 4.439400000000000013e+00
3.139609999999999790e+00 4.745020000000000238e+00 2.954270000000000174e+00 4.169609999999999594e+00 5.146320000000000228e+00 4.034060000000000201e+00 4.125409999999999577e+00 3.537599999999999856e+00 3.392240000000000144e+00 3.642020000000000035e+00 3.340930000000000177e+00
1.284769999999999968e+00 1.868719999999999937e+00 1.837029999999999941e+00 2.094949999999999868e+00 1.982269999999999976e+00 1.918579999999999952e+00 1.886319999999999997e+00 1.778629999999999933e+00 1.859240000000000004e+00 1.781770000000000076e+00 1.727009999999999934e+00
4.917229999999999990e+00 5.629159999999999719e+00 4.502880000000000216e+00 6.561709999999999710e+00 6.525240000000000151e+00 5.497950000000000337e+00 3.604890000000000150e+00 3.335770000000000124e+00 4.027890000000000192e+00 2.729670000000000041e+00 4.542370000000000019e+00
1.781230000000000091e+00 2.604029999999999845e+00 2.554199999999999804e+00 2.869029999999999969e+00 2.805390000000000050e+00 2.602749999999999897e+00 2.582370000000000054e+00 2.382499999999999840e+00 2.298859999999999904e+00 2.257699999999999818e+00 2.155980000000000008e+00
1.589730000000000087e+00 2.313820000000000210e+00 2.068109999999999893e+00 2.707720000000000127e+00 2.476300000000000168e+00 2.435119999999999951e+00 2.168439999999999923e+00 2.004490000000000105e+00 2.163569999999999993e+00 2.032049999999999912e+00 1.982460000000000111e+00
1.647459999999999924e+00 2.305680000000000174e+00 2.396110000000000184e+00 2.713169999999999860e+00 2.575400000000000134e+00 2.459470000000000045e+00 2.425990000000000091e+00 2.240909999999999958e+00 2.144629999999999814e+00 2.151819999999999844e+00 2.055439999999999934e+00
3.289930000000000021e+00 3.888389999999999791e+00 3.121150000000000091e+00 4.630379999999999718e+00 5.271899999999999586e+00 2.832500000000000018e+00 3.927579999999999849e+00 3.690819999999999990e+00 3.517479999999999940e+00 5.002880000000000216e+00 3.476690000000000058e+00
1.234720000000000040e+00 1.470450000000000035e+00 1.453610000000000069e+00 1.563739999999999908e+00 1.508099999999999996e+00 1.509849999999999914e+00 1.488869999999999916e+00 1.486809999999999965e+00 1.501270000000000104e+00 1.500439999999999996e+00 1.497419999999999973e+00
2.109739999999999949e+00 2.011130000000000084e+00 2.711980000000000057e+00 2.876879999999999882e+00 2.932949999999999946e+00 3.002530000000000143e+00 3.177259999999999973e+00 2.660010000000000208e+00 2.737000000000000099e+00 2.583019999999999872e+00 2.451750000000000096e+00
1.837550000000000017e+00 2.595629999999999882e+00 2.607139999999999791e+00 2.976140000000000008e+00 2.728310000000000013e+00 2.610310000000000130e+00 2.692050000000000054e+00 2.448240000000000194e+00 2.342179999999999929e+00 2.338699999999999779e+00 2.201529999999999987e+00
1.994639999999999969e+00 2.557240000000000180e+00 2.766519999999999868e+00 3.071689999999999809e+00 2.920690000000000008e+00 2.707889999999999908e+00 2.732200000000000184e+00 2.497360000000000024e+00 2.384220000000000006e+00 2.394789999999999974e+00 2.235160000000000036e+00
1.979659999999999975e+00 2.578310000000000102e+00 2.793899999999999828e+00 3.171370000000000022e+00 3.041859999999999786e+00 2.899770000000000181e+00 2.913469999999999782e+00 2.646970000000000045e+00 2.515350000000000197e+00 2.505310000000000148e+00 2.332939999999999792e+00
2.794140000000000068e+00 3.311040000000000205e+00 3.154269999999999907e+00 3.897839999999999971e+00 4.197700000000000209e+00 3.505599999999999827e+00 2.285289999999999822e+00 2.598790000000000155e+00 2.833289999999999864e+00 2.655850000000000044e+00 2.617410000000000014e+00
2.101490000000000080e+00 3.331939999999999902e+00 2.885979999999999990e+00 3.368809999999999860e+00 3.746179999999999843e+00 2.888809999999999878e+00 3.150539999999999896e+00 2.582289999999999974e+00 2.142399999999999860e+00 2.594050000000000189e+00 2.445879999999999832e+00
1.393720000000000070e+00 2.010040000000000049e+00 2.004340000000000011e+00 2.208639999999999937e+00 2.063359999999999861e+00 2.013949999999999907e+00 2.008220000000000116e+00 1.919899999999999940e+00 1.909909999999999997e+00 1.856079999999999952e+00 1.802140000000000075e+00
4.126809999999999867e+00 5.461529999999999774e+00 4.167880000000000251e+00 5.002390000000000114e+00 3.606730000000000214e+00 3.527190000000000047e+00 4.625300000000000189e+00 3.041549999999999976e+00 3.865759999999999863e+00 2.465139999999999887e+00 2.223689999999999944e+00
1.777800000000000047e+00 2.115940000000000154e+00 2.434680000000000177e+00 2.973819999999999908e+00 2.600929999999999964e+00 2.733499999999999819e+00 2.635029999999999983e+00 2.267759999999999998e+00 2.392250000000000210e+00 2.361509999999999998e+00 2.199500000000000011e+00
1.543379999999999974e+00 1.867340000000000000e+00 1.918069999999999942e+00 2.062419999999999920e+00 1.930660000000000043e+00 1.915310000000000068e+00 1.886050000000000004e+00 1.860980000000000079e+00 1.792689999999999895e+00 1.788829999999999920e+00 1.730210000000000026e+00
2.495159999999999823e+00 2.965899999999999981e+00 2.845699999999999896e+00 3.970359999999999889e+00 3.801959999999999784e+00 2.346400000000000041e+00 3.652400000000000091e+00 3.197290000000000187e+00 2.859519999999999840e+00 3.189740000000000020e+00 2.909170000000000034e+00
3.798680000000000057e+00 4.074980000000000047e+00 3.470940000000000136e+00 4.876350000000000406e+00 4.573240000000000194e+00 4.133239999999999803e+00 4.142820000000000391e+00 4.134559999999999569e+00 2.311249999999999805e+00 5.022579999999999600e+00 3.419680000000000053e+00
4.646899999999999586e+00 5.750090000000000146e+00 4.294760000000000133e+00 5.828870000000000218e+00 4.513320000000000221e+00 5.359359999999999680e+00 5.285770000000000302e+00 3.148579999999999934e+00 3.722539999999999960e+00 5.668429999999999858e+00 4.376850000000000129e+00
2.284780000000000033e+00 3.238459999999999894e+00 2.353950000000000209e+00 3.638479999999999936e+00 3.446870000000000100e+00 3.345419999999999838e+00 3.276609999999999800e+00 2.966079999999999828e+00 2.883020000000000138e+00 3.003169999999999895e+00 2.736429999999999918e+00
3.180340000000000167e+00 3.728909999999999947e+00 3.078689999999999927e+00 3.844749999999999890e+00 3.290179999999999882e+00 2.727650000000000130e+00 4.176940000000000097e+00 2.784479999999999844e+00 3.164569999999999883e+00 3.627419999999999867e+00 3.369920000000000027e+00
1.599599999999999911e+00 2.020090000000000163e+00 2.012890000000000068e+00 2.154189999999999827e+00 1.971109999999999918e+00 1.959529999999999994e+00 1.921359999999999957e+00 1.913380000000000081e+00 1.839350000000000041e+00 1.823380000000000001e+00 1.768229999999999968e+00
1.467440000000000078e+00 2.154780000000000140e+00 1.973270000000000080e+00 2.366470000000000073e+00 2.276699999999999946e+00 2.121140000000000025e+00 2.068439999999999834e+00 1.973770000000000024e+00 2.012880000000000003e+00 1.948110000000000008e+00 1.868449999999999944e+00
1.365059999999999940e+00 1.625350000000000072e+00 1.558699999999999974e+00 1.773689999999999989e+00 1.690660000000000052e+00 1.653999999999999915e+00 1.658509999999999929e+00 1.597900000000000098e+00 1.629259999999999931e+00 1.599609999999999976e+00 1.573669999999999902e+00
1.804810000000000025e+00 2.753800000000000026e+00 2.288009999999999877e+00 2.994499999999999940e+00 2.777249999999999996e+00 2.690139999999999976e+00 2.665150000000000130e+00 2.387449999999999850e+00 2.324009999999999909e+00 2.313719999999999999e+00 2.191940000000000222e+00
