1.007020000000000026e+00 1.039970000000000061e+00 1.082470000000000043e+00 1.128489999999999993e+00 1.173559999999999937e+00 1.212639999999999940e+00 1.252359999999999918e+00 1.300470000000000015e+00 1.357329999999999925e+00 1.421540000000000026e+00 1.489740000000000064e+00
1.006429999999999936e+00 1.019099999999999895e+00 1.033579999999999943e+00 1.047730000000000050e+00 1.060070000000000068e+00 1.068529999999999980e+00 1.076019999999999976e+00 1.086419999999999941e+00 1.099969999999999892e+00 1.116249999999999964e+00 1.134640000000000093e+00
1.008860000000000090e+00 1.119539999999999980e+00 1.273709999999999898e+00 1.430660000000000043e+00 1.580089999999999995e+00 1.731389999999999985e+00 1.907710000000000017e+00 2.107580000000000009e+00 2.319389999999999841e+00 2.536540000000000017e+00 2.756499999999999950e+00
1.007959999999999967e+00 1.077409999999999979e+00 1.169210000000000083e+00 1.267409999999999926e+00 1.360179999999999945e+00 1.447219999999999951e+00 1.545590000000000019e+00 1.662860000000000005e+00 1.792820000000000080e+00 1.930190000000000072e+00 2.072119999999999962e+00
1.006459999999999910e+00 1.018310000000000048e+00 1.031679999999999930e+00 1.045469999999999899e+00 1.058990000000000098e+00 1.070959999999999912e+00 1.081739999999999924e+00 1.093069999999999986e+00 1.105499999999999927e+00 1.119229999999999947e+00 1.134190000000000031e+00
1.007789999999999964e+00 1.068990000000000107e+00 1.149939999999999962e+00 1.237710000000000088e+00 1.321550000000000002e+00 1.398230000000000084e+00 1.480939999999999923e+00 1.579299999999999926e+00 1.691640000000000033e+00 1.810580000000000078e+00 1.936099999999999932e+00
1.009220000000000006e+00 1.137359999999999927e+00 1.314990000000000103e+00 1.492189999999999905e+00 1.661629999999999940e+00 1.837690000000000046e+00 2.042710000000000026e+00 2.271650000000000169e+00 2.511769999999999836e+00 2.756899999999999906e+00 3.006899999999999906e+00
1.008450000000000069e+00 1.095080000000000053e+00 1.212499999999999911e+00 1.337309999999999999e+00 1.457240000000000091e+00 1.572389999999999954e+00 1.698720000000000008e+00 1.847120000000000095e+00 2.010029999999999983e+00 2.183209999999999873e+00 2.359449999999999825e+00
1.006720000000000059e+00 1.028289999999999926e+00 1.053630000000000067e+00 1.079900000000000082e+00 1.105129999999999946e+00 1.126489999999999991e+00 1.147350000000000092e+00 1.172690000000000010e+00 1.202709999999999946e+00 1.236979999999999968e+00 1.274129999999999985e+00
1.009269999999999889e+00 1.133170000000000011e+00 1.301220000000000043e+00 1.472990000000000022e+00 1.636759999999999993e+00 1.802059999999999995e+00 1.992650000000000032e+00 2.207910000000000039e+00 2.439779999999999838e+00 2.680099999999999927e+00 2.924129999999999896e+00
1.007309999999999928e+00 1.048089999999999966e+00 1.098749999999999893e+00 1.155129999999999990e+00 1.212320000000000064e+00 1.264059999999999961e+00 1.314540000000000042e+00 1.371690000000000076e+00 1.436620000000000008e+00 1.508930000000000105e+00 1.586119999999999974e+00
1.007419999999999982e+00 1.053730000000000055e+00 1.113510000000000000e+00 1.179910000000000014e+00 1.245090000000000030e+00 1.303889999999999993e+00 1.364340000000000108e+00 1.436120000000000063e+00 1.518359999999999932e+00 1.608800000000000008e+00 1.703969999999999985e+00
1.007460000000000022e+00 1.054480000000000084e+00 1.112889999999999935e+00 1.177019999999999955e+00 1.240329999999999933e+00 1.296720000000000095e+00 1.353790000000000049e+00 1.420369999999999910e+00 1.495630000000000015e+00 1.578889999999999905e+00 1.667750000000000066e+00
1.008820000000000050e+00 1.111339999999999995e+00 1.252320000000000100e+00 1.400269999999999904e+00 1.542229999999999990e+00 1.681640000000000024e+00 1.836759999999999948e+00 2.015789999999999971e+00 2.212239999999999984e+00 2.416020000000000056e+00 2.623829999999999885e+00
1.006350000000000078e+00 1.014990000000000059e+00 1.024529999999999941e+00 1.034399999999999986e+00 1.044130000000000003e+00 1.052969999999999962e+00 1.061029999999999918e+00 1.069220000000000059e+00 1.077870000000000106e+00 1.087259999999999893e+00 1.097250000000000059e+00
1.007810000000000095e+00 1.072920000000000096e+00 1.159480000000000066e+00 1.249679999999999902e+00 1.334100000000000064e+00 1.414360000000000062e+00 1.509889999999999954e+00 1.624060000000000059e+00 1.749160000000000048e+00 1.881000000000000005e+00 2.016020000000000145e+00
1.007980000000000098e+00 1.079069999999999974e+00 1.175189999999999957e+00 1.277630000000000043e+00 1.375089999999999923e+00 1.467200000000000060e+00 1.572780000000000067e+00 1.696879999999999944e+00 1.834140000000000104e+00 1.978010000000000046e+00 2.125910000000000188e+00
1.006750000000000034e+00 1.029020000000000046e+00 1.056030000000000024e+00 1.085239999999999982e+00 1.114780000000000104e+00 1.140959999999999974e+00 1.165519999999999889e+00 1.192839999999999900e+00 1.224460000000000104e+00 1.260310000000000041e+00 1.299679999999999946e+00
1.007660000000000000e+00 1.062610000000000054e+00 1.134349999999999969e+00 1.213349999999999929e+00 1.290270000000000028e+00 1.360260000000000025e+00 1.434290000000000065e+00 1.522319999999999895e+00 1.622440000000000104e+00 1.730620000000000047e+00 1.844349999999999934e+00
1.007540000000000102e+00 1.058370000000000033e+00 1.124810000000000088e+00 1.198299999999999921e+00 1.269679999999999920e+00 1.334659999999999958e+00 1.403299999999999992e+00 1.485570000000000057e+00 1.579180000000000028e+00 1.680700000000000083e+00 1.787349999999999994e+00
1.009290000000000020e+00 1.135839999999999961e+00 1.309139999999999970e+00 1.483230000000000048e+00 1.652349999999999985e+00 1.828529999999999989e+00 2.034959999999999880e+00 2.266189999999999927e+00 2.508480000000000043e+00 2.755430000000000046e+00 3.006609999999999783e+00
1.006510000000000016e+00 1.020499999999999963e+00 1.036499999999999977e+00 1.052850000000000064e+00 1.068429999999999991e+00 1.081479999999999997e+00 1.093669999999999920e+00 1.107720000000000038e+00 1.124039999999999928e+00 1.142679999999999918e+00 1.163200000000000012e+00
1.010000000000000009e+00 1.168379999999999974e+00 1.383799999999999919e+00 1.597849999999999993e+00 1.806319999999999926e+00 2.027260000000000062e+00 2.281890000000000196e+00 2.565199999999999925e+00 2.860370000000000079e+00 3.161480000000000068e+00 3.465949999999999864e+00
1.007730000000000015e+00 1.070240000000000080e+00 1.151820000000000066e+00 1.237290000000000001e+00 1.316510000000000069e+00 1.389969999999999928e+00 1.475810000000000066e+00 1.579530000000000101e+00 1.694720000000000004e+00 1.816840000000000011e+00 1.942029999999999923e+00
1.006839999999999957e+00 1.033209999999999962e+00 1.064959999999999907e+00 1.098899999999999988e+00 1.132279999999999953e+00 1.160679999999999934e+00 1.188649999999999984e+00 1.221799999999999997e+00 1.260809999999999986e+00 1.304540000000000033e+00 1.352240000000000109e+00
1.009260000000000046e+00 1.132370000000000099e+00 1.298929999999999918e+00 1.468730000000000091e+00 1.630519999999999969e+00 1.792119999999999935e+00 1.977689999999999948e+00 2.191120000000000179e+00 2.418880000000000141e+00 2.654339999999999922e+00 2.895370000000000221e+00
1.011859999999999982e+00 1.249219999999999997e+00 1.555620000000000003e+00 1.855490000000000084e+00 2.148299999999999876e+00 2.459119999999999973e+00 2.817590000000000039e+00 3.213740000000000041e+00 3.631990000000000052e+00 4.055909999999999904e+00 4.485269999999999868e+00
1.012210000000000054e+00 1.266140000000000043e+00 1.596470000000000056e+00 1.921059999999999990e+00 2.244650000000000034e+00 2.596119999999999983e+00 2.996230000000000171e+00 3.434550000000000214e+00 3.887059999999999960e+00 4.349140000000000228e+00 4.812389999999999723e+00
1.008979999999999988e+00 1.114900000000000002e+00 1.255390000000000006e+00 1.401639999999999997e+00 1.542010000000000103e+00 1.677280000000000104e+00 1.827820000000000000e+00 2.003400000000000070e+00 2.196520000000000028e+00 2.398829999999999796e+00 2.609529999999999905e+00
1.009100000000000108e+00 1.131050000000000111e+00 1.300119999999999942e+00 1.469309999999999894e+00 1.631930000000000103e+00 1.801520000000000010e+00 1.998939999999999939e+00 2.221099999999999852e+00 2.453160000000000007e+00 2.691159999999999997e+00 2.931020000000000181e+00
1.006539999999999990e+00 1.021980000000000111e+00 1.040159999999999973e+00 1.059320000000000039e+00 1.078040000000000109e+00 1.093970000000000109e+00 1.108600000000000030e+00 1.124949999999999894e+00 1.143720000000000070e+00 1.164889999999999981e+00 1.188649999999999984e+00
1.006899999999999906e+00 1.034200000000000008e+00 1.068030000000000035e+00 1.104810000000000070e+00 1.142020000000000035e+00 1.175019999999999953e+00 1.205920000000000103e+00 1.241190000000000015e+00 1.282960000000000100e+00 1.329690000000000039e+00 1.381240000000000023e+00
1.006550000000000056e+00 1.023109999999999964e+00 1.043639999999999901e+00 1.064759999999999929e+00 1.085059999999999913e+00 1.101560000000000095e+00 1.115629999999999900e+00 1.132130000000000081e+00 1.152649999999999952e+00 1.177229999999999999e+00 1.204769999999999897e+00
1.007209999999999939e+00 1.047150000000000025e+00 1.097609999999999975e+00 1.152379999999999960e+00 1.205249999999999932e+00 1.251840000000000064e+00 1.301960000000000006e+00 1.363320000000000087e+00 1.434029999999999916e+00 1.511269999999999891e+00 1.593739999999999934e+00
1.007470000000000088e+00 1.059199999999999919e+00 1.127000000000000002e+00 1.197889999999999899e+00 1.262250000000000094e+00 1.325509999999999966e+00 1.404700000000000060e+00 1.498559999999999892e+00 1.600649999999999906e+00 1.708429999999999893e+00 1.818240000000000078e+00
1.006410000000000027e+00 1.018729999999999913e+00 1.032780000000000031e+00 1.046499999999999986e+00 1.058380000000000098e+00 1.066629999999999967e+00 1.074659999999999949e+00 1.085099999999999953e+00 1.098340000000000094e+00 1.113809999999999967e+00 1.131459999999999910e+00
1.008180000000000076e+00 1.089409999999999989e+00 1.200320000000000054e+00 1.314429999999999987e+00 1.421769999999999978e+00 1.530229999999999979e+00 1.661680000000000046e+00 1.811469999999999914e+00 1.971319999999999961e+00 2.135699999999999932e+00 2.303450000000000220e+00
1.007139999999999924e+00 1.045870000000000077e+00 1.092929999999999957e+00 1.141729999999999912e+00 1.184430000000000094e+00 1.224669999999999925e+00 1.277309999999999945e+00 1.341699999999999893e+00 1.413790000000000102e+00 1.490380000000000038e+00 1.570319999999999938e+00
1.006280000000000063e+00 1.013109999999999955e+00 1.020820000000000061e+00 1.028429999999999955e+00 1.035060000000000091e+00 1.039930000000000021e+00 1.044049999999999923e+00 1.048440000000000039e+00 1.053490000000000038e+00 1.059239999999999959e+00 1.065779999999999950e+00
1.008199999999999985e+00 1.089490000000000069e+00 1.196979999999999933e+00 1.306589999999999918e+00 1.407950000000000035e+00 1.515600000000000058e+00 1.648470000000000102e+00 1.798540000000000028e+00 1.956939999999999902e+00 2.120099999999999874e+00 2.284710000000000019e+00
1.011700000000000044e+00 1.261009999999999964e+00 1.584140000000000104e+00 1.896940000000000071e+00 2.220050000000000079e+00 2.590230000000000032e+00 3.006730000000000125e+00 3.440459999999999852e+00 3.879560000000000120e+00 4.319600000000000328e+00 4.764990000000000059e+00
1.009090000000000042e+00 1.130579999999999918e+00 1.294370000000000021e+00 1.456690000000000040e+00 1.613350000000000062e+00 1.788520000000000110e+00 1.995519999999999960e+00 2.221070000000000100e+00 2.454540000000000166e+00 2.691149999999999931e+00 2.930790000000000006e+00
1.006539999999999990e+00 1.022550000000000070e+00 1.040640000000000009e+00 1.058449999999999891e+00 1.073490000000000055e+00 1.085329999999999906e+00 1.099169999999999980e+00 1.116840000000000055e+00 1.138200000000000101e+00 1.162230000000000096e+00 1.188900000000000068e+00
1.011300000000000088e+00 1.231980000000000075e+00 1.513130000000000086e+00 1.786319999999999908e+00 2.060880000000000045e+00 2.377009999999999845e+00 2.738160000000000149e+00 3.122840000000000060e+00 3.516179999999999861e+00 3.914140000000000175e+00 4.313159999999999883e+00
1.007700000000000040e+00 1.064030000000000031e+00 1.137359999999999927e+00 1.218569999999999931e+00 1.296720000000000095e+00 1.368959999999999955e+00 1.447740000000000027e+00 1.539390000000000036e+00 1.643129999999999979e+00 1.755239999999999911e+00 1.872069999999999901e+00
1.007260000000000044e+00 1.049830000000000041e+00 1.102729999999999988e+00 1.158130000000000104e+00 1.207710000000000061e+00 1.254799999999999915e+00 1.315160000000000107e+00 1.388130000000000086e+00 1.469149999999999956e+00 1.555269999999999930e+00 1.645059999999999967e+00
1.007360000000000033e+00 1.050699999999999967e+00 1.103939999999999921e+00 1.161489999999999911e+00 1.216849999999999987e+00 1.265519999999999978e+00 1.317059999999999897e+00 1.378169999999999895e+00 1.447920000000000096e+00 1.524010000000000087e+00 1.605709999999999971e+00
1.010259999999999936e+00 1.181859999999999911e+00 1.408740000000000103e+00 1.631399999999999961e+00 1.852470000000000061e+00 2.102549999999999919e+00 2.392279999999999962e+00 2.701010000000000133e+00 3.020039999999999836e+00 3.343280000000000030e+00 3.668449999999999989e+00
1.006150000000000100e+00 1.008960000000000079e+00 1.011959999999999971e+00 1.014829999999999899e+00 1.017239999999999922e+00 1.018850000000000033e+00 1.020159999999999956e+00 1.021460000000000035e+00 1.022820000000000062e+00 1.024329999999999963e+00 1.025970000000000049e+00
1.006860000000000088e+00 1.034450000000000092e+00 1.067809999999999926e+00 1.102009999999999934e+00 1.133070000000000022e+00 1.159270000000000023e+00 1.190499999999999892e+00 1.230310000000000015e+00 1.277120000000000033e+00 1.328880000000000061e+00 1.383999999999999897e+00
1.007889999999999953e+00 1.076019999999999976e+00 1.167459999999999942e+00 1.263549999999999951e+00 1.352950000000000097e+00 1.441580000000000084e+00 1.547970000000000068e+00 1.671999999999999931e+00 1.806389999999999940e+00 1.945699999999999985e+00 2.089830000000000076e+00
1.007670000000000066e+00 1.062670000000000003e+00 1.134600000000000053e+00 1.214469999999999938e+00 1.291130000000000111e+00 1.361760000000000081e+00 1.438809999999999922e+00 1.529209999999999958e+00 1.630910000000000082e+00 1.740599999999999925e+00 1.855939999999999923e+00
1.008159999999999945e+00 1.084500000000000020e+00 1.186970000000000081e+00 1.295979999999999910e+00 1.398919999999999941e+00 1.499370000000000092e+00 1.616340000000000110e+00 1.752639999999999976e+00 1.900530000000000053e+00 2.055309999999999970e+00 2.215949999999999864e+00
1.007179999999999964e+00 1.047900000000000054e+00 1.097800000000000109e+00 1.149480000000000057e+00 1.194930000000000048e+00 1.238369999999999971e+00 1.295199999999999907e+00 1.364100000000000090e+00 1.441300000000000026e+00 1.522780000000000022e+00 1.607220000000000093e+00
1.008799999999999919e+00 1.116379999999999928e+00 1.262459999999999916e+00 1.408320000000000016e+00 1.548259999999999970e+00 1.700520000000000032e+00 1.881820000000000048e+00 2.081809999999999938e+00 2.291669999999999874e+00 2.504109999999999836e+00 2.721470000000000056e+00
1.006269999999999998e+00 1.012969999999999926e+00 1.020459999999999923e+00 1.027649999999999952e+00 1.033670000000000089e+00 1.037740000000000107e+00 1.041160000000000085e+00 1.045160000000000089e+00 1.049979999999999913e+00 1.055779999999999941e+00 1.062300000000000022e+00
1.009530000000000038e+00 1.145280000000000076e+00 1.326950000000000074e+00 1.507670000000000066e+00 1.682190000000000074e+00 1.871879999999999988e+00 2.095250000000000057e+00 2.342280000000000140e+00 2.598700000000000010e+00 2.861019999999999897e+00 3.126570000000000071e+00
1.007370000000000099e+00 1.053320000000000034e+00 1.109520000000000062e+00 1.168520000000000003e+00 1.222199999999999953e+00 1.270809999999999995e+00 1.328589999999999938e+00 1.398779999999999912e+00 1.478029999999999955e+00 1.562249999999999917e+00 1.652339999999999920e+00
1.006690000000000085e+00 1.027139999999999942e+00 1.051220000000000043e+00 1.076559999999999961e+00 1.101199999999999957e+00 1.122339999999999893e+00 1.143110000000000070e+00 1.167110000000000092e+00 1.194649999999999990e+00 1.226010000000000044e+00 1.260299999999999976e+00
1.009069999999999911e+00 1.126319999999999988e+00 1.286240000000000050e+00 1.448660000000000059e+00 1.602400000000000047e+00 1.759260000000000046e+00 1.943959999999999910e+00 2.152159999999999851e+00 2.373130000000000184e+00 2.601059999999999928e+00 2.832390000000000185e+00
1.011179999999999968e+00 1.219270000000000076e+00 1.490850000000000009e+00 1.757020000000000026e+00 2.015289999999999804e+00 2.293270000000000142e+00 2.613849999999999785e+00 2.968469999999999942e+00 3.338360000000000216e+00 3.718259999999999899e+00 4.099129999999999718e+00
1.011879999999999891e+00 1.261169999999999902e+00 1.576119999999999965e+00 1.880149999999999988e+00 2.188089999999999868e+00 2.539860000000000007e+00 2.943690000000000140e+00 3.370049999999999990e+00 3.802329999999999988e+00 4.244710000000000427e+00 4.687249999999999694e+00
1.009549999999999947e+00 1.142179999999999973e+00 1.316289999999999960e+00 1.490350000000000064e+00 1.656020000000000048e+00 1.832829999999999959e+00 2.043810000000000127e+00 2.278519999999999879e+00 2.526629999999999932e+00 2.781190000000000051e+00 3.041180000000000216e+00
1.009910000000000085e+00 1.168449999999999989e+00 1.380149999999999988e+00 1.587290000000000090e+00 1.793250000000000011e+00 2.024960000000000093e+00 2.293979999999999908e+00 2.582180000000000142e+00 2.876939999999999831e+00 3.178420000000000023e+00 3.478200000000000180e+00
1.006420000000000092e+00 1.017889999999999961e+00 1.031169999999999920e+00 1.044689999999999896e+00 1.057250000000000023e+00 1.067169999999999952e+00 1.076200000000000045e+00 1.086529999999999996e+00 1.098549999999999915e+00 1.112460000000000004e+00 1.128060000000000063e+00
1.007649999999999935e+00 1.063870000000000093e+00 1.136570000000000080e+00 1.214040000000000008e+00 1.285549999999999971e+00 1.354319999999999968e+00 1.437240000000000073e+00 1.534319999999999906e+00 1.641340000000000021e+00 1.755640000000000089e+00 1.873140000000000027e+00
1.006559999999999899e+00 1.024000000000000021e+00 1.044999999999999929e+00 1.065590000000000037e+00 1.083139999999999992e+00 1.096319999999999961e+00 1.111390000000000100e+00 1.131399999999999961e+00 1.155999999999999917e+00 1.184460000000000068e+00 1.216099999999999959e+00
1.007689999999999975e+00 1.064859999999999918e+00 1.139340000000000019e+00 1.219410000000000105e+00 1.294130000000000003e+00 1.364279999999999937e+00 1.446720000000000006e+00 1.544480000000000075e+00 1.651529999999999943e+00 1.766829999999999901e+00 1.886390000000000011e+00
