-0.78193334240501199961 -0.53348664994054484367 0.32244727068241868517
-0.064541226621864372648 0.46916698195940714777 0.88074784876560807678
-0.46212443005388331718 0.16804276103186957525 0.87074832277309566209
-0.096808120248877971292 -0.92822626961639365106 0.35919936003271635272
-0.88571709956387623119 0.27258082713596387681 -0.37577242077889128069
-0.73141905518208349957 -0.6793661636797723169 -0.059057441221045378632
-0.4529936530802058936 -0.75169062000826125658 0.47933074391347524346
-0.92430928208054718986 -0.37813432841359673198 -0.051640882398942752896
-0.15272857406559442461 -0.75214613352385961687 0.6410539575488153341
-0.37834469472285037206 -0.91953229401244251928 0.10637505461003637919
-0.44512587842782097569 0.86767575768577687167 0.22136334809148888736
-0.2065226090529394265 -0.9628691055197345916 0.17387207247166855395
-0.10036141718438836012 0.95922391716718691246 0.26422918588827215558
-0.96356990648448659353 -0.24122025959475990042 0.11552411730246699151
-0.77734653123893648896 -0.62889225393342407244 -0.015063310171770559476
-0.082121037124156442966 -0.30792645841472127133 0.94785939435647303952
-0.70521084171536463359 0.38508877729949636537 0.59530185815692326923
-0.61423539305400887134 0.75111924514042982537 0.24193958233298273885
-0.62341333620408212468 0.63713294196358383203 0.45322999294808852255
-0.16717739396305469901 -0.95219821337996923827 0.25567612595570265999
-0.55582152215609570423 -0.24646496099876250008 0.79392534819588633788
-0.070458884925771347874 -0.25399115813132616681 0.96463673842857788898
-0.52164524121574329385 -0.090854744399175332847 0.84831106189718497035
-0.11203125928907442521 -0.74735926414084352665 0.65490696075470233861
-0.063652230978337984157 0.84531994516641473236 0.53045507236271172147
-0.39733613901403369573 0.71342276779854763014 0.57719316265881059902
-0.13235985489841975427 0.43423558196102290951 0.89102206940694872461
-0.23987397564889101353 -0.71412932158264763594 0.65763195471502344791
-0.95435252381377744246 -0.045539794992060324275 0.29519042559397917769
-0.68172584441694838997 -0.4295802744321696176 0.59220829179671252707
-0.083628717262151319733 0.95727753961620587475 0.27681392630326695503
-0.73234101441626409112 0.64907300296160752584 -0.20586615902123975297
-0.83919574155110665536 -0.22887761080281326942 0.49332093674978372277
-0.8337862704522522872 0.2236416050252937604 0.5047622090717904797
0.87544998986992716983 -0.3367231681426413048 0.34670567239767935419
0.088135458155008214454 0.41443218556357258597 0.9058024644395750169
0.45469690878976853909 0.27702821887902329134 0.84646682574200438065
0.14641137386614999638 -0.90287638019775462439 0.40420038555600923402
0.78462038946956791374 0.45868400903330946994 -0.41710888780479654647
0.77460469328499625963 -0.62060565730333139278 -0.12180388854201940063
0.62018953818926203514 -0.6271738632208800901 0.47118773542313968639
0.9734860625082545349 -0.1517558735952244664 -0.17115794147957313909
0.18457637017006442437 -0.71872967347238359004 0.67034261392598659679
0.40636809220545577759 -0.91031042095172864936 0.078739514501836457838
0.44495627443049823313 0.86741035290065460206 0.22274019288330673683
0.195242177725100996 -0.96353773908308359974 0.1829631585861469234
0.090728480514712925298 0.95858974212897052336 0.26995193851610871372
0.9967176697240308636 -0.071949711242006414436 0.037109647156633125686
0.8733670627304883638 -0.48624609944027619157 -0.0281905040152897364
0.11833307562917573519 -0.3451355446731583787 0.93106323040666916224
0.72828974582221550627 0.41029884603431154844 0.54886146072859309797
0.5898807119989997183 0.7745405569416635716 0.22831485116840471994
0.66239811739104181854 0.58839038490006856374 0.46370840949238001372
0.18060103618285644478 -0.94477943757348670228 0.2734503246807450938
0.53469638481963321919 -0.21332687416154094695 0.81767439780225514845
0.11572159736610271308 -0.26519394064535944944 0.9572255145722052827
0.5343606764902596451 0.00091305515314733614023 0.84525607584397721705
0.18433784416170653775 -0.74789907286612622439 0.63770411321850761777
0.089369122286551541667 0.83325208585815013773 0.54562269142217056928
0.40010404039261981968 0.73240896513711295501 0.55090277240932827851
0.14630013541671574306 0.51027645480560623881 0.84747519730554499162
0.30405766052700800017 -0.70552430238212904268 0.6401440445892261355
0.95713351326563378407 0.18251265711007602643 0.22491013267170656409
0.69315760789379754492 -0.29511690052225664216 0.65760059735760956201
0.097836901418967572863 0.9563086805840534943 0.27550253748436143164
0.61890340822180744951 0.75743499962312610396 -0.20796824910871750114
0.87654557390838505615 -0.050611294623932823189 0.47865055491256780495
0.83399816527835224367 0.37972845731931259561 0.40031657349432514525
