-4.906309999999999860e+01 -3.472109999999999985e+01 1.859059999999999846e+01
-4.324600000000000222e+00 2.432270000000000110e+01 4.729160000000000252e+01
-3.320940000000000225e+01 1.316230000000000011e+01 6.413139999999999930e+01
-6.726300000000000168e+00 -6.920619999999999550e+01 2.591850000000000165e+01
-2.697650000000000148e+01 8.390700000000000713e+00 -1.401409999999999911e+01
-3.485379999999999967e+01 -3.366140000000000043e+01 -2.273899999999999810e+00
-3.744469999999999743e+01 -6.132050000000000267e+01 3.995870000000000033e+01
-4.975780000000000314e+01 -1.986670000000000158e+01 -5.486799999999999677e+00
-7.053700000000000081e+00 -3.248530000000000229e+01 2.834149999999999991e+01
-2.986449999999999960e+01 -7.211780000000000257e+01 8.387100000000000222e+00
-2.335539999999999949e+01 4.301230000000000331e+01 1.050200000000000067e+01
-1.264029999999999987e+01 -5.763719999999999999e+01 8.265599999999999170e+00
-3.946200000000000152e+00 4.880519999999999925e+01 1.056049999999999933e+01
-5.609100000000000108e+01 -1.647169999999999845e+01 5.939600000000000435e+00
-2.394510000000000005e+01 -1.948949999999999960e+01 -1.092100000000000071e+00
-5.882799999999999585e+00 -1.829779999999999873e+01 6.567109999999999559e+01
-4.303979999999999961e+01 2.541100000000000136e+01 3.515429999999999922e+01
-4.009810000000000230e+01 4.925580000000000069e+01 1.148000000000000043e+01
-4.261889999999999645e+01 3.819069999999999965e+01 3.104889999999999972e+01
-1.275730000000000075e+01 -6.524679999999999325e+01 2.108249999999999957e+01
-3.859720000000000084e+01 -1.463739999999999952e+01 5.439970000000000283e+01
-4.285900000000000265e-01 -1.341760000000000019e+01 4.569570000000000221e+01
-3.309989999999999810e+01 -5.774000000000000021e+00 5.778509999999999991e+01
-6.227100000000000080e+00 -4.816640000000000299e+01 4.447690000000000055e+01
-4.975799999999999557e+00 4.947169999999999845e+01 2.957570000000000121e+01
-2.804029999999999845e+01 5.256060000000000088e+01 4.084089999999999776e+01
-7.348300000000000054e+00 2.822479999999999833e+01 6.022729999999999961e+01
-1.994689999999999941e+01 -5.767399999999999949e+01 5.277029999999999887e+01
-5.079260000000000019e+01 -3.098899999999999988e+00 1.425660000000000061e+01
-4.893549999999999756e+01 -2.898799999999999955e+01 4.335119999999999862e+01
-7.795899999999999608e+00 7.585769999999999413e+01 2.067109999999999914e+01
-3.044399999999999906e+01 3.275650000000000261e+01 -9.296400000000000219e+00
-3.948879999999999768e+01 -1.017830000000000013e+01 2.502779999999999916e+01
-3.446340000000000003e+01 1.286389999999999922e+01 2.304260000000000019e+01
4.925759999999999650e+01 -1.883670000000000044e+01 2.005979999999999919e+01
3.744800000000000129e+00 1.963840000000000074e+01 4.252000000000000313e+01
3.241310000000000002e+01 1.930170000000000030e+01 6.066510000000000247e+01
1.047320000000000029e+01 -6.726739999999999498e+01 3.035330000000000084e+01
1.954429999999999978e+01 1.254609999999999914e+01 -1.370940000000000047e+01
3.191250000000000142e+01 -2.607499999999999929e+01 -5.523399999999999643e+00
4.541620000000000346e+01 -4.574889999999999901e+01 3.448559999999999803e+01
4.686330000000000240e+01 -7.783299999999999663e+00 -9.286300000000000665e+00
7.469000000000000306e+00 -2.985610000000000142e+01 2.744129999999999825e+01
3.030389999999999873e+01 -6.748579999999999757e+01 6.056000000000000050e+00
2.519460000000000122e+01 4.653450000000000131e+01 1.086780000000000079e+01
1.162010000000000076e+01 -5.506280000000000285e+01 7.834500000000000242e+00
4.690800000000000303e+00 5.189549999999999841e+01 1.562149999999999928e+01
5.764220000000000255e+01 -5.063200000000000145e+00 2.780600000000000183e+00
2.296659999999999968e+01 -1.322899999999999920e+01 -1.266699999999999937e+00
7.118199999999999861e+00 -2.206749999999999901e+01 6.328509999999999991e+01
4.531139999999999901e+01 2.196180000000000021e+01 3.585459999999999781e+01
4.358740000000000236e+01 5.286339999999999861e+01 1.686169999999999902e+01
4.658959999999999724e+01 4.193460000000000321e+01 3.407710000000000150e+01
1.295049999999999990e+01 -6.632280000000000086e+01 1.942689999999999984e+01
3.702550000000000097e+01 -1.443520000000000003e+01 5.739650000000000318e+01
3.229200000000000070e+00 -1.288199999999999967e+01 4.777830000000000155e+01
3.373340000000000316e+01 1.315299999999999914e+00 5.940509999999999735e+01
9.678699999999999193e+00 -4.793460000000000321e+01 4.395259999999999678e+01
1.224499999999999922e+00 3.925560000000000116e+01 2.382750000000000057e+01
2.930489999999999995e+01 5.602009999999999934e+01 4.121549999999999869e+01
8.365399999999999281e+00 3.389759999999999707e+01 5.612319999999999709e+01
2.475019999999999953e+01 -5.654140000000000299e+01 5.088680000000000092e+01
4.933189999999999742e+01 1.088969999999999949e+01 1.258319999999999972e+01
4.927029999999999887e+01 -1.768540000000000134e+01 4.489330000000000354e+01
7.115300000000000402e+00 7.772599999999999909e+01 2.291019999999999968e+01
2.512549999999999883e+01 3.314540000000000219e+01 -5.767299999999999649e+00
4.078040000000000020e+01 -1.514999999999999902e+00 2.378529999999999944e+01
3.444310000000000116e+01 1.891710000000000136e+01 1.473889999999999922e+01
