1.618049999999999988e+00 1.568359999999999976e+00 1.519779999999999909e+00 1.472409999999999997e+00 1.426250000000000018e+00 1.381180000000000074e+00 1.336999999999999966e+00 1.293560000000000043e+00 1.250750000000000028e+00 1.208849999999999980e+00 1.168530000000000069e+00 1.130810000000000093e+00 1.096889999999999921e+00 1.067660000000000053e+00 1.044569999999999999e+00 1.027949999999999919e+00
1.218579999999999997e+00 1.201340000000000074e+00 1.184760000000000035e+00 1.168819999999999970e+00 1.153469999999999995e+00 1.138660000000000005e+00 1.124339999999999895e+00 1.110500000000000043e+00 1.097210000000000019e+00 1.084540000000000060e+00 1.072549999999999892e+00 1.061260000000000092e+00 1.050680000000000058e+00 1.040960000000000107e+00 1.032650000000000068e+00 1.026029999999999998e+00
2.799450000000000216e+00 2.662510000000000154e+00 2.527359999999999829e+00 2.394210000000000171e+00 2.263180000000000192e+00 2.134170000000000122e+00 2.006959999999999855e+00 1.881119999999999903e+00 1.756219999999999892e+00 1.631790000000000074e+00 1.507719999999999949e+00 1.384460000000000024e+00 1.263779999999999903e+00 1.154360000000000053e+00 1.074349999999999916e+00 1.024350000000000094e+00
2.245249999999999968e+00 2.148159999999999847e+00 2.052579999999999849e+00 1.958709999999999951e+00 1.866630000000000011e+00 1.776329999999999965e+00 1.687629999999999963e+00 1.600209999999999910e+00 1.513540000000000108e+00 1.427280000000000104e+00 1.341620000000000035e+00 1.257749999999999924e+00 1.178840000000000110e+00 1.110600000000000032e+00 1.058529999999999971e+00 1.023840000000000083e+00
1.181570000000000009e+00 1.167650000000000077e+00 1.154300000000000104e+00 1.141539999999999999e+00 1.129329999999999945e+00 1.117629999999999901e+00 1.106370000000000076e+00 1.095499999999999918e+00 1.085020000000000095e+00 1.074929999999999941e+00 1.065290000000000070e+00 1.056100000000000039e+00 1.047400000000000109e+00 1.039309999999999956e+00 1.032210000000000072e+00 1.026219999999999910e+00
2.345200000000000173e+00 2.240969999999999906e+00 2.138360000000000039e+00 2.037589999999999790e+00 1.938749999999999973e+00 1.841809999999999947e+00 1.746499999999999941e+00 1.652409999999999934e+00 1.559050000000000047e+00 1.466210000000000013e+00 1.374130000000000074e+00 1.283600000000000074e+00 1.196849999999999969e+00 1.120139999999999914e+00 1.061660000000000048e+00 1.023590000000000000e+00
3.704089999999999883e+00 3.499049999999999994e+00 3.296289999999999942e+00 3.096280000000000143e+00 2.899270000000000014e+00 2.705490000000000173e+00 2.514990000000000059e+00 2.327609999999999957e+00 2.142650000000000166e+00 1.959249999999999936e+00 1.776850000000000041e+00 1.595460000000000100e+00 1.415599999999999969e+00 1.242690000000000072e+00 1.106780000000000097e+00 1.026410000000000045e+00
2.363170000000000215e+00 2.256920000000000037e+00 2.152299999999999880e+00 2.049510000000000165e+00 1.948649999999999993e+00 1.849699999999999900e+00 1.752410000000000023e+00 1.656460000000000043e+00 1.561369999999999925e+00 1.466920000000000002e+00 1.373299999999999965e+00 1.281330000000000080e+00 1.193619999999999903e+00 1.117539999999999978e+00 1.061269999999999936e+00 1.023900000000000032e+00
1.318149999999999933e+00 1.291479999999999961e+00 1.265630000000000033e+00 1.240620000000000056e+00 1.216439999999999966e+00 1.193019999999999969e+00 1.170339999999999936e+00 1.148409999999999931e+00 1.127329999999999943e+00 1.107329999999999925e+00 1.088680000000000092e+00 1.071469999999999922e+00 1.055730000000000057e+00 1.041460000000000052e+00 1.029400000000000093e+00 1.020080000000000098e+00
4.062120000000000175e+00 3.827430000000000110e+00 3.595619999999999816e+00 3.367150000000000087e+00 3.142469999999999875e+00 2.921899999999999942e+00 2.705569999999999808e+00 2.493329999999999824e+00 2.284440000000000026e+00 2.077999999999999847e+00 1.873539999999999983e+00 1.671100000000000030e+00 1.471580000000000110e+00 1.280399999999999983e+00 1.125439999999999996e+00 1.030340000000000034e+00
1.654290000000000038e+00 1.601679999999999993e+00 1.550289999999999946e+00 1.500080000000000080e+00 1.450970000000000093e+00 1.402740000000000098e+00 1.355189999999999895e+00 1.308179999999999898e+00 1.261849999999999916e+00 1.216599999999999904e+00 1.173389999999999933e+00 1.133580000000000032e+00 1.098349999999999937e+00 1.068210000000000104e+00 1.043889999999999985e+00 1.025150000000000006e+00
1.522710000000000008e+00 1.479589999999999961e+00 1.437449999999999894e+00 1.396320000000000006e+00 1.356200000000000072e+00 1.317010000000000014e+00 1.278620000000000090e+00 1.240909999999999958e+00 1.203940000000000010e+00 1.168109999999999982e+00 1.134179999999999966e+00 1.103229999999999933e+00 1.076109999999999900e+00 1.053020000000000067e+00 1.034280000000000088e+00 1.020170000000000021e+00
1.456569999999999920e+00 1.419419999999999904e+00 1.383210000000000051e+00 1.347920000000000007e+00 1.313460000000000072e+00 1.279700000000000060e+00 1.246569999999999956e+00 1.214089999999999892e+00 1.182509999999999950e+00 1.152269999999999905e+00 1.123960000000000070e+00 1.098049999999999971e+00 1.074799999999999978e+00 1.054300000000000015e+00 1.037080000000000002e+00 1.023400000000000087e+00
2.912009999999999987e+00 2.763619999999999965e+00 2.617340000000000000e+00 2.473520000000000163e+00 2.332359999999999989e+00 2.193909999999999805e+00 2.058040000000000092e+00 1.924400000000000110e+00 1.792389999999999928e+00 1.661419999999999897e+00 1.531330000000000080e+00 1.402600000000000069e+00 1.277220000000000022e+00 1.164169999999999927e+00 1.079749999999999988e+00 1.025099999999999900e+00
1.078780000000000072e+00 1.074440000000000062e+00 1.070249999999999924e+00 1.066200000000000037e+00 1.062259999999999982e+00 1.058419999999999916e+00 1.054650000000000087e+00 1.050939999999999985e+00 1.047299999999999898e+00 1.043739999999999890e+00 1.040289999999999937e+00 1.036960000000000104e+00 1.033770000000000078e+00 1.030759999999999899e+00 1.028000000000000025e+00 1.025519999999999987e+00
1.953449999999999909e+00 1.878749999999999920e+00 1.805279999999999996e+00 1.733219999999999983e+00 1.662579999999999947e+00 1.593239999999999990e+00 1.525099999999999900e+00 1.457929999999999948e+00 1.391410000000000036e+00 1.325509999999999966e+00 1.260620000000000074e+00 1.197759999999999936e+00 1.139289999999999914e+00 1.089080000000000048e+00 1.050890000000000102e+00 1.025150000000000006e+00
2.239829999999999988e+00 2.143510000000000026e+00 2.048799999999999955e+00 1.955810000000000048e+00 1.864579999999999904e+00 1.774950000000000028e+00 1.686639999999999917e+00 1.599320000000000075e+00 1.512699999999999934e+00 1.426600000000000090e+00 1.341320000000000068e+00 1.257910000000000084e+00 1.179000000000000048e+00 1.110989999999999922e+00 1.060699999999999976e+00 1.026860000000000106e+00
1.487530000000000019e+00 1.447940000000000005e+00 1.409259999999999957e+00 1.371499999999999941e+00 1.334559999999999969e+00 1.298340000000000050e+00 1.262669999999999959e+00 1.227500000000000036e+00 1.193019999999999969e+00 1.159650000000000070e+00 1.128190000000000026e+00 1.099499999999999922e+00 1.074230000000000018e+00 1.052459999999999951e+00 1.034909999999999997e+00 1.021400000000000086e+00
1.824759999999999938e+00 1.759630000000000027e+00 1.695810000000000040e+00 1.633359999999999923e+00 1.572230000000000016e+00 1.512229999999999963e+00 1.453130000000000033e+00 1.394649999999999945e+00 1.336619999999999919e+00 1.279190000000000049e+00 1.222990000000000022e+00 1.169399999999999995e+00 1.120649999999999924e+00 1.079269999999999952e+00 1.047449999999999992e+00 1.024739999999999984e+00
1.980080000000000062e+00 1.901899999999999924e+00 1.825139999999999985e+00 1.749959999999999960e+00 1.676369999999999916e+00 1.604330000000000034e+00 1.533590000000000009e+00 1.463859999999999939e+00 1.394840000000000080e+00 1.326589999999999936e+00 1.259719999999999951e+00 1.195889999999999898e+00 1.138269999999999893e+00 1.089990000000000014e+00 1.052270000000000039e+00 1.025209999999999955e+00
2.859300000000000175e+00 2.716390000000000082e+00 2.575429999999999886e+00 2.436700000000000088e+00 2.300359999999999960e+00 2.166360000000000063e+00 2.034629999999999939e+00 1.904919999999999947e+00 1.776750000000000052e+00 1.649440000000000017e+00 1.522850000000000037e+00 1.397389999999999910e+00 1.274850000000000039e+00 1.162860000000000005e+00 1.078729999999999967e+00 1.025490000000000013e+00
1.349830000000000085e+00 1.320710000000000051e+00 1.292499999999999982e+00 1.265230000000000077e+00 1.238860000000000072e+00 1.213340000000000085e+00 1.188620000000000010e+00 1.164730000000000043e+00 1.141780000000000017e+00 1.120020000000000016e+00 1.099660000000000082e+00 1.080880000000000063e+00 1.063639999999999919e+00 1.047979999999999912e+00 1.034720000000000084e+00 1.024399999999999977e+00
3.639320000000000110e+00 3.437139999999999862e+00 3.237550000000000150e+00 3.040929999999999911e+00 2.847539999999999960e+00 2.657439999999999802e+00 2.470680000000000209e+00 2.287049999999999805e+00 2.105999999999999872e+00 1.926709999999999923e+00 1.748830000000000107e+00 1.572410000000000085e+00 1.398379999999999956e+00 1.234040000000000026e+00 1.107199999999999962e+00 1.028299999999999992e+00
2.518940000000000179e+00 2.401400000000000201e+00 2.285629999999999828e+00 2.171870000000000189e+00 2.060239999999999849e+00 1.950760000000000050e+00 1.843310000000000004e+00 1.737549999999999928e+00 1.632900000000000018e+00 1.528909999999999991e+00 1.425610000000000044e+00 1.323739999999999917e+00 1.225260000000000016e+00 1.136060000000000070e+00 1.067989999999999995e+00 1.024280000000000079e+00
1.284350000000000103e+00 1.261030000000000095e+00 1.238429999999999920e+00 1.216550000000000020e+00 1.195340000000000069e+00 1.174730000000000052e+00 1.154740000000000100e+00 1.135410000000000030e+00 1.116859999999999964e+00 1.099310000000000009e+00 1.082929999999999948e+00 1.067809999999999926e+00 1.053919999999999968e+00 1.041239999999999943e+00 1.030359999999999943e+00 1.021810000000000107e+00
2.957899999999999974e+00 2.805769999999999875e+00 2.656169999999999920e+00 2.509349999999999969e+00 2.365419999999999856e+00 2.224270000000000191e+00 2.085570000000000146e+00 1.948890000000000011e+00 1.813630000000000075e+00 1.679340000000000055e+00 1.546049999999999924e+00 1.414530000000000065e+00 1.286990000000000078e+00 1.171540000000000026e+00 1.083590000000000053e+00 1.025470000000000104e+00
3.544070000000000054e+00 3.346169999999999867e+00 3.151510000000000034e+00 2.960480000000000000e+00 2.773330000000000073e+00 2.590120000000000200e+00 2.410750000000000171e+00 2.234780000000000211e+00 2.061529999999999863e+00 1.890139999999999931e+00 1.720169999999999977e+00 1.551739999999999897e+00 1.385780000000000012e+00 1.229200000000000070e+00 1.106289999999999996e+00 1.026659999999999906e+00
4.101350000000000051e+00 3.866229999999999833e+00 3.633680000000000021e+00 3.404199999999999893e+00 3.178129999999999900e+00 2.955769999999999786e+00 2.737299999999999844e+00 2.522569999999999979e+00 2.310970000000000191e+00 2.101539999999999964e+00 1.893669999999999964e+00 1.687230000000000008e+00 1.482509999999999994e+00 1.283970000000000056e+00 1.123529999999999918e+00 1.028189999999999937e+00
2.719720000000000137e+00 2.584270000000000067e+00 2.451109999999999900e+00 2.320489999999999942e+00 2.192579999999999973e+00 2.067369999999999930e+00 1.944679999999999964e+00 1.824149999999999938e+00 1.705149999999999944e+00 1.587139999999999995e+00 1.470099999999999962e+00 1.354759999999999964e+00 1.243570000000000064e+00 1.144910000000000094e+00 1.070699999999999985e+00 1.020720000000000072e+00
2.499330000000000052e+00 2.383360000000000145e+00 2.269089999999999829e+00 2.156730000000000036e+00 2.046469999999999789e+00 1.938280000000000003e+00 1.832100000000000062e+00 1.727579999999999893e+00 1.624230000000000063e+00 1.521560000000000024e+00 1.419659999999999922e+00 1.319239999999999968e+00 1.222399999999999931e+00 1.136069999999999913e+00 1.071550000000000002e+00 1.029379999999999962e+00
1.154309999999999947e+00 1.143040000000000056e+00 1.132249999999999979e+00 1.121960000000000068e+00 1.112079999999999957e+00 1.102549999999999919e+00 1.093290000000000095e+00 1.084249999999999936e+00 1.075430000000000108e+00 1.066899999999999959e+00 1.058670000000000000e+00 1.050850000000000062e+00 1.043500000000000094e+00 1.036669999999999980e+00 1.030759999999999899e+00 1.025989999999999958e+00
1.438940000000000108e+00 1.402670000000000083e+00 1.367369999999999974e+00 1.333050000000000068e+00 1.299670000000000103e+00 1.267139999999999933e+00 1.235370000000000079e+00 1.204339999999999966e+00 1.174150000000000027e+00 1.145180000000000087e+00 1.117960000000000065e+00 1.093050000000000077e+00 1.070729999999999960e+00 1.051309999999999967e+00 1.035379999999999967e+00 1.022729999999999917e+00
1.271169999999999911e+00 1.249100000000000099e+00 1.227819999999999911e+00 1.207349999999999923e+00 1.187650000000000095e+00 1.168639999999999901e+00 1.150260000000000060e+00 1.132449999999999957e+00 1.115280000000000049e+00 1.098850000000000104e+00 1.083280000000000021e+00 1.068689999999999918e+00 1.055099999999999927e+00 1.042780000000000040e+00 1.032699999999999951e+00 1.025130000000000097e+00
1.828610000000000069e+00 1.762189999999999923e+00 1.697109999999999896e+00 1.633450000000000069e+00 1.571180000000000021e+00 1.510150000000000103e+00 1.450199999999999934e+00 1.391110000000000069e+00 1.332729999999999970e+00 1.275169999999999915e+00 1.219119999999999981e+00 1.166090000000000071e+00 1.118370000000000086e+00 1.077849999999999975e+00 1.046079999999999899e+00 1.023039999999999949e+00
1.640589999999999993e+00 1.589420000000000055e+00 1.539260000000000073e+00 1.490240000000000009e+00 1.442390000000000061e+00 1.395610000000000017e+00 1.349739999999999940e+00 1.304540000000000033e+00 1.259900000000000020e+00 1.215880000000000072e+00 1.173049999999999926e+00 1.132489999999999997e+00 1.095699999999999896e+00 1.063790000000000013e+00 1.038750000000000062e+00 1.021719999999999962e+00
1.213019999999999987e+00 1.195270000000000055e+00 1.178209999999999980e+00 1.161859999999999893e+00 1.146249999999999991e+00 1.131289999999999907e+00 1.116940000000000044e+00 1.103159999999999918e+00 1.089949999999999974e+00 1.077360000000000095e+00 1.065430000000000099e+00 1.054200000000000026e+00 1.043630000000000058e+00 1.033910000000000107e+00 1.025700000000000056e+00 1.019200000000000106e+00
2.495000000000000107e+00 2.379599999999999937e+00 2.265829999999999789e+00 2.153919999999999835e+00 2.044070000000000054e+00 1.936239999999999961e+00 1.830219999999999958e+00 1.725519999999999943e+00 1.621590000000000087e+00 1.518000000000000016e+00 1.414770000000000083e+00 1.312500000000000000e+00 1.213589999999999947e+00 1.126959999999999962e+00 1.063520000000000021e+00 1.022680000000000033e+00
1.835530000000000106e+00 1.768489999999999895e+00 1.702690000000000037e+00 1.638239999999999919e+00 1.575239999999999974e+00 1.513570000000000082e+00 1.453030000000000044e+00 1.393310000000000048e+00 1.334249999999999936e+00 1.275930000000000009e+00 1.219100000000000072e+00 1.165450000000000097e+00 1.117459999999999898e+00 1.076899999999999968e+00 1.044629999999999947e+00 1.021849999999999925e+00
1.092980000000000063e+00 1.087150000000000061e+00 1.081639999999999935e+00 1.076389999999999958e+00 1.071339999999999959e+00 1.066449999999999898e+00 1.061649999999999983e+00 1.056920000000000082e+00 1.052259999999999973e+00 1.047670000000000101e+00 1.043150000000000022e+00 1.038729999999999931e+00 1.034450000000000092e+00 1.030399999999999983e+00 1.026710000000000012e+00 1.023430000000000062e+00
2.445539999999999825e+00 2.333740000000000148e+00 2.223650000000000126e+00 2.115540000000000198e+00 2.009640000000000093e+00 1.905939999999999968e+00 1.804210000000000091e+00 1.703850000000000087e+00 1.604270000000000085e+00 1.505060000000000064e+00 1.406409999999999938e+00 1.309279999999999999e+00 1.216110000000000024e+00 1.133059999999999956e+00 1.069229999999999903e+00 1.027619999999999978e+00
4.894070000000000142e+00 4.599050000000000082e+00 4.307150000000000034e+00 4.019000000000000128e+00 3.735240000000000116e+00 3.456240000000000201e+00 3.182319999999999816e+00 2.913320000000000132e+00 2.648670000000000080e+00 2.387179999999999858e+00 2.128000000000000114e+00 1.870560000000000000e+00 1.614460000000000006e+00 1.362559999999999993e+00 1.150570000000000093e+00 1.026310000000000056e+00
2.548680000000000057e+00 2.428939999999999877e+00 2.310859999999999914e+00 2.194700000000000095e+00 2.080690000000000150e+00 1.968820000000000014e+00 1.858899999999999997e+00 1.750459999999999905e+00 1.642919999999999936e+00 1.535840000000000094e+00 1.429270000000000040e+00 1.323970000000000091e+00 1.222380000000000022e+00 1.132300000000000084e+00 1.065280000000000005e+00 1.022219999999999906e+00
1.179440000000000044e+00 1.164549999999999974e+00 1.150330000000000075e+00 1.136810000000000098e+00 1.123969999999999914e+00 1.111790000000000056e+00 1.100160000000000027e+00 1.088989999999999903e+00 1.078240000000000087e+00 1.067919999999999980e+00 1.058070000000000066e+00 1.048699999999999966e+00 1.039849999999999941e+00 1.031590000000000007e+00 1.024280000000000079e+00 1.018380000000000063e+00
3.787780000000000147e+00 3.573760000000000048e+00 3.362400000000000055e+00 3.154100000000000126e+00 2.949419999999999931e+00 2.748619999999999841e+00 2.551790000000000003e+00 2.358569999999999833e+00 2.168239999999999945e+00 1.979889999999999928e+00 1.793190000000000062e+00 1.608440000000000092e+00 1.426819999999999977e+00 1.253100000000000103e+00 1.112619999999999942e+00 1.027300000000000102e+00
1.911010000000000097e+00 1.837800000000000100e+00 1.766059999999999963e+00 1.695829999999999949e+00 1.627089999999999925e+00 1.559669999999999890e+00 1.493300000000000072e+00 1.427759999999999918e+00 1.362940000000000040e+00 1.299050000000000038e+00 1.236869999999999914e+00 1.178250000000000020e+00 1.126179999999999959e+00 1.082889999999999908e+00 1.049020000000000064e+00 1.023349999999999982e+00
1.622069999999999901e+00 1.571329999999999893e+00 1.521789999999999976e+00 1.473489999999999966e+00 1.426449999999999996e+00 1.380489999999999995e+00 1.335409999999999986e+00 1.290980000000000016e+00 1.247169999999999890e+00 1.204260000000000108e+00 1.163019999999999943e+00 1.124800000000000022e+00 1.090940000000000021e+00 1.061870000000000092e+00 1.038140000000000063e+00 1.020429999999999948e+00
1.526149999999999896e+00 1.483549999999999924e+00 1.441969999999999974e+00 1.401429999999999954e+00 1.361839999999999939e+00 1.323069999999999968e+00 1.284960000000000102e+00 1.247479999999999922e+00 1.210709999999999953e+00 1.175100000000000033e+00 1.141369999999999996e+00 1.110400000000000054e+00 1.082920000000000105e+00 1.059160000000000101e+00 1.039740000000000109e+00 1.024529999999999941e+00
3.214729999999999865e+00 3.043559999999999821e+00 2.874670000000000059e+00 2.708439999999999959e+00 2.545310000000000183e+00 2.385429999999999939e+00 2.228800000000000114e+00 2.075009999999999799e+00 1.923380000000000090e+00 1.773109999999999964e+00 1.623969999999999914e+00 1.476239999999999997e+00 1.331339999999999968e+00 1.196590000000000042e+00 1.092829999999999968e+00 1.027549999999999963e+00
1.115699999999999914e+00 1.107799999999999896e+00 1.100309999999999899e+00 1.093190000000000106e+00 1.086370000000000058e+00 1.079790000000000028e+00 1.073390000000000066e+00 1.067110000000000003e+00 1.060929999999999929e+00 1.054880000000000040e+00 1.048980000000000024e+00 1.043260000000000076e+00 1.037800000000000056e+00 1.032659999999999911e+00 1.027989999999999959e+00 1.023889999999999967e+00
1.185850000000000071e+00 1.171070000000000055e+00 1.156949999999999923e+00 1.143529999999999935e+00 1.130789999999999962e+00 1.118670000000000053e+00 1.107059999999999933e+00 1.095839999999999925e+00 1.084959999999999924e+00 1.074449999999999905e+00 1.064359999999999973e+00 1.054669999999999996e+00 1.045379999999999976e+00 1.036599999999999966e+00 1.029139999999999944e+00 1.023530000000000051e+00
1.919790000000000108e+00 1.846929999999999961e+00 1.775360000000000049e+00 1.705230000000000024e+00 1.636630000000000029e+00 1.569439999999999946e+00 1.503460000000000019e+00 1.438330000000000108e+00 1.373799999999999910e+00 1.309900000000000064e+00 1.247109999999999941e+00 1.186690000000000023e+00 1.131529999999999925e+00 1.085139999999999993e+00 1.049670000000000103e+00 1.024939999999999962e+00
1.887150000000000105e+00 1.816060000000000008e+00 1.746340000000000003e+00 1.678060000000000107e+00 1.611189999999999900e+00 1.545560000000000045e+00 1.480949999999999989e+00 1.417110000000000092e+00 1.353890000000000038e+00 1.291460000000000052e+00 1.230539999999999967e+00 1.172849999999999948e+00 1.121599999999999930e+00 1.079579999999999984e+00 1.047290000000000054e+00 1.023179999999999978e+00
1.940930000000000044e+00 1.865949999999999998e+00 1.792340000000000044e+00 1.720210000000000017e+00 1.649540000000000006e+00 1.580189999999999984e+00 1.511940000000000062e+00 1.444509999999999961e+00 1.377699999999999925e+00 1.311569999999999903e+00 1.246690000000000076e+00 1.184620000000000006e+00 1.128749999999999920e+00 1.082610000000000072e+00 1.047579999999999956e+00 1.022140000000000049e+00
1.620670000000000055e+00 1.569690000000000030e+00 1.519830000000000014e+00 1.471170000000000089e+00 1.423729999999999940e+00 1.377420000000000089e+00 1.332039999999999891e+00 1.287420000000000009e+00 1.243530000000000024e+00 1.200739999999999919e+00 1.159950000000000037e+00 1.122689999999999966e+00 1.090070000000000094e+00 1.062270000000000048e+00 1.039379999999999971e+00 1.022359999999999935e+00
2.440399999999999903e+00 2.328939999999999788e+00 2.219050000000000189e+00 2.110959999999999948e+00 2.004890000000000061e+00 1.900810000000000111e+00 1.798559999999999937e+00 1.697689999999999921e+00 1.597720000000000029e+00 1.498420000000000085e+00 1.399869999999999948e+00 1.302669999999999995e+00 1.208939999999999904e+00 1.126219999999999999e+00 1.064910000000000023e+00 1.025160000000000071e+00
1.104109999999999925e+00 1.096740000000000048e+00 1.089769999999999905e+00 1.083169999999999966e+00 1.076899999999999968e+00 1.070880000000000054e+00 1.065059999999999896e+00 1.059390000000000054e+00 1.053830000000000044e+00 1.048419999999999908e+00 1.043169999999999931e+00 1.038079999999999892e+00 1.033169999999999922e+00 1.028510000000000035e+00 1.024299999999999988e+00 1.020729999999999915e+00
3.085310000000000219e+00 2.924279999999999990e+00 2.765489999999999782e+00 2.609309999999999796e+00 2.456090000000000106e+00 2.305890000000000217e+00 2.158589999999999787e+00 2.013659999999999783e+00 1.870460000000000012e+00 1.728529999999999900e+00 1.587709999999999955e+00 1.448250000000000037e+00 1.311460000000000070e+00 1.185720000000000107e+00 1.090489999999999959e+00 1.029449999999999976e+00
1.807630000000000070e+00 1.742930000000000090e+00 1.679489999999999927e+00 1.617399999999999949e+00 1.556740000000000013e+00 1.497379999999999933e+00 1.439089999999999980e+00 1.381550000000000056e+00 1.324549999999999894e+00 1.268199999999999994e+00 1.213079999999999936e+00 1.160539999999999905e+00 1.112929999999999975e+00 1.072570000000000023e+00 1.040829999999999922e+00 1.018880000000000008e+00
1.175659999999999927e+00 1.161720000000000086e+00 1.148409999999999931e+00 1.135720000000000063e+00 1.123620000000000063e+00 1.112049999999999983e+00 1.100940000000000030e+00 1.090279999999999916e+00 1.080049999999999955e+00 1.070219999999999949e+00 1.060820000000000096e+00 1.051870000000000083e+00 1.043400000000000105e+00 1.035509999999999931e+00 1.028710000000000013e+00 1.023179999999999978e+00
2.470579999999999998e+00 2.355360000000000120e+00 2.242070000000000007e+00 2.130980000000000096e+00 2.022190000000000154e+00 1.915610000000000035e+00 1.810980000000000034e+00 1.707829999999999959e+00 1.605620000000000047e+00 1.504019999999999913e+00 1.403140000000000054e+00 1.303889999999999993e+00 1.209319999999999951e+00 1.127660000000000107e+00 1.066719999999999891e+00 1.025090000000000057e+00
2.995309999999999917e+00 2.838060000000000027e+00 2.683479999999999865e+00 2.531919999999999948e+00 2.383649999999999824e+00 2.238640000000000185e+00 2.096630000000000216e+00 1.957100000000000062e+00 1.819350000000000023e+00 1.682830000000000048e+00 1.547379999999999978e+00 1.413440000000000030e+00 1.283050000000000024e+00 1.165429999999999966e+00 1.076659999999999950e+00 1.018219999999999903e+00
4.285110000000000419e+00 4.036150000000000126e+00 3.789899999999999824e+00 3.546850000000000058e+00 3.307539999999999925e+00 3.072280000000000122e+00 2.841190000000000104e+00 2.613879999999999981e+00 2.389710000000000001e+00 2.167800000000000171e+00 1.947629999999999972e+00 1.729049999999999976e+00 1.512459999999999916e+00 1.301560000000000050e+00 1.127170000000000005e+00 1.025150000000000006e+00
3.206020000000000092e+00 3.035070000000000157e+00 2.866490000000000204e+00 2.700680000000000192e+00 2.538019999999999943e+00 2.378639999999999866e+00 2.222480000000000011e+00 2.069119999999999848e+00 1.917890000000000095e+00 1.768019999999999925e+00 1.619169999999999998e+00 1.471559999999999979e+00 1.326719999999999899e+00 1.191869999999999985e+00 1.088400000000000034e+00 1.023330000000000073e+00
2.768489999999999895e+00 2.632190000000000030e+00 2.497630000000000017e+00 2.365120000000000111e+00 2.234980000000000189e+00 2.107260000000000133e+00 1.981899999999999995e+00 1.858419999999999961e+00 1.736210000000000031e+00 1.614689999999999959e+00 1.493679999999999897e+00 1.373590000000000089e+00 1.256310000000000038e+00 1.150020000000000042e+00 1.070370000000000044e+00 1.020979999999999999e+00
1.201030000000000042e+00 1.185389999999999944e+00 1.170339999999999936e+00 1.155890000000000084e+00 1.141979999999999995e+00 1.128549999999999942e+00 1.115590000000000082e+00 1.103050000000000086e+00 1.090910000000000046e+00 1.079250000000000043e+00 1.068100000000000049e+00 1.057579999999999965e+00 1.047749999999999959e+00 1.038829999999999920e+00 1.031339999999999923e+00 1.025349999999999984e+00
1.757400000000000073e+00 1.696639999999999926e+00 1.637170000000000014e+00 1.579120000000000079e+00 1.522510000000000030e+00 1.467209999999999903e+00 1.412959999999999994e+00 1.359420000000000073e+00 1.306440000000000046e+00 1.254199999999999982e+00 1.203330000000000011e+00 1.155219999999999914e+00 1.112039999999999917e+00 1.075539999999999941e+00 1.046959999999999891e+00 1.026040000000000063e+00
1.158709999999999907e+00 1.146379999999999955e+00 1.134649999999999936e+00 1.123520000000000074e+00 1.112989999999999924e+00 1.102959999999999940e+00 1.093329999999999913e+00 1.084030000000000049e+00 1.074980000000000047e+00 1.066179999999999906e+00 1.057660000000000045e+00 1.049420000000000019e+00 1.041490000000000027e+00 1.033940000000000081e+00 1.027530000000000054e+00 1.022850000000000037e+00
2.290799999999999947e+00 2.189010000000000122e+00 2.088919999999999888e+00 1.990739999999999954e+00 1.894630000000000036e+00 1.800529999999999964e+00 1.708159999999999901e+00 1.617110000000000047e+00 1.527009999999999978e+00 1.437689999999999912e+00 1.349499999999999922e+00 1.263600000000000056e+00 1.183270000000000044e+00 1.114409999999999901e+00 1.062340000000000062e+00 1.026350000000000096e+00
