1.583479999999999999e+00 1.536329999999999973e+00 1.490269999999999984e+00 1.445400000000000018e+00 1.401729999999999920e+00 1.359150000000000080e+00 1.317460000000000075e+00 1.276459999999999928e+00 1.236059999999999937e+00 1.196560000000000068e+00 1.158660000000000023e+00 1.123359999999999914e+00 1.091760000000000064e+00 1.064740000000000020e+00 1.043539999999999912e+00 1.027910000000000101e+00
1.410179999999999989e+00 1.377289999999999903e+00 1.345290000000000097e+00 1.314270000000000049e+00 1.284219999999999917e+00 1.255079999999999973e+00 1.226679999999999993e+00 1.198849999999999971e+00 1.171510000000000051e+00 1.144840000000000080e+00 1.119310000000000027e+00 1.095480000000000009e+00 1.073709999999999942e+00 1.054159999999999986e+00 1.037840000000000096e+00 1.026219999999999910e+00
2.774729999999999919e+00 2.639609999999999790e+00 2.505999999999999783e+00 2.374179999999999957e+00 2.244450000000000056e+00 2.116979999999999862e+00 1.991730000000000000e+00 1.868389999999999995e+00 1.746359999999999912e+00 1.624949999999999894e+00 1.503810000000000091e+00 1.383320000000000105e+00 1.265149999999999997e+00 1.156069999999999931e+00 1.074009999999999909e+00 1.024280000000000079e+00
2.587860000000000049e+00 2.466209999999999791e+00 2.346119999999999983e+00 2.227889999999999926e+00 2.111779999999999990e+00 1.997889999999999944e+00 1.886149999999999993e+00 1.776280000000000081e+00 1.667529999999999957e+00 1.559150000000000036e+00 1.450860000000000039e+00 1.343460000000000099e+00 1.239270000000000094e+00 1.143880000000000008e+00 1.069819999999999993e+00 1.024159999999999959e+00
1.052720000000000100e+00 1.050810000000000022e+00 1.048959999999999892e+00 1.047150000000000025e+00 1.045360000000000067e+00 1.043579999999999952e+00 1.041800000000000059e+00 1.039989999999999970e+00 1.038149999999999906e+00 1.036289999999999933e+00 1.034429999999999961e+00 1.032589999999999897e+00 1.030780000000000030e+00 1.029039999999999955e+00 1.027420000000000000e+00 1.026010000000000089e+00
1.912779999999999925e+00 1.840989999999999904e+00 1.770359999999999934e+00 1.701070000000000082e+00 1.633210000000000051e+00 1.566750000000000087e+00 1.501500000000000057e+00 1.437170000000000059e+00 1.373390000000000111e+00 1.310079999999999911e+00 1.247689999999999966e+00 1.187370000000000037e+00 1.131739999999999968e+00 1.084230000000000027e+00 1.047830000000000039e+00 1.023090000000000055e+00
3.097739999999999938e+00 2.937949999999999839e+00 2.779970000000000052e+00 2.624169999999999892e+00 2.470880000000000187e+00 2.320269999999999833e+00 2.172400000000000109e+00 2.027029999999999887e+00 1.883520000000000083e+00 1.741000000000000103e+00 1.598789999999999933e+00 1.457100000000000062e+00 1.317309999999999981e+00 1.186420000000000030e+00 1.086260000000000003e+00 1.025740000000000096e+00
2.557230000000000114e+00 2.435820000000000096e+00 2.316149999999999931e+00 2.198529999999999873e+00 2.083169999999999966e+00 1.970140000000000002e+00 1.859269999999999978e+00 1.750229999999999952e+00 1.642390000000000017e+00 1.535269999999999913e+00 1.428779999999999939e+00 1.323620000000000019e+00 1.222390000000000088e+00 1.133599999999999941e+00 1.067660000000000053e+00 1.024129999999999985e+00
1.330959999999999921e+00 1.303139999999999965e+00 1.276129999999999987e+00 1.250019999999999909e+00 1.224849999999999994e+00 1.200569999999999915e+00 1.177119999999999944e+00 1.154439999999999911e+00 1.132560000000000011e+00 1.111639999999999961e+00 1.091990000000000016e+00 1.073849999999999971e+00 1.057299999999999907e+00 1.042410000000000059e+00 1.029689999999999994e+00 1.020080000000000098e+00
3.707240000000000091e+00 3.499960000000000182e+00 3.295189999999999841e+00 3.093389999999999862e+00 2.895039999999999836e+00 2.700489999999999835e+00 2.509850000000000136e+00 2.322970000000000201e+00 2.139079999999999870e+00 1.957119999999999971e+00 1.776280000000000081e+00 1.596680000000000099e+00 1.419550000000000090e+00 1.250389999999999890e+00 1.113690000000000069e+00 1.029919999999999947e+00
1.925629999999999953e+00 1.851420000000000066e+00 1.778720000000000079e+00 1.707670000000000021e+00 1.638260000000000050e+00 1.570370000000000044e+00 1.503770000000000051e+00 1.438080000000000025e+00 1.373010000000000064e+00 1.308640000000000025e+00 1.245759999999999978e+00 1.186120000000000063e+00 1.132579999999999920e+00 1.087480000000000002e+00 1.051949999999999941e+00 1.025470000000000104e+00
1.611979999999999968e+00 1.561849999999999961e+00 1.512739999999999974e+00 1.464769999999999905e+00 1.417990000000000084e+00 1.372370000000000090e+00 1.327749999999999986e+00 1.283949999999999925e+00 1.240839999999999943e+00 1.198649999999999993e+00 1.158150000000000013e+00 1.120730000000000004e+00 1.087769999999999904e+00 1.059669999999999890e+00 1.036839999999999984e+00 1.020250000000000101e+00
1.619720000000000049e+00 1.569879999999999942e+00 1.521239999999999926e+00 1.473840000000000039e+00 1.427680000000000060e+00 1.382609999999999895e+00 1.338419999999999943e+00 1.294839999999999991e+00 1.251730000000000009e+00 1.209279999999999911e+00 1.168299999999999894e+00 1.129939999999999944e+00 1.095550000000000024e+00 1.065940000000000110e+00 1.041760000000000019e+00 1.023570000000000091e+00
2.758820000000000050e+00 2.621129999999999960e+00 2.485500000000000043e+00 2.352279999999999927e+00 2.221719999999999917e+00 2.093919999999999781e+00 1.968709999999999960e+00 1.845750000000000002e+00 1.724350000000000049e+00 1.603900000000000103e+00 1.484210000000000029e+00 1.365960000000000063e+00 1.251730000000000009e+00 1.150630000000000042e+00 1.075180000000000025e+00 1.024960000000000093e+00
1.044349999999999890e+00 1.043039999999999967e+00 1.041760000000000019e+00 1.040510000000000046e+00 1.039279999999999982e+00 1.038049999999999917e+00 1.036799999999999944e+00 1.035530000000000062e+00 1.034219999999999917e+00 1.032890000000000086e+00 1.031539999999999901e+00 1.030180000000000096e+00 1.028850000000000042e+00 1.027579999999999938e+00 1.026440000000000019e+00 1.025449999999999973e+00
2.576849999999999863e+00 2.456129999999999924e+00 2.336819999999999897e+00 2.219209999999999905e+00 2.103559999999999874e+00 1.990089999999999915e+00 1.878740000000000077e+00 1.769349999999999978e+00 1.661340000000000039e+00 1.554070000000000062e+00 1.447289999999999965e+00 1.341630000000000100e+00 1.238699999999999912e+00 1.143839999999999968e+00 1.070680000000000076e+00 1.025779999999999914e+00
1.940760000000000041e+00 1.866489999999999982e+00 1.793460000000000054e+00 1.721850000000000103e+00 1.651799999999999935e+00 1.583309999999999995e+00 1.516219999999999901e+00 1.450199999999999934e+00 1.384880000000000111e+00 1.320130000000000026e+00 1.256299999999999972e+00 1.194539999999999935e+00 1.137450000000000072e+00 1.088880000000000070e+00 1.051819999999999977e+00 1.026510000000000034e+00
1.578920000000000101e+00 1.531789999999999985e+00 1.485689999999999955e+00 1.440679999999999961e+00 1.396740000000000093e+00 1.353769999999999918e+00 1.311620000000000008e+00 1.270089999999999941e+00 1.229130000000000056e+00 1.189040000000000097e+00 1.150640000000000107e+00 1.115220000000000100e+00 1.084130000000000038e+00 1.058040000000000092e+00 1.037279999999999980e+00 1.021500000000000075e+00
1.985500000000000043e+00 1.907119999999999926e+00 1.830170000000000075e+00 1.754820000000000046e+00 1.681170000000000053e+00 1.609189999999999898e+00 1.538650000000000073e+00 1.469170000000000087e+00 1.400369999999999893e+00 1.332089999999999996e+00 1.264860000000000095e+00 1.200229999999999908e+00 1.141189999999999927e+00 1.091150000000000064e+00 1.052429999999999977e+00 1.024939999999999962e+00
1.658050000000000024e+00 1.604680000000000106e+00 1.552389999999999937e+00 1.501309999999999922e+00 1.451519999999999921e+00 1.402949999999999919e+00 1.355480000000000018e+00 1.308890000000000109e+00 1.262990000000000057e+00 1.217940000000000023e+00 1.174479999999999968e+00 1.134009999999999962e+00 1.098249999999999948e+00 1.067620000000000013e+00 1.042769999999999975e+00 1.024820000000000064e+00
3.121269999999999989e+00 2.959429999999999783e+00 2.799360000000000070e+00 2.641410000000000036e+00 2.485970000000000013e+00 2.333309999999999995e+00 2.183469999999999800e+00 2.036350000000000104e+00 1.891450000000000076e+00 1.747880000000000100e+00 1.604950000000000099e+00 1.462869999999999893e+00 1.322910000000000030e+00 1.190940000000000110e+00 1.087900000000000089e+00 1.025719999999999965e+00
1.365410000000000013e+00 1.334649999999999892e+00 1.304820000000000091e+00 1.276010000000000089e+00 1.248280000000000056e+00 1.221589999999999954e+00 1.195889999999999898e+00 1.171149999999999913e+00 1.147340000000000027e+00 1.124619999999999953e+00 1.103239999999999998e+00 1.083490000000000064e+00 1.065409999999999968e+00 1.049039999999999973e+00 1.034960000000000102e+00 1.024389999999999912e+00
4.581649999999999778e+00 4.309050000000000047e+00 4.039189999999999614e+00 3.772619999999999862e+00 3.509920000000000151e+00 3.251650000000000151e+00 2.998170000000000002e+00 2.749649999999999928e+00 2.505720000000000169e+00 2.265309999999999935e+00 2.027359999999999829e+00 1.791630000000000056e+00 1.558210000000000095e+00 1.330610000000000070e+00 1.141860000000000097e+00 1.029290000000000038e+00
2.007699999999999818e+00 1.928169999999999940e+00 1.849979999999999958e+00 1.773330000000000073e+00 1.698390000000000066e+00 1.625180000000000069e+00 1.553560000000000052e+00 1.483249999999999957e+00 1.413850000000000051e+00 1.345069999999999988e+00 1.277150000000000007e+00 1.211219999999999963e+00 1.149450000000000083e+00 1.095280000000000031e+00 1.052529999999999966e+00 1.023719999999999963e+00
1.107180000000000053e+00 1.099639999999999951e+00 1.092510000000000092e+00 1.085779999999999967e+00 1.079409999999999981e+00 1.073299999999999921e+00 1.067399999999999904e+00 1.061620000000000008e+00 1.055900000000000061e+00 1.050259999999999971e+00 1.044729999999999936e+00 1.039349999999999996e+00 1.034210000000000074e+00 1.029420000000000002e+00 1.025150000000000006e+00 1.021589999999999998e+00
3.380749999999999922e+00 3.195920000000000094e+00 3.013630000000000031e+00 2.834319999999999951e+00 2.658430000000000071e+00 2.486219999999999875e+00 2.317730000000000068e+00 2.152579999999999938e+00 1.990019999999999900e+00 1.829069999999999974e+00 1.669110000000000094e+00 1.510469999999999979e+00 1.355069999999999997e+00 1.210520000000000040e+00 1.097720000000000029e+00 1.025900000000000034e+00
3.878880000000000106e+00 3.655590000000000117e+00 3.435319999999999929e+00 3.218640000000000168e+00 3.006089999999999929e+00 2.798130000000000006e+00 2.594949999999999868e+00 2.396360000000000046e+00 2.201639999999999819e+00 2.009510000000000129e+00 1.819080000000000030e+00 1.630309999999999926e+00 1.444190000000000085e+00 1.265500000000000069e+00 1.118859999999999966e+00 1.026990000000000069e+00
4.905890000000000306e+00 4.606919999999999682e+00 4.311090000000000089e+00 4.019099999999999895e+00 3.731619999999999937e+00 3.449240000000000084e+00 3.172410000000000174e+00 2.901400000000000201e+00 2.635749999999999815e+00 2.374359999999999804e+00 2.116150000000000198e+00 1.860810000000000075e+00 1.608530000000000015e+00 1.362689999999999957e+00 1.155129999999999990e+00 1.029190000000000049e+00
2.478050000000000086e+00 2.360630000000000006e+00 2.245340000000000114e+00 2.132439999999999891e+00 2.022110000000000074e+00 1.914349999999999996e+00 1.808929999999999927e+00 1.705419999999999936e+00 1.603169999999999984e+00 1.501649999999999929e+00 1.400889999999999969e+00 1.301879999999999926e+00 1.207659999999999956e+00 1.125790000000000068e+00 1.063609999999999944e+00 1.020480000000000054e+00
2.556789999999999896e+00 2.436479999999999979e+00 2.317740000000000133e+00 2.200839999999999907e+00 2.086050000000000182e+00 1.973540000000000072e+00 1.863259999999999916e+00 1.755030000000000090e+00 1.648320000000000007e+00 1.542459999999999942e+00 1.437219999999999942e+00 1.333239999999999981e+00 1.232560000000000100e+00 1.141899999999999915e+00 1.073420000000000041e+00 1.029420000000000002e+00
1.084889999999999910e+00 1.080140000000000100e+00 1.075609999999999955e+00 1.071280000000000010e+00 1.067110000000000003e+00 1.063050000000000050e+00 1.059059999999999890e+00 1.055060000000000109e+00 1.051029999999999909e+00 1.046980000000000022e+00 1.042960000000000109e+00 1.038999999999999924e+00 1.035190000000000055e+00 1.031619999999999981e+00 1.028469999999999995e+00 1.025889999999999969e+00
1.246559999999999890e+00 1.226480000000000015e+00 1.207100000000000062e+00 1.188439999999999941e+00 1.170500000000000096e+00 1.153210000000000068e+00 1.136519999999999975e+00 1.120379999999999932e+00 1.104800000000000004e+00 1.089909999999999934e+00 1.075779999999999959e+00 1.062500000000000000e+00 1.050159999999999982e+00 1.039069999999999938e+00 1.029859999999999998e+00 1.022489999999999899e+00
1.206110000000000015e+00 1.189619999999999900e+00 1.173810000000000020e+00 1.158709999999999907e+00 1.144309999999999938e+00 1.130549999999999944e+00 1.117380000000000040e+00 1.104689999999999950e+00 1.092440000000000078e+00 1.080619999999999914e+00 1.069269999999999943e+00 1.058459999999999956e+00 1.048229999999999995e+00 1.038869999999999960e+00 1.031039999999999957e+00 1.025060000000000082e+00
1.655890000000000084e+00 1.602640000000000065e+00 1.550519999999999898e+00 1.499659999999999993e+00 1.450090000000000101e+00 1.401759999999999895e+00 1.354510000000000103e+00 1.308110000000000106e+00 1.262420000000000098e+00 1.217489999999999961e+00 1.173969999999999958e+00 1.133229999999999960e+00 1.096980000000000066e+00 1.066019999999999968e+00 1.041050000000000031e+00 1.022829999999999906e+00
1.793709999999999916e+00 1.730310000000000015e+00 1.667899999999999938e+00 1.606680000000000108e+00 1.546899999999999942e+00 1.488650000000000029e+00 1.431880000000000042e+00 1.376360000000000028e+00 1.321679999999999966e+00 1.267619999999999969e+00 1.214420000000000055e+00 1.163140000000000063e+00 1.115860000000000074e+00 1.074980000000000047e+00 1.042990000000000084e+00 1.021859999999999991e+00
1.248259999999999925e+00 1.227200000000000069e+00 1.206939999999999902e+00 1.187550000000000106e+00 1.169079999999999897e+00 1.151550000000000074e+00 1.134900000000000020e+00 1.118980000000000086e+00 1.103650000000000020e+00 1.088859999999999939e+00 1.074729999999999963e+00 1.061350000000000016e+00 1.048789999999999889e+00 1.037009999999999987e+00 1.026620000000000088e+00 1.019209999999999949e+00
2.496849999999999792e+00 2.381499999999999950e+00 2.267510000000000137e+00 2.155130000000000212e+00 2.044690000000000119e+00 1.936460000000000070e+00 1.830519999999999925e+00 1.726590000000000069e+00 1.624030000000000085e+00 1.522070000000000034e+00 1.420330000000000092e+00 1.319229999999999903e+00 1.220620000000000038e+00 1.131180000000000074e+00 1.063890000000000002e+00 1.022629999999999928e+00
1.936360000000000081e+00 1.862020000000000008e+00 1.788799999999999946e+00 1.716930000000000067e+00 1.646619999999999973e+00 1.578030000000000044e+00 1.511120000000000019e+00 1.445570000000000022e+00 1.380959999999999965e+00 1.316859999999999919e+00 1.253440000000000110e+00 1.191880000000000051e+00 1.134830000000000005e+00 1.085900000000000087e+00 1.047350000000000003e+00 1.021900000000000031e+00
1.167340000000000044e+00 1.153929999999999900e+00 1.141159999999999952e+00 1.129059999999999953e+00 1.117609999999999992e+00 1.106800000000000006e+00 1.096530000000000005e+00 1.086689999999999934e+00 1.077220000000000066e+00 1.068049999999999944e+00 1.059190000000000076e+00 1.050729999999999942e+00 1.042740000000000000e+00 1.035430000000000073e+00 1.028990000000000071e+00 1.023530000000000051e+00
2.241519999999999957e+00 2.145270000000000010e+00 2.050289999999999946e+00 1.956870000000000109e+00 1.865350000000000064e+00 1.775989999999999958e+00 1.688800000000000079e+00 1.603460000000000107e+00 1.519200000000000106e+00 1.435310000000000086e+00 1.351730000000000098e+00 1.269130000000000091e+00 1.189529999999999976e+00 1.118009999999999948e+00 1.062529999999999974e+00 1.027330000000000076e+00
4.162550000000000416e+00 3.922870000000000079e+00 3.685379999999999878e+00 3.450600000000000112e+00 3.219180000000000152e+00 2.991730000000000000e+00 2.768759999999999888e+00 2.550429999999999975e+00 2.336139999999999883e+00 2.124730000000000008e+00 1.914809999999999901e+00 1.705640000000000045e+00 1.497000000000000108e+00 1.291940000000000088e+00 1.122430000000000039e+00 1.025409999999999933e+00
3.196039999999999992e+00 3.027369999999999894e+00 2.860500000000000043e+00 2.695850000000000080e+00 2.533910000000000107e+00 2.375119999999999898e+00 2.219720000000000137e+00 2.067550000000000221e+00 1.917799999999999949e+00 1.769409999999999927e+00 1.621699999999999919e+00 1.474739999999999940e+00 1.329749999999999988e+00 1.192790000000000017e+00 1.086670000000000025e+00 1.022890000000000077e+00
1.197319999999999940e+00 1.180360000000000076e+00 1.164139999999999953e+00 1.148719999999999963e+00 1.134139999999999926e+00 1.120370000000000088e+00 1.107390000000000096e+00 1.095059999999999922e+00 1.083239999999999981e+00 1.071909999999999918e+00 1.061090000000000089e+00 1.050839999999999996e+00 1.041199999999999903e+00 1.032280000000000086e+00 1.024469999999999992e+00 1.018380000000000063e+00
4.306020000000000181e+00 4.051070000000000171e+00 3.798750000000000071e+00 3.549630000000000063e+00 3.304499999999999993e+00 3.064049999999999940e+00 2.828920000000000101e+00 2.599349999999999827e+00 2.374880000000000102e+00 2.154279999999999973e+00 1.936500000000000110e+00 1.721100000000000074e+00 1.508709999999999996e+00 1.303390000000000049e+00 1.131490000000000107e+00 1.027879999999999905e+00
2.116359999999999797e+00 2.026489999999999903e+00 1.938220000000000054e+00 1.851769999999999916e+00 1.767290000000000028e+00 1.684819999999999984e+00 1.604219999999999979e+00 1.525139999999999940e+00 1.447160000000000002e+00 1.370090000000000030e+00 1.294300000000000006e+00 1.221249999999999947e+00 1.154390000000000027e+00 1.098209999999999908e+00 1.054899999999999949e+00 1.023560000000000025e+00
1.851499999999999924e+00 1.782880000000000020e+00 1.715449999999999919e+00 1.649459999999999926e+00 1.585110000000000019e+00 1.522459999999999924e+00 1.461440000000000072e+00 1.401699999999999946e+00 1.342840000000000034e+00 1.284580000000000055e+00 1.227200000000000069e+00 1.171950000000000047e+00 1.121429999999999927e+00 1.078459999999999974e+00 1.044210000000000083e+00 1.020620000000000083e+00
1.548389999999999933e+00 1.503570000000000073e+00 1.459889999999999910e+00 1.417440000000000033e+00 1.376270000000000104e+00 1.336340000000000083e+00 1.297490000000000032e+00 1.259479999999999933e+00 1.222159999999999913e+00 1.185640000000000027e+00 1.150530000000000053e+00 1.117720000000000047e+00 1.088160000000000016e+00 1.062310000000000088e+00 1.040680000000000049e+00 1.024540000000000006e+00
3.716089999999999893e+00 3.505500000000000060e+00 3.297210000000000196e+00 3.091750000000000220e+00 2.889759999999999884e+00 2.691870000000000207e+00 2.498559999999999892e+00 2.309890000000000221e+00 2.125150000000000095e+00 1.943279999999999896e+00 1.763370000000000104e+00 1.585369999999999946e+00 1.410169999999999924e+00 1.243000000000000105e+00 1.109850000000000003e+00 1.028100000000000014e+00
1.046920000000000073e+00 1.045250000000000012e+00 1.043630000000000058e+00 1.042070000000000052e+00 1.040540000000000020e+00 1.039029999999999898e+00 1.037519999999999998e+00 1.035989999999999966e+00 1.034429999999999961e+00 1.032829999999999915e+00 1.031220000000000026e+00 1.029600000000000071e+00 1.028000000000000025e+00 1.026440000000000019e+00 1.024999999999999911e+00 1.023760000000000003e+00
2.283199999999999896e+00 2.183209999999999873e+00 2.084519999999999929e+00 1.987389999999999990e+00 1.892109999999999959e+00 1.798880000000000035e+00 1.707789999999999919e+00 1.618570000000000064e+00 1.530710000000000015e+00 1.443699999999999983e+00 1.357399999999999940e+00 1.272480000000000055e+00 1.190870000000000095e+00 1.117359999999999909e+00 1.060550000000000104e+00 1.024659999999999904e+00
2.104010000000000158e+00 2.017459999999999809e+00 1.932180000000000009e+00 1.848370000000000068e+00 1.766280000000000072e+00 1.686050000000000049e+00 1.607629999999999892e+00 1.530629999999999935e+00 1.454479999999999995e+00 1.378770000000000051e+00 1.303569999999999895e+00 1.229819999999999913e+00 1.160309999999999953e+00 1.100589999999999957e+00 1.054980000000000029e+00 1.025090000000000057e+00
1.852130000000000054e+00 1.783349999999999991e+00 1.715810000000000057e+00 1.649699999999999944e+00 1.585120000000000084e+00 1.522080000000000100e+00 1.460429999999999895e+00 1.399899999999999922e+00 1.340160000000000018e+00 1.281169999999999920e+00 1.223410000000000108e+00 1.168269999999999920e+00 1.118549999999999933e+00 1.077299999999999924e+00 1.045789999999999997e+00 1.023099999999999898e+00
2.270640000000000214e+00 2.170119999999999827e+00 2.071070000000000189e+00 1.973770000000000024e+00 1.878430000000000044e+00 1.785179999999999989e+00 1.693950000000000067e+00 1.604400000000000048e+00 1.516059999999999963e+00 1.428500000000000103e+00 1.341730000000000089e+00 1.256760000000000099e+00 1.176690000000000014e+00 1.108239999999999892e+00 1.056990000000000096e+00 1.022459999999999924e+00
1.864559999999999995e+00 1.794740000000000002e+00 1.726089999999999902e+00 1.658830000000000027e+00 1.593199999999999950e+00 1.529269999999999907e+00 1.467009999999999925e+00 1.406099999999999905e+00 1.346170000000000089e+00 1.286939999999999973e+00 1.228720000000000034e+00 1.173010000000000108e+00 1.122670000000000057e+00 1.080149999999999944e+00 1.046130000000000004e+00 1.022580000000000044e+00
2.735790000000000166e+00 2.602310000000000123e+00 2.470239999999999991e+00 2.339900000000000091e+00 2.211679999999999868e+00 2.085879999999999956e+00 1.962720000000000020e+00 1.841970000000000107e+00 1.723030000000000062e+00 1.605220000000000091e+00 1.488129999999999953e+00 1.372079999999999966e+00 1.258580000000000032e+00 1.154020000000000046e+00 1.074249999999999927e+00 1.025419999999999998e+00
1.321069999999999967e+00 1.293840000000000101e+00 1.267460000000000031e+00 1.242019999999999902e+00 1.217570000000000041e+00 1.194110000000000005e+00 1.171580000000000066e+00 1.149909999999999988e+00 1.129059999999999953e+00 1.109150000000000080e+00 1.090430000000000010e+00 1.073099999999999943e+00 1.057160000000000100e+00 1.042669999999999986e+00 1.030240000000000045e+00 1.020960000000000090e+00
4.199440000000000062e+00 3.955589999999999939e+00 3.714119999999999866e+00 3.475540000000000074e+00 3.240499999999999936e+00 3.009590000000000209e+00 2.783370000000000122e+00 2.561850000000000183e+00 2.344430000000000014e+00 2.130129999999999857e+00 1.917910000000000004e+00 1.707440000000000069e+00 1.499020000000000019e+00 1.296470000000000011e+00 1.129280000000000062e+00 1.030559999999999921e+00
1.997560000000000002e+00 1.917920000000000069e+00 1.839550000000000018e+00 1.762709999999999999e+00 1.687629999999999963e+00 1.614430000000000032e+00 1.543060000000000098e+00 1.473230000000000040e+00 1.404390000000000027e+00 1.336209999999999898e+00 1.268820000000000059e+00 1.203259999999999996e+00 1.141880000000000006e+00 1.088629999999999987e+00 1.046780000000000044e+00 1.019069999999999920e+00
1.133380000000000054e+00 1.123220000000000107e+00 1.113620000000000054e+00 1.104600000000000026e+00 1.096100000000000074e+00 1.088090000000000002e+00 1.080470000000000041e+00 1.073120000000000074e+00 1.065930000000000044e+00 1.058880000000000043e+00 1.052009999999999890e+00 1.045350000000000001e+00 1.038980000000000015e+00 1.032939999999999969e+00 1.027500000000000080e+00 1.023120000000000029e+00
3.032989999999999853e+00 2.875100000000000211e+00 2.719250000000000167e+00 2.565830000000000055e+00 2.415319999999999911e+00 2.268040000000000056e+00 2.124120000000000008e+00 1.983190000000000008e+00 1.844489999999999963e+00 1.707039999999999891e+00 1.570230000000000015e+00 1.434250000000000025e+00 1.301069999999999949e+00 1.178679999999999950e+00 1.084899999999999975e+00 1.025660000000000016e+00
4.513040000000000163e+00 4.240260000000000140e+00 3.970769999999999911e+00 3.705229999999999801e+00 3.444360000000000088e+00 3.188909999999999911e+00 2.939430000000000209e+00 2.695879999999999832e+00 2.457689999999999930e+00 2.223640000000000061e+00 1.992429999999999923e+00 1.763370000000000104e+00 1.536499999999999977e+00 1.315809999999999924e+00 1.131089999999999929e+00 1.019819999999999949e+00
5.046109999999999651e+00 4.735920000000000130e+00 4.428670000000000329e+00 4.125009999999999621e+00 3.825730000000000075e+00 3.531670000000000087e+00 3.243559999999999999e+00 2.961819999999999897e+00 2.686069999999999958e+00 2.415410000000000057e+00 2.148880000000000123e+00 1.885899999999999910e+00 1.626370000000000093e+00 1.372910000000000075e+00 1.155480000000000063e+00 1.026040000000000063e+00
2.616319999999999979e+00 2.490029999999999966e+00 2.365390000000000104e+00 2.242750000000000021e+00 2.122500000000000053e+00 2.004960000000000075e+00 1.890209999999999946e+00 1.777979999999999894e+00 1.667519999999999891e+00 1.558060000000000000e+00 1.449179999999999913e+00 1.341299999999999937e+00 1.236329999999999929e+00 1.141040000000000054e+00 1.068729999999999958e+00 1.022629999999999928e+00
2.799589999999999801e+00 2.661000000000000032e+00 2.523849999999999927e+00 2.388459999999999805e+00 2.255269999999999886e+00 2.124600000000000044e+00 1.996739999999999959e+00 1.871569999999999956e+00 1.748450000000000060e+00 1.626489999999999991e+00 1.505030000000000090e+00 1.384209999999999940e+00 1.265500000000000069e+00 1.155589999999999895e+00 1.071320000000000050e+00 1.020950000000000024e+00
1.196819999999999995e+00 1.181219999999999937e+00 1.166279999999999983e+00 1.152050000000000018e+00 1.138519999999999976e+00 1.125660000000000105e+00 1.113380000000000036e+00 1.101590000000000069e+00 1.090140000000000109e+00 1.079010000000000025e+00 1.068259999999999987e+00 1.057970000000000077e+00 1.048249999999999904e+00 1.039199999999999902e+00 1.031320000000000014e+00 1.025339999999999918e+00
1.725940000000000030e+00 1.666700000000000070e+00 1.608729999999999993e+00 1.552240000000000064e+00 1.497409999999999908e+00 1.444290000000000074e+00 1.392740000000000089e+00 1.342419999999999947e+00 1.292899999999999938e+00 1.244099999999999984e+00 1.196539999999999937e+00 1.151489999999999903e+00 1.110710000000000086e+00 1.075430000000000108e+00 1.046790000000000109e+00 1.026019999999999932e+00
1.122069999999999901e+00 1.112849999999999895e+00 1.104149999999999965e+00 1.095979999999999954e+00 1.088330000000000020e+00 1.081169999999999964e+00 1.074410000000000087e+00 1.067909999999999915e+00 1.061539999999999928e+00 1.055260000000000087e+00 1.049060000000000104e+00 1.042969999999999953e+00 1.037039999999999962e+00 1.031369999999999898e+00 1.026520000000000099e+00 1.022820000000000062e+00
1.969649999999999901e+00 1.891890000000000072e+00 1.815430000000000099e+00 1.740520000000000067e+00 1.667370000000000019e+00 1.596100000000000074e+00 1.526680000000000037e+00 1.458760000000000057e+00 1.391880000000000006e+00 1.325849999999999973e+00 1.260939999999999950e+00 1.198390000000000066e+00 1.140630000000000033e+00 1.091190000000000104e+00 1.052629999999999955e+00 1.025959999999999983e+00
