1.863140000000000018e+00 1.793069999999999942e+00 1.724290000000000100e+00 1.656900000000000039e+00 1.591120000000000090e+00 1.527190000000000047e+00 1.465200000000000058e+00 1.405040000000000067e+00 1.346319999999999961e+00 1.288620000000000099e+00 1.231980000000000075e+00 1.177470000000000017e+00 1.127280000000000060e+00 1.084400000000000031e+00 1.051199999999999912e+00 1.028189999999999937e+00
1.088519999999999932e+00 1.082959999999999923e+00 1.077739999999999920e+00 1.072840000000000016e+00 1.068270000000000053e+00 1.063970000000000082e+00 1.059889999999999999e+00 1.055960000000000010e+00 1.052070000000000061e+00 1.048140000000000072e+00 1.044149999999999912e+00 1.040159999999999973e+00 1.036219999999999919e+00 1.032350000000000101e+00 1.028739999999999988e+00 1.025859999999999994e+00
3.363010000000000055e+00 3.184050000000000047e+00 3.006909999999999972e+00 2.831630000000000091e+00 2.658479999999999954e+00 2.487919999999999909e+00 2.320559999999999956e+00 2.156660000000000021e+00 1.995929999999999982e+00 1.837550000000000017e+00 1.680199999999999916e+00 1.523139999999999938e+00 1.367259999999999920e+00 1.216909999999999936e+00 1.094470000000000054e+00 1.024829999999999908e+00
3.044840000000000213e+00 2.887160000000000171e+00 2.731259999999999799e+00 2.577160000000000117e+00 2.425219999999999931e+00 2.275990000000000180e+00 2.129960000000000075e+00 1.987409999999999899e+00 1.848249999999999948e+00 1.711719999999999908e+00 1.576570000000000027e+00 1.442110000000000003e+00 1.309500000000000108e+00 1.184450000000000003e+00 1.084489999999999954e+00 1.024610000000000021e+00
1.113820000000000032e+00 1.106090000000000018e+00 1.098770000000000024e+00 1.091830000000000078e+00 1.085250000000000048e+00 1.078989999999999894e+00 1.072980000000000045e+00 1.067199999999999926e+00 1.061539999999999928e+00 1.055960000000000010e+00 1.050440000000000040e+00 1.045039999999999969e+00 1.039800000000000058e+00 1.034820000000000073e+00 1.030210000000000070e+00 1.026140000000000052e+00
2.666160000000000085e+00 2.536890000000000089e+00 2.409180000000000099e+00 2.283040000000000180e+00 2.158790000000000209e+00 2.036890000000000089e+00 1.917689999999999895e+00 1.801309999999999967e+00 1.687449999999999894e+00 1.575269999999999948e+00 1.464059999999999917e+00 1.353839999999999932e+00 1.246050000000000102e+00 1.146870000000000056e+00 1.070640000000000036e+00 1.023830000000000018e+00
4.224560000000000315e+00 3.979379999999999917e+00 3.736590000000000078e+00 3.496269999999999989e+00 3.258840000000000181e+00 3.025040000000000173e+00 2.795650000000000190e+00 2.571239999999999970e+00 2.351960000000000051e+00 2.137179999999999858e+00 1.925370000000000026e+00 1.714970000000000105e+00 1.505810000000000093e+00 1.301129999999999898e+00 1.127429999999999932e+00 1.026909999999999989e+00
2.924650000000000194e+00 2.774249999999999883e+00 2.625680000000000014e+00 2.479010000000000158e+00 2.334639999999999826e+00 2.193060000000000009e+00 2.054739999999999789e+00 1.919859999999999900e+00 1.788140000000000063e+00 1.658809999999999896e+00 1.530990000000000073e+00 1.404449999999999976e+00 1.280540000000000012e+00 1.166279999999999983e+00 1.079039999999999999e+00 1.024469999999999992e+00
1.531139999999999946e+00 1.486350000000000060e+00 1.442579999999999973e+00 1.399909999999999988e+00 1.358489999999999975e+00 1.318480000000000096e+00 1.279979999999999896e+00 1.242939999999999934e+00 1.207170000000000076e+00 1.172500000000000098e+00 1.139210000000000056e+00 1.108070000000000110e+00 1.080049999999999955e+00 1.055500000000000105e+00 1.035020000000000051e+00 1.020280000000000076e+00
4.570920000000000094e+00 4.298040000000000305e+00 4.027849999999999930e+00 3.760470000000000201e+00 3.496440000000000214e+00 3.236610000000000209e+00 2.981899999999999995e+00 2.733049999999999979e+00 2.490400000000000169e+00 2.253299999999999859e+00 2.020230000000000192e+00 1.789639999999999898e+00 1.561139999999999972e+00 1.337590000000000057e+00 1.145040000000000058e+00 1.030759999999999899e+00
2.024399999999999977e+00 1.940679999999999961e+00 1.858649999999999913e+00 1.778440000000000021e+00 1.700190000000000090e+00 1.624020000000000019e+00 1.549960000000000004e+00 1.477740000000000054e+00 1.406889999999999974e+00 1.337099999999999955e+00 1.268639999999999990e+00 1.203179999999999916e+00 1.144060000000000077e+00 1.094300000000000050e+00 1.054789999999999894e+00 1.025570000000000093e+00
2.323850000000000193e+00 2.218669999999999920e+00 2.114910000000000068e+00 2.012610000000000010e+00 1.912050000000000027e+00 1.813630000000000075e+00 1.717619999999999925e+00 1.624090000000000034e+00 1.532769999999999966e+00 1.443040000000000100e+00 1.354489999999999972e+00 1.267460000000000031e+00 1.184299999999999908e+00 1.111680000000000001e+00 1.056720000000000104e+00 1.020950000000000024e+00
1.626079999999999970e+00 1.573639999999999928e+00 1.522550000000000070e+00 1.472849999999999993e+00 1.424590000000000023e+00 1.377839999999999954e+00 1.332619999999999916e+00 1.288790000000000102e+00 1.246180000000000065e+00 1.204830000000000068e+00 1.165259999999999962e+00 1.128419999999999979e+00 1.095350000000000046e+00 1.066619999999999902e+00 1.042370000000000019e+00 1.023600000000000065e+00
2.802919999999999856e+00 2.660779999999999923e+00 2.520570000000000199e+00 2.382400000000000073e+00 2.246630000000000127e+00 2.113760000000000083e+00 1.984199999999999964e+00 1.858070000000000110e+00 1.735030000000000072e+00 1.614239999999999897e+00 1.494799999999999907e+00 1.376619999999999955e+00 1.261500000000000066e+00 1.156609999999999916e+00 1.076370000000000049e+00 1.024939999999999962e+00
1.094899999999999984e+00 1.088899999999999979e+00 1.083190000000000097e+00 1.077760000000000051e+00 1.072589999999999932e+00 1.067660000000000053e+00 1.062929999999999930e+00 1.058349999999999902e+00 1.053870000000000084e+00 1.049460000000000059e+00 1.045090000000000074e+00 1.040790000000000104e+00 1.036620000000000097e+00 1.032589999999999897e+00 1.028850000000000042e+00 1.025560000000000027e+00
2.136600000000000055e+00 2.046380000000000088e+00 1.957470000000000043e+00 1.869950000000000001e+00 1.784019999999999939e+00 1.699999999999999956e+00 1.618200000000000083e+00 1.538729999999999931e+00 1.461359999999999992e+00 1.385520000000000085e+00 1.310699999999999976e+00 1.237470000000000070e+00 1.167780000000000040e+00 1.106100000000000083e+00 1.057190000000000074e+00 1.025320000000000009e+00
2.372510000000000119e+00 2.264440000000000008e+00 2.157849999999999824e+00 2.052820000000000089e+00 1.949589999999999934e+00 1.848479999999999901e+00 1.749889999999999946e+00 1.653860000000000108e+00 1.560049999999999937e+00 1.467850000000000099e+00 1.376679999999999904e+00 1.286909999999999998e+00 1.200779999999999959e+00 1.124020000000000019e+00 1.064840000000000009e+00 1.026929999999999898e+00
1.726369999999999960e+00 1.666479999999999961e+00 1.607890000000000041e+00 1.550659999999999927e+00 1.494860000000000078e+00 1.440520000000000023e+00 1.387650000000000050e+00 1.336009999999999920e+00 1.285320000000000018e+00 1.235470000000000068e+00 1.186979999999999924e+00 1.141440000000000010e+00 1.101199999999999957e+00 1.067879999999999940e+00 1.041500000000000092e+00 1.021670000000000078e+00
2.031400000000000095e+00 1.947699999999999987e+00 1.865520000000000067e+00 1.784999999999999920e+00 1.706309999999999993e+00 1.629639999999999977e+00 1.555150000000000032e+00 1.482709999999999972e+00 1.411869999999999958e+00 1.342140000000000111e+00 1.273460000000000036e+00 1.207070000000000087e+00 1.146120000000000028e+00 1.094359999999999999e+00 1.053719999999999990e+00 1.024980000000000002e+00
1.992199999999999971e+00 1.912449999999999983e+00 1.833930000000000060e+00 1.756680000000000019e+00 1.680960000000000010e+00 1.607080000000000064e+00 1.535279999999999978e+00 1.465570000000000039e+00 1.397680000000000033e+00 1.331099999999999950e+00 1.265600000000000058e+00 1.201889999999999903e+00 1.142400000000000082e+00 1.091469999999999940e+00 1.051779999999999937e+00 1.025120000000000031e+00
3.259900000000000020e+00 3.087019999999999875e+00 2.916049999999999809e+00 2.746989999999999821e+00 2.580150000000000166e+00 2.416020000000000056e+00 2.255189999999999806e+00 2.097980000000000178e+00 1.944209999999999994e+00 1.793320000000000025e+00 1.644030000000000102e+00 1.495460000000000012e+00 1.348470000000000057e+00 1.207880000000000065e+00 1.093290000000000095e+00 1.025800000000000045e+00
1.435740000000000016e+00 1.398320000000000007e+00 1.361969999999999903e+00 1.326780000000000070e+00 1.292859999999999898e+00 1.260350000000000081e+00 1.229319999999999968e+00 1.199750000000000094e+00 1.171510000000000051e+00 1.144539999999999891e+00 1.118980000000000086e+00 1.095180000000000042e+00 1.073509999999999964e+00 1.054049999999999931e+00 1.037109999999999976e+00 1.024469999999999992e+00
5.058189999999999742e+00 4.749050000000000438e+00 4.442999999999999616e+00 4.140109999999999957e+00 3.840829999999999966e+00 3.545970000000000066e+00 3.256540000000000212e+00 2.973349999999999937e+00 2.696750000000000203e+00 2.426449999999999996e+00 2.160909999999999886e+00 1.898600000000000065e+00 1.639389999999999903e+00 1.385410000000000030e+00 1.161769999999999969e+00 1.029740000000000100e+00
2.664820000000000189e+00 2.535569999999999879e+00 2.407950000000000035e+00 2.282049999999999912e+00 2.158180000000000209e+00 2.036770000000000191e+00 1.918209999999999971e+00 1.802669999999999995e+00 1.689899999999999958e+00 1.579080000000000039e+00 1.469179999999999930e+00 1.360009999999999941e+00 1.253149999999999986e+00 1.153520000000000101e+00 1.073469999999999924e+00 1.024359999999999937e+00
1.222730000000000095e+00 1.203699999999999992e+00 1.185440000000000049e+00 1.167950000000000044e+00 1.151289999999999925e+00 1.135499999999999954e+00 1.120570000000000066e+00 1.106470000000000065e+00 1.093120000000000092e+00 1.080430000000000001e+00 1.068410000000000082e+00 1.057139999999999969e+00 1.046710000000000029e+00 1.037220000000000031e+00 1.028739999999999988e+00 1.021740000000000093e+00
3.680369999999999919e+00 3.473970000000000002e+00 3.270049999999999901e+00 3.068789999999999907e+00 2.870519999999999960e+00 2.675870000000000193e+00 2.485609999999999875e+00 2.300050000000000150e+00 2.118829999999999991e+00 1.940909999999999913e+00 1.764590000000000103e+00 1.588980000000000059e+00 1.415419999999999900e+00 1.248569999999999958e+00 1.109299999999999953e+00 1.026089999999999947e+00
5.018030000000000435e+00 4.711120000000000196e+00 4.407449999999999868e+00 4.107129999999999725e+00 3.810709999999999820e+00 3.519019999999999815e+00 3.233150000000000190e+00 2.953990000000000116e+00 2.681820000000000093e+00 2.416069999999999940e+00 2.154799999999999827e+00 1.896079999999999988e+00 1.639450000000000074e+00 1.386360000000000037e+00 1.161049999999999915e+00 1.028019999999999934e+00
5.702469999999999928e+00 5.344680000000000319e+00 4.990179999999999616e+00 4.639090000000000380e+00 4.292080000000000339e+00 3.950089999999999879e+00 3.614279999999999937e+00 3.285670000000000091e+00 2.964980000000000171e+00 2.652060000000000084e+00 2.345460000000000100e+00 2.043330000000000091e+00 1.744830000000000103e+00 1.450720000000000010e+00 1.186940000000000106e+00 1.029900000000000038e+00
2.884790000000000187e+00 2.734269999999999978e+00 2.586139999999999883e+00 2.440570000000000128e+00 2.297959999999999781e+00 2.158760000000000012e+00 2.023420000000000218e+00 1.891890000000000072e+00 1.763719999999999954e+00 1.637850000000000028e+00 1.513230000000000075e+00 1.389799999999999924e+00 1.269719999999999960e+00 1.160779999999999923e+00 1.076629999999999976e+00 1.020899999999999919e+00
2.697659999999999947e+00 2.565500000000000114e+00 2.434909999999999908e+00 2.306070000000000064e+00 2.179289999999999949e+00 2.054990000000000094e+00 1.933619999999999894e+00 1.815299999999999914e+00 1.699840000000000018e+00 1.586519999999999930e+00 1.474399999999999933e+00 1.363240000000000007e+00 1.254660000000000108e+00 1.154879999999999907e+00 1.077830000000000066e+00 1.029530000000000056e+00
1.383440000000000003e+00 1.351290000000000102e+00 1.320089999999999986e+00 1.289879999999999916e+00 1.260729999999999906e+00 1.232699999999999907e+00 1.205799999999999983e+00 1.179939999999999989e+00 1.155059999999999976e+00 1.131269999999999998e+00 1.108719999999999928e+00 1.087769999999999904e+00 1.068799999999999972e+00 1.051960000000000006e+00 1.037469999999999892e+00 1.026259999999999950e+00
1.642309999999999937e+00 1.588770000000000016e+00 1.536440000000000028e+00 1.485389999999999988e+00 1.435769999999999991e+00 1.387720000000000065e+00 1.341259999999999897e+00 1.296249999999999902e+00 1.252439999999999998e+00 1.209659999999999958e+00 1.168299999999999894e+00 1.129429999999999934e+00 1.094549999999999912e+00 1.064540000000000042e+00 1.040599999999999969e+00 1.022920000000000051e+00
1.190690000000000026e+00 1.174949999999999939e+00 1.159969999999999946e+00 1.145780000000000021e+00 1.132419999999999982e+00 1.119879999999999987e+00 1.108170000000000099e+00 1.097110000000000030e+00 1.086549999999999905e+00 1.076279999999999903e+00 1.066240000000000077e+00 1.056480000000000086e+00 1.047050000000000036e+00 1.038159999999999972e+00 1.030620000000000092e+00 1.025039999999999951e+00
1.629860000000000086e+00 1.577190000000000092e+00 1.525689999999999991e+00 1.475470000000000059e+00 1.426660000000000039e+00 1.379329999999999945e+00 1.333550000000000013e+00 1.289190000000000058e+00 1.246019999999999905e+00 1.203980000000000050e+00 1.163459999999999939e+00 1.125699999999999923e+00 1.092309999999999892e+00 1.063830000000000053e+00 1.040359999999999951e+00 1.022809999999999997e+00
1.589010000000000034e+00 1.539919999999999956e+00 1.491780000000000106e+00 1.444720000000000004e+00 1.398900000000000032e+00 1.354570000000000052e+00 1.311940000000000106e+00 1.270999999999999908e+00 1.231530000000000014e+00 1.193219999999999947e+00 1.156099999999999905e+00 1.120840000000000058e+00 1.088759999999999950e+00 1.060580000000000078e+00 1.037420000000000009e+00 1.021649999999999947e+00
1.392439999999999900e+00 1.358829999999999982e+00 1.326179999999999914e+00 1.294559999999999933e+00 1.264059999999999961e+00 1.234850000000000003e+00 1.207019999999999982e+00 1.180509999999999948e+00 1.155180000000000096e+00 1.130840000000000067e+00 1.107469999999999954e+00 1.085429999999999895e+00 1.065139999999999976e+00 1.046759999999999913e+00 1.030559999999999921e+00 1.019339999999999913e+00
3.075889999999999791e+00 2.916539999999999910e+00 2.758879999999999999e+00 2.603009999999999824e+00 2.449149999999999938e+00 2.297839999999999883e+00 2.149659999999999904e+00 2.005030000000000090e+00 1.863879999999999981e+00 1.725330000000000030e+00 1.587939999999999907e+00 1.450860000000000039e+00 1.314869999999999983e+00 1.185040000000000093e+00 1.082740000000000036e+00 1.023200000000000109e+00
2.876409999999999911e+00 2.730799999999999894e+00 2.586739999999999817e+00 2.444370000000000154e+00 2.303970000000000073e+00 2.166030000000000122e+00 2.031159999999999854e+00 1.899769999999999959e+00 1.771770000000000067e+00 1.646369999999999889e+00 1.522420000000000107e+00 1.399429999999999952e+00 1.278620000000000090e+00 1.165589999999999904e+00 1.076249999999999929e+00 1.022850000000000037e+00
1.177140000000000075e+00 1.162330000000000085e+00 1.148290000000000033e+00 1.135059999999999958e+00 1.122649999999999926e+00 1.111089999999999911e+00 1.100340000000000096e+00 1.090270000000000072e+00 1.080689999999999928e+00 1.071420000000000039e+00 1.062319999999999931e+00 1.053460000000000063e+00 1.044910000000000005e+00 1.036780000000000035e+00 1.029509999999999925e+00 1.023549999999999960e+00
2.593780000000000197e+00 2.469949999999999868e+00 2.347550000000000026e+00 2.226750000000000007e+00 2.107829999999999870e+00 1.991309999999999913e+00 1.877739999999999965e+00 1.767460000000000031e+00 1.660179999999999989e+00 1.554899999999999949e+00 1.450399999999999912e+00 1.346470000000000056e+00 1.244439999999999991e+00 1.149199999999999999e+00 1.073870000000000102e+00 1.027689999999999992e+00
5.137529999999999930e+00 4.824340000000000295e+00 4.513799999999999812e+00 4.206070000000000420e+00 3.901580000000000048e+00 3.601240000000000219e+00 3.306220000000000159e+00 3.017689999999999984e+00 2.736279999999999824e+00 2.461650000000000116e+00 2.192159999999999886e+00 1.925620000000000109e+00 1.660779999999999923e+00 1.397119999999999918e+00 1.160970000000000057e+00 1.026399999999999979e+00
3.499670000000000059e+00 3.306560000000000166e+00 3.115429999999999922e+00 2.926499999999999879e+00 2.740120000000000111e+00 2.556979999999999809e+00 2.377860000000000085e+00 2.203289999999999971e+00 2.033240000000000158e+00 1.866670000000000051e+00 1.702069999999999972e+00 1.538550000000000084e+00 1.376530000000000031e+00 1.220979999999999954e+00 1.096950000000000092e+00 1.023209999999999953e+00
1.404789999999999983e+00 1.369550000000000045e+00 1.335259999999999891e+00 1.302030000000000021e+00 1.269980000000000109e+00 1.239270000000000094e+00 1.210069999999999979e+00 1.182330000000000103e+00 1.155880000000000019e+00 1.130530000000000035e+00 1.106470000000000065e+00 1.084030000000000049e+00 1.063530000000000086e+00 1.045169999999999932e+00 1.029630000000000045e+00 1.018569999999999975e+00
4.750759999999999650e+00 4.462539999999999729e+00 4.176940000000000097e+00 3.894179999999999975e+00 3.614770000000000039e+00 3.339599999999999902e+00 3.069830000000000059e+00 2.806589999999999918e+00 2.550580000000000069e+00 2.301460000000000061e+00 2.057609999999999939e+00 1.817460000000000075e+00 1.580430000000000001e+00 1.348570000000000046e+00 1.147310000000000052e+00 1.028259999999999952e+00
2.532049999999999912e+00 2.409279999999999866e+00 2.288339999999999819e+00 2.169430000000000192e+00 2.052880000000000038e+00 1.939049999999999940e+00 1.828270000000000062e+00 1.720460000000000100e+00 1.615240000000000009e+00 1.511840000000000073e+00 1.409690000000000110e+00 1.309199999999999919e+00 1.213279999999999914e+00 1.129960000000000075e+00 1.066959999999999908e+00 1.023979999999999890e+00
1.646530000000000049e+00 1.592379999999999907e+00 1.539299999999999891e+00 1.487409999999999899e+00 1.436909999999999910e+00 1.388039999999999941e+00 1.341029999999999944e+00 1.295909999999999895e+00 1.252359999999999918e+00 1.210020000000000095e+00 1.168889999999999985e+00 1.129769999999999941e+00 1.094160000000000021e+00 1.063280000000000003e+00 1.037959999999999994e+00 1.020380000000000065e+00
1.969629999999999992e+00 1.891289999999999916e+00 1.814389999999999947e+00 1.739060000000000050e+00 1.665480000000000071e+00 1.593890000000000029e+00 1.524429999999999952e+00 1.456960000000000033e+00 1.391059999999999963e+00 1.326179999999999914e+00 1.262119999999999909e+00 1.199759999999999938e+00 1.141739999999999977e+00 1.091860000000000053e+00 1.052319999999999922e+00 1.024950000000000028e+00
3.626939999999999831e+00 3.423480000000000079e+00 3.222160000000000135e+00 3.023140000000000160e+00 2.826869999999999994e+00 2.634059999999999846e+00 2.445600000000000218e+00 2.262199999999999989e+00 2.083919999999999995e+00 1.909820000000000073e+00 1.738320000000000087e+00 1.568319999999999936e+00 1.400120000000000031e+00 1.237889999999999935e+00 1.106600000000000028e+00 1.027910000000000101e+00
1.101820000000000022e+00 1.094700000000000006e+00 1.088000000000000078e+00 1.081709999999999949e+00 1.075809999999999933e+00 1.070289999999999964e+00 1.065090000000000092e+00 1.060119999999999951e+00 1.055279999999999996e+00 1.050459999999999949e+00 1.045639999999999903e+00 1.040869999999999962e+00 1.036189999999999944e+00 1.031639999999999890e+00 1.027400000000000091e+00 1.023859999999999992e+00
2.002689999999999859e+00 1.922420000000000018e+00 1.843409999999999993e+00 1.765749999999999931e+00 1.689640000000000031e+00 1.615350000000000064e+00 1.543220000000000036e+00 1.473349999999999937e+00 1.405520000000000103e+00 1.339110000000000023e+00 1.273719999999999963e+00 1.209780000000000078e+00 1.149219999999999908e+00 1.095469999999999944e+00 1.052349999999999897e+00 1.024350000000000094e+00
2.460129999999999928e+00 2.346109999999999918e+00 2.233540000000000081e+00 2.122500000000000053e+00 2.013189999999999813e+00 1.905990000000000073e+00 1.801369999999999916e+00 1.699540000000000051e+00 1.600260000000000016e+00 1.502669999999999950e+00 1.405890000000000084e+00 1.309819999999999984e+00 1.216290000000000093e+00 1.131510000000000016e+00 1.066060000000000008e+00 1.025430000000000064e+00
2.216140000000000221e+00 2.118549999999999933e+00 2.022409999999999819e+00 1.927920000000000078e+00 1.835299999999999931e+00 1.744890000000000052e+00 1.656910000000000105e+00 1.571280000000000010e+00 1.487640000000000073e+00 1.405359999999999943e+00 1.324049999999999949e+00 1.244320000000000093e+00 1.168860000000000010e+00 1.104270000000000085e+00 1.056059999999999999e+00 1.023460000000000036e+00
2.299230000000000107e+00 2.195879999999999832e+00 2.093970000000000109e+00 1.993630000000000013e+00 1.895110000000000072e+00 1.798740000000000006e+00 1.704860000000000042e+00 1.613490000000000091e+00 1.524319999999999897e+00 1.436700000000000088e+00 1.350049999999999972e+00 1.264699999999999935e+00 1.183019999999999960e+00 1.111569999999999947e+00 1.057609999999999939e+00 1.022450000000000081e+00
2.342820000000000125e+00 2.236730000000000107e+00 2.131899999999999906e+00 2.028480000000000061e+00 1.926730000000000054e+00 1.827069999999999972e+00 1.729959999999999942e+00 1.635659999999999892e+00 1.543909999999999894e+00 1.454010000000000025e+00 1.365159999999999929e+00 1.277470000000000105e+00 1.193079999999999918e+00 1.118030000000000079e+00 1.059909999999999908e+00 1.023030000000000106e+00
3.143409999999999815e+00 2.979140000000000121e+00 2.816549999999999887e+00 2.655679999999999819e+00 2.496799999999999908e+00 2.340409999999999879e+00 2.187149999999999928e+00 2.037529999999999841e+00 1.891520000000000090e+00 1.748320000000000096e+00 1.606729999999999992e+00 1.466069999999999984e+00 1.327139999999999986e+00 1.194439999999999946e+00 1.088039999999999896e+00 1.025800000000000045e+00
1.358319999999999972e+00 1.327299999999999924e+00 1.297239999999999949e+00 1.268210000000000059e+00 1.240299999999999958e+00 1.213610000000000078e+00 1.188220000000000054e+00 1.164080000000000004e+00 1.141070000000000029e+00 1.119080000000000075e+00 1.098270000000000080e+00 1.078910000000000036e+00 1.061160000000000103e+00 1.045120000000000049e+00 1.031220000000000026e+00 1.020990000000000064e+00
4.675279999999999880e+00 4.395199999999999996e+00 4.117820000000000036e+00 3.843240000000000212e+00 3.571889999999999787e+00 3.304499999999999993e+00 3.042139999999999844e+00 2.785779999999999923e+00 2.535779999999999923e+00 2.291500000000000092e+00 2.051340000000000163e+00 1.813719999999999999e+00 1.578480000000000105e+00 1.347860000000000058e+00 1.147790000000000088e+00 1.031029999999999891e+00
2.552449999999999886e+00 2.430260000000000087e+00 2.309579999999999966e+00 2.190560000000000063e+00 2.073459999999999859e+00 1.958720000000000017e+00 1.846829999999999972e+00 1.738029999999999964e+00 1.632060000000000066e+00 1.528089999999999948e+00 1.425259999999999971e+00 1.323520000000000030e+00 1.224580000000000002e+00 1.133960000000000079e+00 1.063150000000000039e+00 1.019589999999999996e+00
1.328310000000000102e+00 1.300049999999999928e+00 1.272710000000000008e+00 1.246390000000000109e+00 1.221149999999999958e+00 1.197100000000000053e+00 1.174299999999999899e+00 1.152689999999999992e+00 1.132149999999999990e+00 1.112559999999999993e+00 1.093979999999999952e+00 1.076629999999999976e+00 1.060589999999999922e+00 1.045970000000000066e+00 1.033009999999999984e+00 1.023320000000000007e+00
3.769070000000000142e+00 3.554720000000000102e+00 3.342719999999999914e+00 3.133329999999999949e+00 2.926950000000000163e+00 2.724270000000000191e+00 2.526100000000000012e+00 2.333060000000000134e+00 2.145119999999999916e+00 1.961300000000000043e+00 1.779900000000000038e+00 1.599669999999999925e+00 1.421240000000000059e+00 1.249940000000000051e+00 1.110340000000000105e+00 1.026410000000000045e+00
5.362390000000000434e+00 5.023010000000000197e+00 4.687420000000000364e+00 4.355959999999999610e+00 4.029289999999999594e+00 3.708429999999999893e+00 3.394730000000000025e+00 3.089350000000000041e+00 2.792860000000000120e+00 2.504690000000000083e+00 2.223009999999999931e+00 1.945719999999999894e+00 1.672060000000000102e+00 1.403499999999999970e+00 1.164500000000000091e+00 1.020699999999999941e+00
5.221020000000000216e+00 4.899989999999999846e+00 4.581710000000000171e+00 4.266370000000000218e+00 3.954380000000000006e+00 3.646609999999999907e+00 3.344219999999999970e+00 3.048389999999999933e+00 2.759790000000000187e+00 2.478149999999999853e+00 2.202090000000000103e+00 1.930050000000000043e+00 1.661299999999999999e+00 1.396719999999999962e+00 1.161820000000000075e+00 1.026040000000000063e+00
3.092690000000000161e+00 2.927430000000000199e+00 2.764269999999999783e+00 2.603489999999999860e+00 2.445419999999999927e+00 2.290680000000000049e+00 2.139949999999999797e+00 1.993600000000000039e+00 1.851369999999999960e+00 1.712269999999999959e+00 1.575069999999999970e+00 1.439219999999999944e+00 1.305889999999999995e+00 1.181440000000000046e+00 1.084540000000000060e+00 1.023190000000000044e+00
3.119470000000000187e+00 2.955839999999999801e+00 2.793870000000000076e+00 2.633690000000000087e+00 2.475560000000000205e+00 2.319999999999999840e+00 2.167689999999999895e+00 2.019190000000000040e+00 1.874579999999999913e+00 1.733100000000000085e+00 1.593399999999999928e+00 1.454520000000000035e+00 1.317190000000000083e+00 1.186409999999999965e+00 1.082149999999999945e+00 1.021260000000000057e+00
1.662379999999999969e+00 1.608260000000000023e+00 1.555309999999999970e+00 1.503609999999999891e+00 1.453310000000000102e+00 1.404590000000000005e+00 1.357499999999999929e+00 1.311919999999999975e+00 1.267519999999999980e+00 1.223959999999999937e+00 1.181270000000000042e+00 1.140390000000000015e+00 1.103059999999999929e+00 1.070619999999999905e+00 1.044270000000000032e+00 1.025830000000000020e+00
2.287319999999999798e+00 2.184309999999999974e+00 2.082850000000000090e+00 1.983170000000000099e+00 1.885529999999999928e+00 1.790370000000000017e+00 1.698069999999999968e+00 1.608689999999999953e+00 1.521700000000000053e+00 1.436199999999999921e+00 1.351499999999999924e+00 1.268010000000000081e+00 1.187889999999999890e+00 1.117040000000000033e+00 1.062659999999999938e+00 1.026589999999999892e+00
1.124819999999999931e+00 1.115059999999999940e+00 1.105879999999999974e+00 1.097269999999999968e+00 1.089250000000000052e+00 1.081809999999999938e+00 1.074929999999999941e+00 1.068470000000000031e+00 1.062249999999999917e+00 1.056089999999999973e+00 1.049930000000000030e+00 1.043789999999999996e+00 1.037719999999999976e+00 1.031800000000000050e+00 1.026620000000000088e+00 1.022820000000000062e+00
2.062089999999999979e+00 1.976199999999999957e+00 1.891620000000000079e+00 1.808489999999999931e+00 1.727060000000000040e+00 1.647680000000000033e+00 1.570670000000000011e+00 1.496089999999999920e+00 1.423610000000000042e+00 1.352680000000000105e+00 1.282980000000000009e+00 1.215200000000000058e+00 1.151629999999999932e+00 1.096829999999999972e+00 1.054669999999999996e+00 1.026029999999999998e+00
