2.614419999999999966e+00 2.350649999999999906e+00 2.278340000000000032e+00 2.244250000000000078e+00 2.506470000000000198e+00 2.234049999999999869e+00 2.168789999999999996e+00 2.217789999999999928e+00 2.188089999999999868e+00 2.086850000000000094e+00 1.926039999999999974e+00
1.729770000000000030e+00 1.725510000000000099e+00 1.759959999999999969e+00 1.671920000000000073e+00 1.781639999999999890e+00 1.687850000000000072e+00 1.626479999999999926e+00 1.658160000000000078e+00 1.668909999999999894e+00 1.606389999999999985e+00 1.584209999999999896e+00
3.172789999999999999e+00 3.024999999999999911e+00 3.249499999999999833e+00 2.954660000000000064e+00 3.062209999999999877e+00 2.774369999999999781e+00 2.804860000000000131e+00 2.843739999999999934e+00 2.562790000000000123e+00 2.521450000000000191e+00 2.280650000000000066e+00
4.145039999999999836e+00 4.653810000000000002e+00 4.727289999999999992e+00 3.590149999999999952e+00 3.782760000000000122e+00 3.691860000000000142e+00 3.458889999999999798e+00 4.105369999999999742e+00 3.565710000000000157e+00 3.292780000000000040e+00 3.125080000000000080e+00
1.744040000000000035e+00 1.716730000000000089e+00 1.812170000000000059e+00 1.693550000000000111e+00 1.772869999999999946e+00 1.683529999999999971e+00 1.629289999999999905e+00 1.702450000000000019e+00 1.693100000000000049e+00 1.617510000000000003e+00 1.599969999999999892e+00
4.265439999999999898e+00 3.448479999999999990e+00 4.100259999999999572e+00 2.849479999999999791e+00 4.588180000000000369e+00 3.149439999999999795e+00 3.293680000000000163e+00 3.923410000000000064e+00 2.015699999999999825e+00 3.331269999999999953e+00 2.982689999999999841e+00
3.588239999999999874e+00 4.292539999999999800e+00 3.948970000000000091e+00 3.551969999999999850e+00 4.208789999999999587e+00 3.552799999999999958e+00 2.782519999999999882e+00 4.177990000000000315e+00 2.074429999999999996e+00 3.483880000000000088e+00 2.071379999999999999e+00
3.900160000000000071e+00 3.526139999999999830e+00 4.020739999999999981e+00 3.265680000000000138e+00 2.768800000000000150e+00 3.355319999999999858e+00 3.326350000000000140e+00 3.562390000000000168e+00 3.195800000000000196e+00 3.086510000000000087e+00 2.642500000000000071e+00
1.847739999999999938e+00 1.844899999999999984e+00 1.947910000000000030e+00 1.848899999999999988e+00 1.902230000000000087e+00 1.810000000000000053e+00 1.722750000000000004e+00 1.819900000000000073e+00 1.792140000000000066e+00 1.691929999999999934e+00 1.682479999999999976e+00
5.588409999999999656e+00 7.070120000000000182e+00 7.249500000000000277e+00 6.332980000000000054e+00 4.457410000000000316e+00 4.246340000000000003e+00 3.725690000000000168e+00 6.209080000000000155e+00 2.998590000000000089e+00 4.939560000000000173e+00 4.880460000000000242e+00
3.092249999999999943e+00 3.102460000000000218e+00 3.005349999999999966e+00 2.867579999999999796e+00 2.947470000000000034e+00 2.646479999999999944e+00 2.762059999999999960e+00 2.768009999999999859e+00 2.580690000000000150e+00 2.450260000000000105e+00 2.215259999999999785e+00
2.464580000000000215e+00 2.649659999999999904e+00 2.884809999999999874e+00 2.510060000000000180e+00 2.644270000000000120e+00 2.336050000000000182e+00 2.209400000000000031e+00 2.502780000000000005e+00 2.261589999999999989e+00 2.237699999999999800e+00 2.129659999999999886e+00
2.922190000000000065e+00 2.849139999999999784e+00 2.872450000000000170e+00 2.687669999999999781e+00 2.904199999999999893e+00 2.390769999999999840e+00 2.580189999999999984e+00 2.594240000000000101e+00 2.496070000000000011e+00 2.353400000000000158e+00 2.126609999999999889e+00
3.711749999999999883e+00 2.827339999999999964e+00 3.100849999999999884e+00 3.289559999999999818e+00 3.633059999999999956e+00 3.093789999999999818e+00 3.098380000000000134e+00 3.377069999999999794e+00 3.031849999999999934e+00 2.927859999999999907e+00 2.536750000000000060e+00
1.641150000000000109e+00 1.622970000000000024e+00 1.707300000000000040e+00 1.606759999999999966e+00 1.685119999999999951e+00 1.610489999999999977e+00 1.564769999999999994e+00 1.633739999999999970e+00 1.627799999999999914e+00 1.571290000000000076e+00 1.557979999999999920e+00
2.628379999999999939e+00 2.699479999999999880e+00 3.273530000000000051e+00 3.133140000000000036e+00 3.569179999999999797e+00 2.715489999999999959e+00 2.022720000000000073e+00 3.084919999999999884e+00 2.749200000000000088e+00 2.682459999999999845e+00 2.441800000000000193e+00
3.383659999999999890e+00 2.899199999999999999e+00 3.115610000000000213e+00 3.113020000000000120e+00 3.175660000000000149e+00 2.213000000000000078e+00 2.865540000000000198e+00 2.866010000000000169e+00 2.686430000000000096e+00 2.567299999999999915e+00 2.322049999999999947e+00
2.793130000000000113e+00 2.686589999999999812e+00 2.706010000000000026e+00 2.487239999999999895e+00 2.608989999999999920e+00 2.357359999999999900e+00 2.362699999999999800e+00 2.352479999999999905e+00 2.274830000000000130e+00 2.192439999999999944e+00 2.012329999999999952e+00
2.966060000000000141e+00 2.834070000000000089e+00 2.906509999999999927e+00 2.573650000000000215e+00 2.732460000000000111e+00 2.480090000000000128e+00 2.547000000000000153e+00 2.493430000000000035e+00 2.387090000000000156e+00 2.309050000000000047e+00 2.099320000000000075e+00
3.070120000000000182e+00 4.115789999999999615e+00 4.490660000000000096e+00 3.790589999999999904e+00 4.978100000000000414e+00 3.066269999999999829e+00 3.240009999999999835e+00 3.816009999999999902e+00 3.281899999999999817e+00 1.892519999999999980e+00 2.960760000000000058e+00
3.806309999999999860e+00 3.309750000000000192e+00 2.716549999999999798e+00 2.976649999999999796e+00 4.049669999999999881e+00 3.415319999999999911e+00 3.272040000000000060e+00 3.462479999999999780e+00 3.141709999999999781e+00 3.053010000000000002e+00 2.681210000000000093e+00
2.009659999999999780e+00 1.878069999999999906e+00 2.013290000000000024e+00 1.858950000000000102e+00 2.037269999999999914e+00 1.913520000000000110e+00 1.810659999999999936e+00 1.876570000000000071e+00 1.863830000000000098e+00 1.756629999999999914e+00 1.720860000000000056e+00
4.752279999999999838e+00 4.211079999999999934e+00 5.116469999999999629e+00 4.758779999999999788e+00 4.891469999999999985e+00 3.943049999999999944e+00 4.484239999999999782e+00 4.582460000000000200e+00 2.434769999999999879e+00 4.098279999999999923e+00 3.082749999999999879e+00
2.824359999999999982e+00 2.388729999999999798e+00 2.103169999999999984e+00 2.322459999999999969e+00 2.925530000000000186e+00 2.540610000000000035e+00 2.524680000000000035e+00 2.835310000000000219e+00 2.699300000000000033e+00 2.449990000000000112e+00 2.323710000000000164e+00
2.115060000000000162e+00 2.096220000000000194e+00 2.151580000000000048e+00 2.045430000000000081e+00 2.132350000000000190e+00 1.975789999999999935e+00 1.920960000000000001e+00 1.950369999999999937e+00 1.937070000000000070e+00 1.821730000000000071e+00 1.755959999999999965e+00
4.321760000000000268e+00 4.213370000000000282e+00 3.912830000000000030e+00 3.273080000000000211e+00 2.898620000000000196e+00 4.928160000000000096e+00 3.774099999999999788e+00 3.745730000000000004e+00 2.091130000000000155e+00 3.403169999999999806e+00 2.895290000000000141e+00
3.946250000000000036e+00 5.081100000000000172e+00 3.921159999999999979e+00 4.149110000000000298e+00 4.704519999999999591e+00 4.391919999999999824e+00 4.045930000000000248e+00 2.590409999999999879e+00 4.015119999999999578e+00 4.012459999999999916e+00 3.288879999999999804e+00
4.976390000000000313e+00 5.203100000000000058e+00 5.411550000000000082e+00 4.281100000000000350e+00 3.837979999999999947e+00 4.600590000000000401e+00 3.228569999999999940e+00 5.260659999999999670e+00 4.748910000000000409e+00 2.556719999999999882e+00 4.540930000000000355e+00
3.691040000000000099e+00 3.237519999999999953e+00 2.407010000000000094e+00 2.323100000000000165e+00 3.574510000000000076e+00 2.486180000000000057e+00 3.130339999999999900e+00 3.227320000000000189e+00 3.070160000000000000e+00 2.900549999999999962e+00 2.525150000000000006e+00
3.676709999999999923e+00 2.811170000000000169e+00 2.983690000000000175e+00 2.252099999999999991e+00 3.663110000000000088e+00 3.098129999999999828e+00 2.895830000000000126e+00 1.966120000000000090e+00 3.056950000000000056e+00 2.886670000000000069e+00 2.593989999999999796e+00
1.692299999999999915e+00 1.688360000000000083e+00 1.740869999999999918e+00 1.653170000000000028e+00 1.735340000000000105e+00 1.660039999999999960e+00 1.598659999999999970e+00 1.638379999999999947e+00 1.635780000000000012e+00 1.588449999999999918e+00 1.567700000000000093e+00
2.469730000000000203e+00 2.282490000000000130e+00 2.411739999999999995e+00 2.298919999999999852e+00 2.283720000000000194e+00 2.176000000000000156e+00 2.120659999999999989e+00 2.166240000000000165e+00 2.127310000000000034e+00 1.965340000000000087e+00 1.888349999999999973e+00
1.773239999999999927e+00 1.749740000000000073e+00 1.696620000000000017e+00 1.673620000000000108e+00 1.773009999999999975e+00 1.665010000000000101e+00 1.618840000000000057e+00 1.696530000000000094e+00 1.671959999999999891e+00 1.608849999999999891e+00 1.596139999999999892e+00
2.741830000000000211e+00 2.585440000000000182e+00 2.733900000000000219e+00 2.510619999999999852e+00 2.702850000000000197e+00 2.391480000000000050e+00 2.462429999999999897e+00 2.440570000000000128e+00 2.365400000000000169e+00 2.251219999999999999e+00 2.069100000000000161e+00
2.835599999999999898e+00 2.475999999999999979e+00 2.831240000000000201e+00 2.585830000000000073e+00 2.746020000000000127e+00 2.164280000000000204e+00 2.392079999999999984e+00 2.477370000000000072e+00 2.492410000000000014e+00 2.224289999999999878e+00 2.120210000000000150e+00
1.760629999999999917e+00 1.770529999999999937e+00 1.817129999999999912e+00 1.710520000000000040e+00 1.793970000000000065e+00 1.682060000000000111e+00 1.659310000000000063e+00 1.675219999999999931e+00 1.692960000000000020e+00 1.620100000000000096e+00 1.582160000000000011e+00
3.731759999999999966e+00 3.386289999999999800e+00 3.595549999999999802e+00 2.333470000000000155e+00 3.446670000000000122e+00 2.966849999999999987e+00 2.845050000000000079e+00 3.142570000000000086e+00 2.959239999999999871e+00 2.774140000000000050e+00 2.448459999999999859e+00
3.033850000000000158e+00 3.125440000000000218e+00 2.964179999999999815e+00 2.938590000000000035e+00 2.764540000000000219e+00 2.361580000000000013e+00 2.723390000000000200e+00 2.912549999999999972e+00 2.762080000000000091e+00 2.443000000000000060e+00 2.224489999999999856e+00
1.598489999999999966e+00 1.605450000000000044e+00 1.673470000000000013e+00 1.592309999999999892e+00 1.599730000000000096e+00 1.544259999999999966e+00 1.551849999999999952e+00 1.586969999999999992e+00 1.576580000000000092e+00 1.545369999999999910e+00 1.516450000000000076e+00
3.184820000000000206e+00 3.850600000000000023e+00 3.512309999999999821e+00 3.465500000000000025e+00 2.261940000000000062e+00 2.652530000000000054e+00 2.919570000000000221e+00 3.411470000000000002e+00 1.930909999999999904e+00 2.756069999999999798e+00 1.756219999999999892e+00
4.407540000000000013e+00 4.728930000000000078e+00 5.826800000000000423e+00 3.934489999999999821e+00 5.312649999999999650e+00 3.210010000000000030e+00 3.146150000000000002e+00 2.804730000000000167e+00 4.690220000000000056e+00 2.359469999999999956e+00 3.546300000000000008e+00
3.232810000000000183e+00 4.041280000000000427e+00 4.191360000000000419e+00 3.911939999999999973e+00 2.581510000000000193e+00 2.345979999999999954e+00 2.507540000000000102e+00 3.875020000000000131e+00 3.639650000000000052e+00 3.174589999999999801e+00 2.774259999999999948e+00
1.704560000000000075e+00 1.711789999999999923e+00 1.796459999999999946e+00 1.699950000000000072e+00 1.704110000000000014e+00 1.593369999999999953e+00 1.635990000000000055e+00 1.651690000000000103e+00 1.655200000000000005e+00 1.595669999999999922e+00 1.574480000000000102e+00
5.721320000000000405e+00 8.311890000000000001e+00 5.527650000000000396e+00 6.885019999999999918e+00 4.724099999999999966e+00 4.125130000000000408e+00 5.979669999999999597e+00 6.085790000000000255e+00 5.911509999999999820e+00 2.923290000000000166e+00 2.939830000000000165e+00
2.350870000000000015e+00 3.138339999999999907e+00 3.281839999999999868e+00 2.889889999999999848e+00 3.120579999999999909e+00 2.665589999999999904e+00 2.652420000000000222e+00 2.828599999999999781e+00 2.637620000000000076e+00 2.500480000000000036e+00 2.274589999999999890e+00
2.565630000000000077e+00 2.950709999999999944e+00 2.721810000000000063e+00 2.700670000000000126e+00 2.777050000000000018e+00 2.212600000000000122e+00 2.556770000000000209e+00 2.746900000000000119e+00 2.572259999999999991e+00 2.313839999999999897e+00 2.143689999999999873e+00
1.996960000000000068e+00 2.584330000000000016e+00 2.738490000000000091e+00 2.601109999999999811e+00 2.698550000000000004e+00 2.454019999999999868e+00 2.368310000000000137e+00 2.510200000000000209e+00 2.452310000000000212e+00 2.257010000000000183e+00 2.045889999999999986e+00
4.614790000000000170e+00 3.979389999999999983e+00 3.862119999999999997e+00 3.659240000000000048e+00 5.273139999999999716e+00 2.731930000000000192e+00 2.781579999999999941e+00 4.291960000000000441e+00 4.126190000000000246e+00 2.140270000000000117e+00 2.897639999999999993e+00
1.420749999999999957e+00 1.422250000000000014e+00 1.501870000000000038e+00 1.431340000000000057e+00 1.496380000000000043e+00 1.447440000000000060e+00 1.429689999999999905e+00 1.489009999999999945e+00 1.486410000000000009e+00 1.473929999999999962e+00 1.467589999999999950e+00
2.505539999999999878e+00 2.277019999999999822e+00 2.581659999999999844e+00 2.310999999999999943e+00 2.463029999999999831e+00 2.146479999999999944e+00 2.146009999999999973e+00 2.201309999999999878e+00 2.183609999999999829e+00 2.011750000000000149e+00 1.934949999999999948e+00
3.326999999999999957e+00 2.304469999999999796e+00 3.291249999999999787e+00 2.823199999999999932e+00 3.137189999999999923e+00 2.696190000000000087e+00 2.550520000000000120e+00 2.834830000000000183e+00 2.736660000000000093e+00 2.496269999999999989e+00 2.283249999999999780e+00
2.967070000000000096e+00 2.747689999999999966e+00 2.994110000000000049e+00 2.795609999999999928e+00 2.909030000000000005e+00 2.529780000000000140e+00 2.470940000000000136e+00 2.616369999999999862e+00 2.484780000000000211e+00 2.343199999999999950e+00 2.143260000000000165e+00
3.139530000000000154e+00 2.968719999999999803e+00 3.169999999999999929e+00 2.987789999999999946e+00 3.140890000000000182e+00 2.701490000000000169e+00 2.591120000000000090e+00 2.831179999999999808e+00 2.600260000000000016e+00 2.491750000000000131e+00 2.291319999999999801e+00
3.279189999999999827e+00 5.141720000000000290e+00 3.112979999999999858e+00 3.336129999999999818e+00 4.748470000000000191e+00 2.515000000000000124e+00 3.861839999999999939e+00 4.352129999999999832e+00 3.883869999999999933e+00 3.309930000000000039e+00 3.587689999999999824e+00
2.753299999999999859e+00 3.268790000000000084e+00 3.717970000000000219e+00 3.323259999999999881e+00 3.573859999999999815e+00 2.201779999999999848e+00 2.812009999999999899e+00 3.174669999999999881e+00 3.010909999999999975e+00 2.771319999999999784e+00 2.281499999999999861e+00
1.659769999999999968e+00 1.645180000000000087e+00 1.739910000000000068e+00 1.639550000000000063e+00 1.705270000000000064e+00 1.605760000000000076e+00 1.586750000000000105e+00 1.624959999999999960e+00 1.625220000000000109e+00 1.575199999999999934e+00 1.557700000000000085e+00
4.713199999999999612e+00 3.804100000000000037e+00 5.548009999999999664e+00 4.286830000000000140e+00 4.533299999999999663e+00 3.817260000000000097e+00 2.668210000000000193e+00 4.131439999999999557e+00 3.965440000000000076e+00 3.687230000000000008e+00 3.086479999999999890e+00
2.729229999999999823e+00 2.707650000000000112e+00 3.031870000000000065e+00 2.616849999999999898e+00 2.803430000000000089e+00 2.432570000000000121e+00 2.467039999999999900e+00 2.576569999999999805e+00 2.602949999999999875e+00 2.399950000000000028e+00 2.172280000000000211e+00
1.835930000000000062e+00 1.878430000000000044e+00 1.981829999999999981e+00 1.805399999999999894e+00 1.964550000000000018e+00 1.818159999999999998e+00 1.782180000000000097e+00 1.805090000000000083e+00 1.809120000000000061e+00 1.717300000000000049e+00 1.660930000000000017e+00
4.190529999999999866e+00 3.901110000000000078e+00 4.371199999999999974e+00 3.950099999999999945e+00 4.179009999999999891e+00 3.277919999999999945e+00 2.391239999999999810e+00 3.763300000000000090e+00 2.106970000000000010e+00 3.289730000000000043e+00 2.815399999999999903e+00
4.259310000000000151e+00 4.504400000000000404e+00 4.057660000000000267e+00 3.630469999999999864e+00 3.346459999999999990e+00 3.407350000000000101e+00 2.935270000000000046e+00 2.599200000000000177e+00 4.295390000000000263e+00 2.259269999999999889e+00 2.189449999999999896e+00
4.153039999999999843e+00 4.957950000000000301e+00 5.581649999999999778e+00 4.098329999999999806e+00 3.376640000000000086e+00 3.114450000000000163e+00 2.976869999999999905e+00 2.646580000000000155e+00 4.631689999999999863e+00 3.983870000000000022e+00 3.424549999999999983e+00
4.140360000000000262e+00 3.344380000000000130e+00 4.477240000000000109e+00 2.768279999999999852e+00 3.001230000000000064e+00 2.460960000000000036e+00 3.490250000000000075e+00 3.934579999999999966e+00 3.634840000000000071e+00 3.305210000000000203e+00 2.886600000000000055e+00
2.911709999999999798e+00 2.989549999999999930e+00 4.139450000000000074e+00 3.077069999999999972e+00 3.505030000000000090e+00 2.955769999999999786e+00 2.215300000000000047e+00 3.432819999999999983e+00 3.355259999999999909e+00 3.040470000000000006e+00 2.684369999999999923e+00
2.062279999999999891e+00 2.097199999999999953e+00 2.260780000000000012e+00 2.002180000000000071e+00 2.158349999999999991e+00 1.959160000000000013e+00 1.923519999999999897e+00 1.960259999999999891e+00 1.953680000000000083e+00 1.840780000000000083e+00 1.762639999999999985e+00
2.124680000000000124e+00 2.079829999999999846e+00 2.214570000000000149e+00 2.087660000000000071e+00 2.135689999999999866e+00 1.846109999999999918e+00 1.952080000000000037e+00 2.004309999999999814e+00 1.953580000000000094e+00 1.824359999999999982e+00 1.773989999999999956e+00
1.786980000000000013e+00 1.719060000000000032e+00 1.851890000000000036e+00 1.698939999999999895e+00 1.688800000000000079e+00 1.593720000000000026e+00 1.667980000000000018e+00 1.697729999999999961e+00 1.680399999999999894e+00 1.624710000000000099e+00 1.602889999999999926e+00
3.098339999999999872e+00 2.867869999999999919e+00 3.236769999999999925e+00 2.845279999999999809e+00 4.221619999999999706e+00 2.629389999999999894e+00 2.555229999999999890e+00 2.890779999999999905e+00 2.761499999999999844e+00 2.554829999999999934e+00 2.311999999999999833e+00
