1.006669999999999954e+00 1.026710000000000012e+00 1.051940000000000097e+00 1.080109999999999904e+00 1.109779999999999989e+00 1.139890000000000070e+00 1.168269999999999920e+00 1.193719999999999892e+00 1.217789999999999928e+00 1.244620000000000060e+00 1.275220000000000020e+00
1.006329999999999947e+00 1.014680000000000026e+00 1.024389999999999912e+00 1.034440000000000026e+00 1.044529999999999959e+00 1.054189999999999960e+00 1.062780000000000058e+00 1.069749999999999979e+00 1.076149999999999940e+00 1.083099999999999952e+00 1.091169999999999973e+00
1.007770000000000055e+00 1.068540000000000045e+00 1.152030000000000109e+00 1.246599999999999930e+00 1.341089999999999893e+00 1.432029999999999914e+00 1.519770000000000065e+00 1.609560000000000102e+00 1.709400000000000031e+00 1.822270000000000056e+00 1.945330000000000004e+00
1.006620000000000070e+00 1.024370000000000003e+00 1.045730000000000048e+00 1.068279999999999896e+00 1.091450000000000031e+00 1.114479999999999915e+00 1.135709999999999997e+00 1.154640000000000111e+00 1.173380000000000090e+00 1.194709999999999939e+00 1.219449999999999923e+00
1.006389999999999896e+00 1.015859999999999985e+00 1.026489999999999903e+00 1.037749999999999950e+00 1.049220000000000041e+00 1.060619999999999896e+00 1.071530000000000094e+00 1.081409999999999982e+00 1.090619999999999923e+00 1.099879999999999969e+00 1.109779999999999989e+00
1.007870000000000044e+00 1.069450000000000012e+00 1.151550000000000074e+00 1.244320000000000093e+00 1.337709999999999955e+00 1.428360000000000074e+00 1.515579999999999927e+00 1.601949999999999985e+00 1.695410000000000084e+00 1.801730000000000054e+00 1.917580000000000062e+00
1.008729999999999905e+00 1.106109999999999927e+00 1.243509999999999893e+00 1.393990000000000062e+00 1.541809999999999903e+00 1.685710000000000042e+00 1.829190000000000094e+00 1.980129999999999946e+00 2.147940000000000182e+00 2.332050000000000178e+00 2.526170000000000027e+00
1.007749999999999924e+00 1.065090000000000092e+00 1.141920000000000046e+00 1.230040000000000022e+00 1.319679999999999964e+00 1.406989999999999963e+00 1.490760000000000085e+00 1.573900000000000077e+00 1.663159999999999972e+00 1.763670000000000071e+00 1.874419999999999975e+00
1.006909999999999972e+00 1.033500000000000085e+00 1.066219999999999946e+00 1.103159999999999918e+00 1.142930000000000001e+00 1.183380000000000098e+00 1.221880000000000077e+00 1.257190000000000030e+00 1.291789999999999994e+00 1.329420000000000046e+00 1.371029999999999971e+00
1.008490000000000109e+00 1.095180000000000042e+00 1.214920000000000000e+00 1.347409999999999997e+00 1.478320000000000078e+00 1.605460000000000109e+00 1.730990000000000029e+00 1.860549999999999926e+00 2.003989999999999938e+00 2.161669999999999980e+00 2.332800000000000207e+00
1.007069999999999910e+00 1.038610000000000033e+00 1.077409999999999979e+00 1.121359999999999912e+00 1.168549999999999978e+00 1.216749999999999998e+00 1.262780000000000014e+00 1.305390000000000050e+00 1.347599999999999909e+00 1.392840000000000078e+00 1.443040000000000100e+00
1.006580000000000030e+00 1.022860000000000102e+00 1.042410000000000059e+00 1.063390000000000057e+00 1.085110000000000019e+00 1.106940000000000035e+00 1.127590000000000092e+00 1.145990000000000064e+00 1.163559999999999928e+00 1.182679999999999954e+00 1.204579999999999984e+00
1.006969999999999921e+00 1.035090000000000066e+00 1.068629999999999969e+00 1.105799999999999894e+00 1.145599999999999952e+00 1.186209999999999987e+00 1.225309999999999899e+00 1.261490000000000000e+00 1.296529999999999960e+00 1.333709999999999951e+00 1.374130000000000074e+00
1.008119999999999905e+00 1.078969999999999985e+00 1.174469999999999903e+00 1.283130000000000104e+00 1.392600000000000060e+00 1.499290000000000012e+00 1.602880000000000082e+00 1.706639999999999935e+00 1.818719999999999892e+00 1.944609999999999950e+00 2.080890000000000128e+00
1.006299999999999972e+00 1.013319999999999999e+00 1.021069999999999922e+00 1.029199999999999893e+00 1.037549999999999972e+00 1.045960000000000001e+00 1.054030000000000022e+00 1.061569999999999903e+00 1.068589999999999929e+00 1.075630000000000086e+00 1.082920000000000105e+00
1.006960000000000077e+00 1.036739999999999995e+00 1.074559999999999960e+00 1.116239999999999899e+00 1.159839999999999982e+00 1.202590000000000048e+00 1.241689999999999960e+00 1.278469999999999995e+00 1.318729999999999958e+00 1.366300000000000070e+00 1.420020000000000060e+00
1.007460000000000022e+00 1.055129999999999901e+00 1.118780000000000108e+00 1.191279999999999895e+00 1.265169999999999906e+00 1.336349999999999927e+00 1.404090000000000060e+00 1.471209999999999907e+00 1.545279999999999987e+00 1.631259999999999932e+00 1.724879999999999969e+00
1.006520000000000081e+00 1.020929999999999893e+00 1.038359999999999950e+00 1.057309999999999972e+00 1.076780000000000070e+00 1.096479999999999899e+00 1.114900000000000002e+00 1.130929999999999991e+00 1.146169999999999911e+00 1.162730000000000041e+00 1.181780000000000053e+00
1.007449999999999957e+00 1.053500000000000103e+00 1.113599999999999923e+00 1.182180000000000009e+00 1.253360000000000030e+00 1.322699999999999987e+00 1.388090000000000046e+00 1.450919999999999987e+00 1.519150000000000000e+00 1.596349999999999936e+00 1.681710000000000038e+00
1.006299999999999972e+00 1.013879999999999892e+00 1.022659999999999902e+00 1.031749999999999945e+00 1.040739999999999998e+00 1.049390000000000045e+00 1.057120000000000060e+00 1.063469999999999915e+00 1.069090000000000096e+00 1.075059999999999905e+00 1.081930000000000058e+00
1.007889999999999953e+00 1.074210000000000109e+00 1.166160000000000085e+00 1.268359999999999932e+00 1.369550000000000045e+00 1.467039999999999900e+00 1.562480000000000091e+00 1.662130000000000107e+00 1.773649999999999949e+00 1.899410000000000043e+00 2.033859999999999779e+00
1.006920000000000037e+00 1.034659999999999913e+00 1.068859999999999921e+00 1.106700000000000017e+00 1.146859999999999991e+00 1.186940000000000106e+00 1.224329999999999918e+00 1.258459999999999912e+00 1.293630000000000058e+00 1.333369999999999944e+00 1.378910000000000080e+00
1.009649999999999936e+00 1.143610000000000015e+00 1.329879999999999951e+00 1.526799999999999935e+00 1.719729999999999981e+00 1.908579999999999943e+00 2.101519999999999833e+00 2.307920000000000194e+00 2.537570000000000103e+00 2.786470000000000002e+00 3.045869999999999855e+00
1.007460000000000022e+00 1.053060000000000107e+00 1.110950000000000104e+00 1.176569999999999894e+00 1.245519999999999960e+00 1.313520000000000021e+00 1.377869999999999928e+00 1.439149999999999929e+00 1.503120000000000012e+00 1.574670000000000014e+00 1.654689999999999994e+00
1.006350000000000078e+00 1.015079999999999982e+00 1.025190000000000046e+00 1.035779999999999923e+00 1.046589999999999909e+00 1.057250000000000023e+00 1.067010000000000014e+00 1.075460000000000083e+00 1.083269999999999955e+00 1.091469999999999940e+00 1.100589999999999957e+00
1.008210000000000051e+00 1.083439999999999959e+00 1.185400000000000009e+00 1.299460000000000059e+00 1.413319999999999910e+00 1.523379999999999956e+00 1.630249999999999977e+00 1.738960000000000061e+00 1.857920000000000016e+00 1.993049999999999988e+00 2.140350000000000197e+00
1.009849999999999914e+00 1.150919999999999943e+00 1.344370000000000065e+00 1.547960000000000003e+00 1.746520000000000072e+00 1.940600000000000103e+00 2.135949999999999793e+00 2.344629999999999992e+00 2.577560000000000073e+00 2.830670000000000019e+00 3.097319999999999851e+00
1.009260000000000046e+00 1.126409999999999911e+00 1.288699999999999957e+00 1.462290000000000090e+00 1.632319999999999993e+00 1.798259999999999970e+00 1.965440000000000076e+00 2.142570000000000086e+00 2.338690000000000158e+00 2.554310000000000080e+00 2.781289999999999818e+00
1.007940000000000058e+00 1.070480000000000098e+00 1.151000000000000023e+00 1.242380000000000040e+00 1.335960000000000036e+00 1.427410000000000068e+00 1.514939999999999953e+00 1.599849999999999994e+00 1.687959999999999905e+00 1.786580000000000057e+00 1.895759999999999890e+00
1.007679999999999909e+00 1.063309999999999977e+00 1.138419999999999987e+00 1.223740000000000050e+00 1.310240000000000071e+00 1.394209999999999949e+00 1.474939999999999918e+00 1.555660000000000043e+00 1.644810000000000105e+00 1.745640000000000081e+00 1.856419999999999959e+00
1.006369999999999987e+00 1.015470000000000095e+00 1.025910000000000100e+00 1.037339999999999929e+00 1.049309999999999965e+00 1.061450000000000005e+00 1.073250000000000037e+00 1.084070000000000089e+00 1.094100000000000072e+00 1.104030000000000067e+00 1.114209999999999923e+00
1.006680000000000019e+00 1.025989999999999958e+00 1.049719999999999986e+00 1.076030000000000042e+00 1.103720000000000034e+00 1.131930000000000103e+00 1.158849999999999936e+00 1.182940000000000103e+00 1.205750000000000099e+00 1.230730000000000102e+00 1.259090000000000042e+00
1.006369999999999987e+00 1.016080000000000094e+00 1.027940000000000076e+00 1.040880000000000027e+00 1.053979999999999917e+00 1.067020000000000080e+00 1.079180000000000028e+00 1.089509999999999978e+00 1.098370000000000068e+00 1.107120000000000104e+00 1.116810000000000080e+00
1.007349999999999968e+00 1.050000000000000044e+00 1.104780000000000095e+00 1.166849999999999943e+00 1.231759999999999966e+00 1.295330000000000092e+00 1.355120000000000102e+00 1.412269999999999914e+00 1.472539999999999960e+00 1.541360000000000063e+00 1.618319999999999981e+00
1.006799999999999917e+00 1.032019999999999937e+00 1.063839999999999897e+00 1.097760000000000069e+00 1.132130000000000081e+00 1.163960000000000106e+00 1.192309999999999981e+00 1.222350000000000048e+00 1.259379999999999944e+00 1.303190000000000071e+00 1.351799999999999891e+00
1.006650000000000045e+00 1.025940000000000074e+00 1.049649999999999972e+00 1.075129999999999919e+00 1.101550000000000029e+00 1.127590000000000092e+00 1.151029999999999998e+00 1.171880000000000033e+00 1.193570000000000020e+00 1.218979999999999952e+00 1.248399999999999954e+00
1.007470000000000088e+00 1.056130000000000013e+00 1.121930000000000094e+00 1.196099999999999941e+00 1.270690000000000097e+00 1.341769999999999907e+00 1.409569999999999990e+00 1.479200000000000070e+00 1.558910000000000018e+00 1.650060000000000082e+00 1.748969999999999914e+00
1.006669999999999954e+00 1.026200000000000001e+00 1.049430000000000085e+00 1.073749999999999982e+00 1.098519999999999941e+00 1.122109999999999941e+00 1.142879999999999896e+00 1.163140000000000063e+00 1.186399999999999899e+00 1.213440000000000074e+00 1.244099999999999984e+00
1.006720000000000059e+00 1.027800000000000047e+00 1.053099999999999925e+00 1.079930000000000057e+00 1.107420000000000071e+00 1.133780000000000010e+00 1.157110000000000083e+00 1.179659999999999931e+00 1.204990000000000006e+00 1.234390000000000098e+00 1.267160000000000064e+00
1.008350000000000080e+00 1.091199999999999948e+00 1.203570000000000029e+00 1.323059999999999903e+00 1.439340000000000064e+00 1.550920000000000076e+00 1.664039999999999964e+00 1.791539999999999910e+00 1.938760000000000039e+00 2.097249999999999837e+00 2.261489999999999778e+00
1.009949999999999903e+00 1.163499999999999979e+00 1.379070000000000018e+00 1.598629999999999995e+00 1.811890000000000001e+00 2.026330000000000187e+00 2.258739999999999970e+00 2.517199999999999882e+00 2.800629999999999953e+00 3.093710000000000182e+00 3.391420000000000101e+00
1.009300000000000086e+00 1.132230000000000070e+00 1.303190000000000071e+00 1.479950000000000099e+00 1.652179999999999982e+00 1.822810000000000041e+00 2.005079999999999973e+00 2.210350000000000037e+00 2.435779999999999834e+00 2.675730000000000164e+00 2.920230000000000103e+00
1.006890000000000063e+00 1.033809999999999896e+00 1.067190000000000083e+00 1.104300000000000059e+00 1.143440000000000012e+00 1.181610000000000049e+00 1.216380000000000017e+00 1.249730000000000008e+00 1.286550000000000082e+00 1.328419999999999934e+00 1.375280000000000058e+00
1.008930000000000105e+00 1.116489999999999982e+00 1.264799999999999924e+00 1.419130000000000003e+00 1.568710000000000049e+00 1.715109999999999912e+00 1.868170000000000108e+00 2.042100000000000026e+00 2.235500000000000043e+00 2.440819999999999990e+00 2.654399999999999871e+00
1.007700000000000040e+00 1.062130000000000019e+00 1.132139999999999924e+00 1.212259999999999893e+00 1.295120000000000049e+00 1.375569999999999959e+00 1.452050000000000063e+00 1.527300000000000102e+00 1.609099999999999975e+00 1.701370000000000049e+00 1.802769999999999984e+00
1.006879999999999997e+00 1.033889999999999976e+00 1.067450000000000010e+00 1.103410000000000002e+00 1.140220000000000011e+00 1.174860000000000015e+00 1.205610000000000070e+00 1.237649999999999917e+00 1.275810000000000111e+00 1.320340000000000069e+00 1.370079999999999965e+00
1.007079999999999975e+00 1.039109999999999978e+00 1.078929999999999945e+00 1.123480000000000034e+00 1.170690000000000008e+00 1.217729999999999979e+00 1.261460000000000026e+00 1.302229999999999999e+00 1.344289999999999985e+00 1.391489999999999894e+00 1.444029999999999925e+00
1.009319999999999995e+00 1.133259999999999934e+00 1.305849999999999955e+00 1.484089999999999909e+00 1.657030000000000003e+00 1.829360000000000097e+00 2.013479999999999936e+00 2.220769999999999911e+00 2.450039999999999996e+00 2.689639999999999809e+00 2.935869999999999980e+00
1.006359999999999921e+00 1.015660000000000007e+00 1.026280000000000081e+00 1.037369999999999903e+00 1.048489999999999922e+00 1.058999999999999941e+00 1.068060000000000009e+00 1.076160000000000005e+00 1.084659999999999958e+00 1.094070000000000098e+00 1.104600000000000026e+00
1.007370000000000099e+00 1.052089999999999970e+00 1.111259999999999915e+00 1.177580000000000071e+00 1.245090000000000030e+00 1.309609999999999941e+00 1.369879999999999987e+00 1.431240000000000068e+00 1.501290000000000013e+00 1.582649999999999890e+00 1.670719999999999983e+00
1.007679999999999909e+00 1.063590000000000035e+00 1.139229999999999965e+00 1.224609999999999976e+00 1.309949999999999948e+00 1.391760000000000108e+00 1.470569999999999933e+00 1.552650000000000086e+00 1.645880000000000010e+00 1.751030000000000086e+00 1.865289999999999893e+00
1.007400000000000073e+00 1.051779999999999937e+00 1.110489999999999977e+00 1.178120000000000056e+00 1.247849999999999904e+00 1.315280000000000005e+00 1.378840000000000066e+00 1.441149999999999931e+00 1.510329999999999950e+00 1.588359999999999994e+00 1.674539999999999917e+00
1.008140000000000036e+00 1.081239999999999979e+00 1.181540000000000035e+00 1.294249999999999901e+00 1.405929999999999902e+00 1.513560000000000016e+00 1.618949999999999889e+00 1.728949999999999987e+00 1.853539999999999965e+00 1.992340000000000000e+00 2.138520000000000199e+00
1.006569999999999965e+00 1.022389999999999910e+00 1.040990000000000082e+00 1.060340000000000060e+00 1.079900000000000082e+00 1.098440000000000083e+00 1.114610000000000101e+00 1.130069999999999908e+00 1.147769999999999957e+00 1.168360000000000065e+00 1.191680000000000073e+00
1.007900000000000018e+00 1.074510000000000076e+00 1.167010000000000103e+00 1.268440000000000012e+00 1.367680000000000007e+00 1.462699999999999889e+00 1.557290000000000063e+00 1.662009999999999987e+00 1.782270000000000021e+00 1.914199999999999902e+00 2.052090000000000192e+00
1.006930000000000103e+00 1.034659999999999913e+00 1.069039999999999990e+00 1.107299999999999951e+00 1.147739999999999982e+00 1.187650000000000095e+00 1.224180000000000046e+00 1.258629999999999916e+00 1.295709999999999917e+00 1.337939999999999907e+00 1.386349999999999971e+00
1.009319999999999995e+00 1.129820000000000046e+00 1.296790000000000109e+00 1.474140000000000006e+00 1.647429999999999950e+00 1.816940000000000000e+00 1.990920000000000023e+00 2.180779999999999941e+00 2.393460000000000143e+00 2.621770000000000156e+00 2.861409999999999787e+00
1.007560000000000011e+00 1.058289999999999953e+00 1.123280000000000056e+00 1.196350000000000025e+00 1.271430000000000060e+00 1.343239999999999990e+00 1.410940000000000083e+00 1.479940000000000033e+00 1.557679999999999954e+00 1.645860000000000101e+00 1.741149999999999975e+00
1.006529999999999925e+00 1.021390000000000020e+00 1.039199999999999902e+00 1.058259999999999978e+00 1.078079999999999927e+00 1.097760000000000069e+00 1.115949999999999998e+00 1.131990000000000052e+00 1.147799999999999931e+00 1.165170000000000039e+00 1.184860000000000024e+00
1.008639999999999981e+00 1.100400000000000045e+00 1.226299999999999946e+00 1.365189999999999904e+00 1.501749999999999918e+00 1.634300000000000086e+00 1.765220000000000011e+00 1.903790000000000093e+00 2.058289999999999953e+00 2.229340000000000099e+00 2.412389999999999812e+00
1.009509999999999907e+00 1.135520000000000085e+00 1.307439999999999936e+00 1.490250000000000075e+00 1.668600000000000083e+00 1.842440000000000078e+00 2.016719999999999846e+00 2.205740000000000034e+00 2.415439999999999809e+00 2.646659999999999791e+00 2.888780000000000125e+00
1.009959999999999969e+00 1.158819999999999961e+00 1.361949999999999994e+00 1.569530000000000092e+00 1.771460000000000035e+00 1.971959999999999935e+00 2.184400000000000119e+00 2.423760000000000137e+00 2.687380000000000102e+00 2.964420000000000055e+00 3.251040000000000152e+00
1.008089999999999931e+00 1.079609999999999959e+00 1.175529999999999964e+00 1.279789999999999983e+00 1.382149999999999990e+00 1.479630000000000001e+00 1.575469999999999926e+00 1.682690000000000019e+00 1.805749999999999966e+00 1.939710000000000045e+00 2.082450000000000134e+00
1.008350000000000080e+00 1.091820000000000013e+00 1.206979999999999942e+00 1.331299999999999928e+00 1.452669999999999906e+00 1.569979999999999931e+00 1.690490000000000048e+00 1.825599999999999890e+00 1.976849999999999996e+00 2.141690000000000094e+00 2.312460000000000182e+00
1.006569999999999965e+00 1.022389999999999910e+00 1.041660000000000030e+00 1.062759999999999927e+00 1.084600000000000009e+00 1.106470000000000065e+00 1.126710000000000100e+00 1.144589999999999996e+00 1.162109999999999976e+00 1.181429999999999980e+00 1.203440000000000065e+00
1.006899999999999906e+00 1.034759999999999902e+00 1.069809999999999928e+00 1.107790000000000052e+00 1.146740000000000093e+00 1.183289999999999953e+00 1.216210000000000013e+00 1.250850000000000017e+00 1.291979999999999906e+00 1.340160000000000018e+00 1.393280000000000074e+00
1.006210000000000049e+00 1.011100000000000110e+00 1.016829999999999901e+00 1.022499999999999964e+00 1.027649999999999952e+00 1.031930000000000014e+00 1.034599999999999964e+00 1.036240000000000050e+00 1.037800000000000056e+00 1.040059999999999985e+00 1.043039999999999967e+00
1.007500000000000062e+00 1.055609999999999937e+00 1.118419999999999970e+00 1.189850000000000074e+00 1.262680000000000025e+00 1.332540000000000058e+00 1.398649999999999949e+00 1.465799999999999992e+00 1.542890000000000095e+00 1.628959999999999964e+00 1.723850000000000104e+00
