1.006939999999999946e+00 1.035420000000000007e+00 1.071609999999999951e+00 1.112559999999999993e+00 1.155790000000000095e+00 1.198360000000000092e+00 1.237370000000000081e+00 1.274089999999999945e+00 1.313760000000000039e+00 1.359269999999999978e+00 1.410609999999999919e+00
1.006550000000000056e+00 1.022590000000000110e+00 1.042489999999999917e+00 1.063290000000000068e+00 1.084519999999999929e+00 1.105120000000000102e+00 1.122859999999999969e+00 1.137790000000000079e+00 1.153280000000000083e+00 1.171969999999999956e+00 1.194530000000000092e+00
1.007779999999999898e+00 1.069860000000000033e+00 1.156379999999999963e+00 1.253209999999999935e+00 1.348880000000000079e+00 1.440430000000000099e+00 1.529060000000000086e+00 1.622789999999999955e+00 1.728730000000000100e+00 1.847550000000000026e+00 1.975039999999999907e+00
1.008219999999999894e+00 1.087420000000000053e+00 1.196229999999999905e+00 1.313600000000000101e+00 1.427839999999999998e+00 1.537020000000000053e+00 1.648320000000000007e+00 1.772809999999999997e+00 1.915589999999999904e+00 2.069879999999999942e+00 2.231390000000000207e+00
1.006269999999999998e+00 1.012029999999999985e+00 1.018450000000000077e+00 1.025109999999999966e+00 1.031730000000000036e+00 1.038140000000000063e+00 1.043760000000000021e+00 1.048629999999999951e+00 1.053139999999999965e+00 1.057760000000000034e+00 1.062610000000000054e+00
1.007640000000000091e+00 1.062799999999999967e+00 1.136319999999999997e+00 1.217710000000000070e+00 1.298110000000000097e+00 1.373920000000000030e+00 1.446080000000000032e+00 1.523709999999999898e+00 1.613169999999999993e+00 1.713980000000000059e+00 1.822270000000000056e+00
1.008299999999999974e+00 1.092160000000000020e+00 1.209929999999999950e+00 1.336249999999999938e+00 1.458639999999999937e+00 1.575930000000000053e+00 1.695959999999999912e+00 1.830219999999999958e+00 1.982220000000000093e+00 2.145589999999999886e+00 2.315139999999999976e+00
1.008229999999999960e+00 1.084589999999999943e+00 1.188819999999999988e+00 1.305129999999999901e+00 1.419890000000000096e+00 1.530440000000000023e+00 1.638929999999999998e+00 1.754769999999999941e+00 1.886330000000000062e+00 2.032129999999999992e+00 2.186440000000000161e+00
1.006660000000000110e+00 1.026380000000000070e+00 1.050359999999999960e+00 1.075709999999999944e+00 1.101580000000000004e+00 1.125930000000000097e+00 1.147170000000000023e+00 1.167869999999999964e+00 1.192029999999999923e+00 1.220739999999999936e+00 1.253579999999999917e+00
1.010180000000000078e+00 1.168800000000000061e+00 1.385610000000000008e+00 1.608519999999999950e+00 1.825720000000000010e+00 2.041160000000000085e+00 2.271199999999999886e+00 2.525529999999999831e+00 2.809520000000000017e+00 3.107880000000000198e+00 3.412459999999999827e+00
1.007630000000000026e+00 1.058890000000000109e+00 1.124290000000000012e+00 1.199710000000000054e+00 1.279099999999999904e+00 1.357339999999999991e+00 1.431750000000000078e+00 1.502750000000000030e+00 1.576519999999999921e+00 1.658400000000000096e+00 1.748760000000000092e+00
1.006960000000000077e+00 1.037519999999999998e+00 1.076529999999999987e+00 1.119010000000000060e+00 1.162349999999999994e+00 1.202760000000000051e+00 1.239030000000000076e+00 1.277260000000000062e+00 1.323339999999999961e+00 1.377839999999999954e+00 1.437659999999999938e+00
1.007069999999999910e+00 1.039039999999999964e+00 1.078650000000000109e+00 1.123580000000000023e+00 1.171880000000000033e+00 1.220569999999999933e+00 1.266489999999999894e+00 1.308920000000000083e+00 1.351110000000000033e+00 1.396870000000000056e+00 1.447789999999999910e+00
1.008259999999999934e+00 1.084870000000000001e+00 1.187869999999999981e+00 1.302710000000000035e+00 1.416900000000000048e+00 1.527099999999999902e+00 1.634460000000000024e+00 1.748639999999999972e+00 1.876910000000000078e+00 2.018170000000000019e+00 2.170040000000000191e+00
1.006219999999999892e+00 1.010809999999999986e+00 1.015849999999999920e+00 1.020990000000000064e+00 1.026119999999999921e+00 1.030990000000000073e+00 1.035269999999999913e+00 1.038910000000000000e+00 1.042319999999999913e+00 1.045819999999999972e+00 1.049449999999999994e+00
1.007109999999999950e+00 1.043009999999999993e+00 1.089909999999999934e+00 1.141729999999999912e+00 1.194790000000000019e+00 1.245360000000000023e+00 1.291330000000000089e+00 1.336589999999999945e+00 1.388500000000000068e+00 1.449680000000000080e+00 1.517360000000000042e+00
1.007779999999999898e+00 1.068019999999999969e+00 1.150500000000000078e+00 1.244189999999999907e+00 1.337970000000000104e+00 1.428320000000000034e+00 1.515090000000000048e+00 1.603339999999999987e+00 1.703119999999999967e+00 1.815390000000000059e+00 1.936080000000000023e+00
1.007100000000000106e+00 1.040399999999999991e+00 1.083250000000000046e+00 1.132770000000000055e+00 1.185249999999999915e+00 1.237409999999999899e+00 1.286280000000000090e+00 1.331990000000000007e+00 1.379119999999999902e+00 1.431799999999999962e+00 1.491489999999999982e+00
1.007830000000000004e+00 1.067590000000000039e+00 1.147350000000000092e+00 1.239049999999999985e+00 1.332510000000000083e+00 1.423030000000000017e+00 1.510010000000000074e+00 1.596330000000000027e+00 1.690819999999999990e+00 1.798399999999999999e+00 1.915329999999999977e+00
1.007370000000000099e+00 1.051800000000000068e+00 1.110030000000000072e+00 1.174779999999999935e+00 1.239780000000000104e+00 1.301260000000000083e+00 1.359269999999999978e+00 1.422779999999999934e+00 1.497579999999999911e+00 1.582379999999999898e+00 1.673740000000000006e+00
1.007789999999999964e+00 1.070270000000000055e+00 1.156050000000000022e+00 1.251279999999999948e+00 1.345579999999999998e+00 1.435419999999999918e+00 1.522590000000000110e+00 1.614170000000000105e+00 1.719489999999999963e+00 1.837420000000000053e+00 1.963519999999999932e+00
1.006599999999999939e+00 1.024059999999999970e+00 1.045269999999999921e+00 1.067870000000000097e+00 1.091229999999999922e+00 1.114020000000000010e+00 1.134260000000000046e+00 1.151980000000000004e+00 1.170800000000000063e+00 1.192949999999999955e+00 1.218909999999999938e+00
1.009770000000000056e+00 1.146730000000000027e+00 1.334719999999999906e+00 1.533619999999999983e+00 1.728339999999999987e+00 1.919419999999999904e+00 2.113970000000000127e+00 2.325750000000000206e+00 2.560830000000000162e+00 2.813550000000000217e+00 3.079880000000000173e+00
1.007609999999999895e+00 1.061849999999999961e+00 1.132949999999999902e+00 1.210579999999999989e+00 1.287730000000000041e+00 1.360379999999999923e+00 1.429370000000000029e+00 1.504999999999999893e+00 1.592470000000000052e+00 1.691289999999999960e+00 1.797500000000000098e+00
1.006599999999999939e+00 1.024199999999999999e+00 1.045609999999999928e+00 1.068619999999999903e+00 1.092680000000000096e+00 1.116759999999999975e+00 1.138779999999999903e+00 1.158179999999999987e+00 1.177229999999999999e+00 1.198569999999999913e+00 1.223030000000000062e+00
1.008569999999999967e+00 1.098360000000000003e+00 1.221999999999999975e+00 1.359299999999999953e+00 1.495230000000000059e+00 1.626349999999999962e+00 1.754629999999999912e+00 1.888619999999999965e+00 2.036459999999999937e+00 2.200820000000000221e+00 2.375039999999999818e+00
1.009959999999999969e+00 1.154439999999999911e+00 1.350770000000000026e+00 1.557129999999999903e+00 1.757980000000000098e+00 1.953209999999999891e+00 2.149469999999999992e+00 2.359230000000000160e+00 2.594300000000000050e+00 2.850690000000000168e+00 3.121199999999999974e+00
1.010389999999999899e+00 1.178790000000000004e+00 1.409559999999999924e+00 1.645059999999999967e+00 1.873799999999999910e+00 2.102889999999999926e+00 2.346429999999999794e+00 2.619580000000000020e+00 2.917120000000000157e+00 3.232229999999999936e+00 3.551649999999999974e+00
1.007589999999999986e+00 1.057549999999999990e+00 1.120819999999999927e+00 1.191990000000000105e+00 1.265360000000000040e+00 1.336019999999999985e+00 1.402079999999999993e+00 1.467489999999999961e+00 1.539830000000000032e+00 1.621280000000000054e+00 1.711119999999999974e+00
1.007270000000000110e+00 1.048179999999999890e+00 1.101890000000000036e+00 1.162090000000000067e+00 1.223340000000000094e+00 1.281530000000000058e+00 1.336090000000000000e+00 1.392209999999999948e+00 1.457470000000000043e+00 1.532580000000000053e+00 1.614800000000000013e+00
1.006399999999999961e+00 1.016899999999999915e+00 1.029420000000000002e+00 1.042729999999999935e+00 1.056249999999999911e+00 1.069499999999999895e+00 1.081509999999999971e+00 1.091720000000000024e+00 1.101089999999999902e+00 1.111089999999999911e+00 1.122440000000000104e+00
1.006639999999999979e+00 1.024950000000000028e+00 1.047060000000000102e+00 1.070959999999999912e+00 1.095590000000000064e+00 1.119950000000000001e+00 1.141979999999999995e+00 1.161669999999999980e+00 1.181880000000000042e+00 1.204760000000000053e+00 1.230720000000000036e+00
1.006350000000000078e+00 1.015349999999999975e+00 1.025989999999999958e+00 1.037379999999999969e+00 1.048810000000000020e+00 1.059579999999999966e+00 1.068959999999999910e+00 1.076850000000000085e+00 1.084430000000000005e+00 1.092719999999999914e+00 1.102230000000000043e+00
1.007069999999999910e+00 1.040319999999999911e+00 1.082670000000000021e+00 1.130409999999999915e+00 1.180560000000000054e+00 1.229360000000000008e+00 1.274550000000000072e+00 1.317439999999999944e+00 1.363560000000000105e+00 1.415859999999999896e+00 1.475370000000000070e+00
1.007039999999999935e+00 1.040839999999999987e+00 1.084270000000000067e+00 1.131539999999999990e+00 1.178500000000000103e+00 1.220949999999999980e+00 1.261679999999999913e+00 1.309870000000000090e+00 1.367050000000000098e+00 1.431270000000000042e+00 1.500490000000000101e+00
1.006410000000000027e+00 1.018110000000000070e+00 1.032340000000000035e+00 1.047260000000000080e+00 1.062240000000000073e+00 1.076619999999999910e+00 1.089129999999999932e+00 1.099550000000000027e+00 1.109650000000000025e+00 1.120759999999999978e+00 1.133920000000000039e+00
1.007560000000000011e+00 1.059949999999999948e+00 1.131490000000000107e+00 1.213019999999999987e+00 1.294799999999999951e+00 1.372309999999999919e+00 1.446989999999999998e+00 1.524250000000000105e+00 1.610819999999999919e+00 1.707929999999999948e+00 1.812540000000000040e+00
1.008119999999999905e+00 1.088999999999999968e+00 1.200020000000000087e+00 1.314640000000000031e+00 1.422889999999999988e+00 1.528990000000000071e+00 1.648139999999999938e+00 1.788100000000000023e+00 1.939789999999999903e+00 2.099390000000000089e+00 2.261909999999999865e+00
1.006170000000000009e+00 1.009489999999999998e+00 1.012990000000000057e+00 1.016499999999999959e+00 1.019819999999999949e+00 1.022739999999999982e+00 1.025130000000000097e+00 1.027349999999999985e+00 1.029630000000000045e+00 1.032040000000000068e+00 1.034580000000000055e+00
1.007929999999999993e+00 1.076969999999999983e+00 1.170469999999999899e+00 1.269150000000000000e+00 1.363240000000000007e+00 1.452390000000000070e+00 1.548389999999999933e+00 1.662679999999999936e+00 1.791260000000000074e+00 1.927740000000000009e+00 2.066850000000000076e+00
1.009679999999999911e+00 1.154849999999999932e+00 1.355089999999999906e+00 1.557269999999999932e+00 1.751819999999999933e+00 1.949719999999999898e+00 2.172250000000000014e+00 2.422340000000000160e+00 2.689939999999999998e+00 2.962400000000000144e+00 3.242160000000000153e+00
1.009079999999999977e+00 1.123599999999999932e+00 1.281670000000000087e+00 1.444639999999999924e+00 1.601790000000000047e+00 1.757770000000000055e+00 1.928439999999999932e+00 2.124670000000000059e+00 2.339430000000000121e+00 2.561700000000000088e+00 2.791059999999999874e+00
1.006359999999999921e+00 1.016319999999999890e+00 1.027689999999999992e+00 1.038750000000000062e+00 1.048789999999999889e+00 1.056440000000000046e+00 1.062159999999999993e+00 1.068699999999999983e+00 1.077309999999999990e+00 1.087939999999999907e+00 1.100289999999999990e+00
1.010820000000000052e+00 1.203019999999999978e+00 1.459289999999999976e+00 1.713770000000000016e+00 1.962280000000000024e+00 2.220590000000000064e+00 2.513189999999999813e+00 2.840510000000000090e+00 3.185259999999999980e+00 3.539880000000000138e+00 3.898260000000000058e+00
1.007570000000000077e+00 1.056990000000000096e+00 1.120170000000000110e+00 1.193429999999999991e+00 1.270199999999999996e+00 1.344980000000000064e+00 1.416290000000000049e+00 1.486220000000000097e+00 1.560159999999999991e+00 1.640759999999999996e+00 1.730460000000000109e+00
1.006639999999999979e+00 1.026469999999999994e+00 1.050179999999999891e+00 1.074089999999999989e+00 1.096980000000000066e+00 1.116219999999999990e+00 1.133499999999999952e+00 1.155170000000000030e+00 1.182900000000000063e+00 1.215349999999999930e+00 1.251270000000000104e+00
1.006969999999999921e+00 1.035509999999999931e+00 1.071090000000000098e+00 1.110999999999999988e+00 1.153359999999999941e+00 1.195570000000000022e+00 1.234850000000000003e+00 1.271369999999999889e+00 1.307979999999999920e+00 1.347599999999999909e+00 1.392309999999999937e+00
1.009339999999999904e+00 1.133890000000000065e+00 1.304669999999999996e+00 1.480629999999999891e+00 1.650490000000000013e+00 1.819949999999999957e+00 2.006009999999999849e+00 2.217719999999999914e+00 2.448240000000000194e+00 2.689519999999999911e+00 2.934800000000000075e+00
1.006259999999999932e+00 1.012259999999999938e+00 1.018929999999999891e+00 1.025409999999999933e+00 1.031470000000000109e+00 1.036459999999999937e+00 1.040259999999999962e+00 1.043849999999999945e+00 1.047779999999999934e+00 1.052270000000000039e+00 1.057250000000000023e+00
1.006790000000000074e+00 1.031360000000000054e+00 1.062629999999999963e+00 1.096530000000000005e+00 1.131480000000000041e+00 1.164630000000000054e+00 1.194250000000000034e+00 1.222359999999999891e+00 1.253530000000000033e+00 1.290550000000000086e+00 1.333090000000000108e+00
1.007300000000000084e+00 1.048680000000000057e+00 1.103199999999999958e+00 1.165710000000000024e+00 1.230120000000000102e+00 1.291749999999999954e+00 1.349939999999999918e+00 1.408530000000000060e+00 1.473279999999999923e+00 1.545900000000000052e+00 1.625529999999999919e+00
1.007270000000000110e+00 1.046319999999999917e+00 1.096689999999999943e+00 1.155559999999999921e+00 1.217619999999999925e+00 1.278219999999999912e+00 1.335350000000000037e+00 1.390949999999999909e+00 1.448679999999999968e+00 1.513419999999999987e+00 1.584770000000000012e+00
1.007609999999999895e+00 1.059420000000000028e+00 1.127650000000000041e+00 1.206870000000000109e+00 1.288440000000000030e+00 1.367159999999999931e+00 1.441969999999999974e+00 1.517230000000000079e+00 1.597869999999999902e+00 1.688790000000000013e+00 1.788470000000000004e+00
1.007039999999999935e+00 1.042089999999999961e+00 1.086170000000000080e+00 1.132679999999999909e+00 1.177359999999999962e+00 1.216569999999999929e+00 1.256950000000000012e+00 1.308489999999999931e+00 1.370160000000000045e+00 1.438020000000000076e+00 1.509770000000000056e+00
1.007479999999999931e+00 1.056179999999999897e+00 1.121140000000000025e+00 1.194649999999999990e+00 1.268340000000000023e+00 1.337849999999999984e+00 1.404079999999999995e+00 1.474299999999999944e+00 1.554370000000000029e+00 1.643960000000000088e+00 1.740830000000000100e+00
1.006329999999999947e+00 1.014869999999999939e+00 1.024939999999999962e+00 1.035360000000000058e+00 1.045570000000000110e+00 1.054950000000000054e+00 1.062859999999999916e+00 1.069299999999999917e+00 1.075639999999999930e+00 1.082659999999999956e+00 1.090889999999999915e+00
1.009050000000000002e+00 1.116130000000000067e+00 1.260359999999999925e+00 1.416919999999999957e+00 1.570019999999999971e+00 1.718320000000000070e+00 1.868090000000000028e+00 2.031919999999999948e+00 2.215059999999999807e+00 2.412640000000000118e+00 2.621919999999999806e+00
1.007130000000000081e+00 1.044259999999999966e+00 1.090859999999999941e+00 1.140989999999999949e+00 1.190290000000000070e+00 1.234459999999999891e+00 1.277320000000000011e+00 1.326880000000000059e+00 1.385000000000000009e+00 1.450499999999999901e+00 1.520909999999999984e+00
1.006380000000000052e+00 1.016250000000000098e+00 1.027900000000000036e+00 1.040219999999999922e+00 1.052699999999999969e+00 1.064859999999999918e+00 1.075819999999999999e+00 1.085290000000000088e+00 1.093869999999999898e+00 1.103120000000000100e+00 1.113299999999999956e+00
1.008299999999999974e+00 1.086319999999999952e+00 1.191619999999999902e+00 1.310729999999999951e+00 1.429459999999999953e+00 1.543679999999999941e+00 1.655070000000000041e+00 1.770459999999999923e+00 1.898200000000000109e+00 2.039280000000000204e+00 2.192050000000000054e+00
1.009009999999999962e+00 1.113669999999999938e+00 1.253360000000000030e+00 1.404940000000000078e+00 1.553339999999999943e+00 1.695130000000000026e+00 1.833530000000000104e+00 1.979179999999999939e+00 2.139749999999999819e+00 2.318010000000000126e+00 2.509599999999999831e+00
1.011169999999999902e+00 1.218569999999999931e+00 1.493819999999999926e+00 1.767300000000000093e+00 2.034450000000000092e+00 2.313509999999999955e+00 2.626640000000000086e+00 2.976309999999999789e+00 3.346950000000000092e+00 3.727079999999999949e+00 4.111430000000000362e+00
1.008280000000000065e+00 1.087399999999999922e+00 1.192029999999999923e+00 1.304070000000000062e+00 1.412290000000000045e+00 1.514000000000000012e+00 1.618570000000000064e+00 1.740730000000000111e+00 1.877899999999999903e+00 2.025529999999999831e+00 2.181770000000000209e+00
1.007509999999999906e+00 1.057900000000000063e+00 1.124260000000000037e+00 1.198080000000000034e+00 1.270969999999999933e+00 1.339059999999999917e+00 1.407189999999999941e+00 1.484839999999999938e+00 1.573890000000000011e+00 1.672090000000000076e+00 1.775309999999999944e+00
1.006380000000000052e+00 1.016159999999999952e+00 1.027809999999999890e+00 1.040210000000000079e+00 1.052720000000000100e+00 1.064929999999999932e+00 1.075900000000000079e+00 1.085339999999999971e+00 1.094090000000000007e+00 1.103210000000000024e+00 1.113280000000000047e+00
1.006550000000000056e+00 1.022489999999999899e+00 1.041520000000000001e+00 1.061220000000000052e+00 1.080729999999999968e+00 1.098200000000000065e+00 1.113359999999999905e+00 1.129310000000000036e+00 1.147710000000000008e+00 1.169049999999999923e+00 1.193159999999999998e+00
1.006340000000000012e+00 1.015379999999999949e+00 1.026229999999999976e+00 1.037220000000000031e+00 1.047619999999999996e+00 1.056270000000000042e+00 1.062650000000000095e+00 1.068580000000000085e+00 1.075660000000000061e+00 1.084400000000000031e+00 1.094600000000000017e+00
1.007430000000000048e+00 1.052820000000000089e+00 1.111129999999999951e+00 1.177729999999999944e+00 1.246080000000000076e+00 1.310869999999999980e+00 1.372770000000000046e+00 1.436879999999999935e+00 1.507100000000000106e+00 1.586330000000000018e+00 1.671829999999999927e+00
