1.541290000000000049e+00 2.548379999999999868e+00 2.466689999999999827e+00 2.349569999999999936e+00 2.112579999999999902e+00 2.055050000000000043e+00 1.917140000000000066e+00 2.167590000000000128e+00 2.132940000000000058e+00 2.007649999999999935e+00 1.903890000000000082e+00
1.292079999999999895e+00 2.026029999999999998e+00 1.958420000000000050e+00 2.011029999999999873e+00 1.842789999999999928e+00 1.933610000000000051e+00 1.832640000000000047e+00 1.801770000000000094e+00 1.874870000000000037e+00 1.765130000000000088e+00 1.755730000000000013e+00
2.182069999999999954e+00 3.581770000000000120e+00 3.429450000000000109e+00 3.296330000000000204e+00 3.093890000000000029e+00 2.902439999999999909e+00 2.675409999999999844e+00 2.788170000000000037e+00 2.976210000000000022e+00 2.729410000000000114e+00 2.538400000000000212e+00
2.127159999999999940e+00 3.661270000000000024e+00 2.208299999999999930e+00 3.290029999999999788e+00 3.408720000000000194e+00 2.722599999999999909e+00 2.501689999999999969e+00 2.762080000000000091e+00 2.850589999999999957e+00 2.762820000000000054e+00 2.551969999999999850e+00
1.332559999999999967e+00 1.729489999999999972e+00 1.657980000000000009e+00 1.705310000000000104e+00 1.564769999999999994e+00 1.608049999999999979e+00 1.549430000000000085e+00 1.611830000000000096e+00 1.614640000000000075e+00 1.595269999999999966e+00 1.565039999999999987e+00
2.088369999999999838e+00 2.884230000000000071e+00 3.299139999999999961e+00 3.017710000000000115e+00 2.843809999999999949e+00 2.734230000000000160e+00 2.636810000000000098e+00 2.846560000000000201e+00 2.890540000000000109e+00 2.694300000000000139e+00 2.497320000000000206e+00
3.766539999999999999e+00 3.783009999999999984e+00 4.569180000000000241e+00 4.863190000000000346e+00 3.860069999999999890e+00 2.640470000000000095e+00 3.246370000000000200e+00 3.651190000000000158e+00 3.816390000000000171e+00 3.747599999999999820e+00 3.327420000000000044e+00
2.217810000000000059e+00 3.714939999999999909e+00 2.657340000000000035e+00 3.340700000000000003e+00 3.077100000000000168e+00 2.881359999999999921e+00 2.590930000000000177e+00 2.778840000000000199e+00 3.050110000000000099e+00 2.836959999999999926e+00 2.578100000000000058e+00
1.449719999999999898e+00 1.974239999999999995e+00 1.855180000000000051e+00 1.913459999999999939e+00 1.707149999999999945e+00 1.747000000000000108e+00 1.673349999999999893e+00 1.719570000000000043e+00 1.726969999999999894e+00 1.693990000000000107e+00 1.654800000000000049e+00
3.642739999999999867e+00 5.897920000000000051e+00 3.762169999999999792e+00 3.971389999999999976e+00 3.811380000000000212e+00 3.161979999999999791e+00 3.176260000000000083e+00 4.276559999999999917e+00 4.477330000000000254e+00 4.303200000000000358e+00 3.731819999999999915e+00
1.741519999999999957e+00 2.925510000000000055e+00 2.990299999999999958e+00 2.740510000000000002e+00 2.315040000000000209e+00 2.476199999999999957e+00 2.330729999999999968e+00 2.400259999999999838e+00 2.413419999999999899e+00 2.311360000000000081e+00 2.154209999999999958e+00
1.640330000000000066e+00 2.728330000000000144e+00 2.532459999999999933e+00 2.491490000000000204e+00 2.253810000000000091e+00 2.158049999999999802e+00 2.019089999999999829e+00 2.242700000000000138e+00 2.229709999999999859e+00 2.137230000000000185e+00 2.009139999999999926e+00
1.480990000000000029e+00 2.377819999999999823e+00 2.388999999999999790e+00 2.296170000000000044e+00 2.107509999999999994e+00 2.142230000000000079e+00 2.027759999999999785e+00 2.052599999999999980e+00 2.114479999999999915e+00 1.982969999999999899e+00 1.898099999999999898e+00
2.521490000000000009e+00 4.170580000000000176e+00 3.941570000000000018e+00 2.854280000000000150e+00 3.212660000000000071e+00 2.421520000000000117e+00 2.404840000000000089e+00 3.296279999999999877e+00 3.352289999999999992e+00 3.195819999999999883e+00 2.876189999999999802e+00
1.296710000000000029e+00 1.636759999999999993e+00 1.598270000000000080e+00 1.633990000000000054e+00 1.519060000000000077e+00 1.560759999999999925e+00 1.509880000000000111e+00 1.576330000000000009e+00 1.577090000000000103e+00 1.561890000000000001e+00 1.535199999999999898e+00
1.717840000000000034e+00 2.855900000000000105e+00 2.602040000000000131e+00 2.613609999999999989e+00 2.404020000000000046e+00 2.472389999999999866e+00 2.050609999999999822e+00 2.233319999999999972e+00 2.370410000000000128e+00 2.207969999999999988e+00 2.094669999999999810e+00
2.083540000000000170e+00 3.309569999999999901e+00 3.384059999999999846e+00 3.085760000000000058e+00 2.918229999999999880e+00 2.959610000000000074e+00 2.590549999999999908e+00 2.715650000000000119e+00 2.802130000000000010e+00 2.629640000000000200e+00 2.429650000000000087e+00
1.415049999999999919e+00 2.363789999999999836e+00 2.280559999999999921e+00 2.209579999999999878e+00 1.959649999999999892e+00 2.031750000000000167e+00 1.937030000000000030e+00 2.001050000000000217e+00 1.989100000000000090e+00 1.898220000000000018e+00 1.812840000000000007e+00
2.066190000000000193e+00 3.001660000000000217e+00 3.038819999999999855e+00 1.995530000000000026e+00 2.563190000000000079e+00 2.524729999999999919e+00 2.223019999999999996e+00 2.474990000000000023e+00 2.443630000000000191e+00 2.315710000000000157e+00 2.128480000000000150e+00
1.759579999999999922e+00 2.994369999999999976e+00 2.650160000000000071e+00 2.703870000000000218e+00 2.499000000000000110e+00 2.286500000000000199e+00 2.158440000000000136e+00 2.407620000000000093e+00 2.366950000000000109e+00 2.256839999999999957e+00 2.108270000000000088e+00
2.403789999999999871e+00 3.239040000000000141e+00 3.584690000000000154e+00 2.526050000000000129e+00 3.435179999999999900e+00 3.406480000000000175e+00 3.621049999999999880e+00 2.939979999999999816e+00 3.264879999999999782e+00 2.977860000000000174e+00 2.796499999999999986e+00
1.257749999999999924e+00 2.014279999999999848e+00 1.917969999999999953e+00 1.938509999999999955e+00 1.833469999999999933e+00 1.879999999999999893e+00 1.771640000000000104e+00 1.782429999999999959e+00 1.830889999999999906e+00 1.732469999999999954e+00 1.717580000000000107e+00
3.208650000000000002e+00 4.577040000000000219e+00 3.427049999999999930e+00 3.388370000000000104e+00 4.047139999999999738e+00 4.096189999999999998e+00 2.319090000000000096e+00 2.628880000000000106e+00 4.211850000000000094e+00 2.131470000000000198e+00 3.427130000000000010e+00
1.762189999999999923e+00 2.867049999999999876e+00 2.630799999999999805e+00 2.910870000000000068e+00 2.005609999999999893e+00 2.419610000000000039e+00 2.297079999999999789e+00 2.281179999999999986e+00 2.390249999999999986e+00 2.344310000000000116e+00 2.206589999999999829e+00
1.432420000000000027e+00 1.912339999999999929e+00 1.843460000000000099e+00 1.867159999999999931e+00 1.719489999999999963e+00 1.779679999999999929e+00 1.679340000000000055e+00 1.723209999999999908e+00 1.741020000000000012e+00 1.682309999999999972e+00 1.648419999999999996e+00
3.007849999999999913e+00 4.052850000000000286e+00 3.847199999999999953e+00 3.755759999999999987e+00 2.989209999999999923e+00 2.620690000000000186e+00 3.005990000000000162e+00 3.085300000000000153e+00 3.343910000000000160e+00 3.071579999999999977e+00 2.826630000000000198e+00
3.272069999999999812e+00 3.677350000000000119e+00 3.373600000000000154e+00 3.527670000000000083e+00 3.970209999999999795e+00 3.802999999999999936e+00 3.781429999999999847e+00 2.610399999999999832e+00 4.075319999999999609e+00 2.140109999999999957e+00 3.314119999999999955e+00
4.042069999999999830e+00 5.675740000000000229e+00 3.910179999999999989e+00 5.707790000000000141e+00 3.936890000000000001e+00 3.401969999999999938e+00 3.447090000000000209e+00 3.171940000000000204e+00 2.640769999999999840e+00 4.599910000000000387e+00 3.792879999999999807e+00
2.492189999999999905e+00 3.501389999999999780e+00 3.558269999999999822e+00 3.178789999999999782e+00 2.860559999999999992e+00 2.695650000000000102e+00 2.602629999999999999e+00 2.808530000000000193e+00 2.841019999999999879e+00 2.669379999999999864e+00 2.443449999999999900e+00
2.371599999999999930e+00 3.950009999999999799e+00 3.801839999999999886e+00 3.637900000000000134e+00 3.061249999999999805e+00 2.345250000000000057e+00 2.910769999999999857e+00 3.983530000000000015e+00 3.191590000000000149e+00 2.982159999999999922e+00 2.736569999999999947e+00
1.395990000000000064e+00 1.798880000000000035e+00 1.747589999999999977e+00 1.776149999999999896e+00 1.652349999999999985e+00 1.709209999999999896e+00 1.634840000000000071e+00 1.657119999999999926e+00 1.679850000000000065e+00 1.621629999999999905e+00 1.612270000000000092e+00
1.475600000000000023e+00 2.423150000000000137e+00 2.298550000000000093e+00 2.235559999999999992e+00 2.091120000000000090e+00 2.028439999999999799e+00 1.882290000000000019e+00 2.081820000000000004e+00 2.056799999999999962e+00 1.953389999999999960e+00 1.854579999999999895e+00
1.396830000000000016e+00 1.837460000000000093e+00 1.748210000000000042e+00 1.778829999999999911e+00 1.645270000000000010e+00 1.664979999999999905e+00 1.603019999999999889e+00 1.666760000000000019e+00 1.654570000000000096e+00 1.621359999999999912e+00 1.590470000000000050e+00
1.752760000000000096e+00 2.791939999999999866e+00 2.872129999999999850e+00 2.661329999999999973e+00 2.375189999999999912e+00 2.452710000000000168e+00 2.295139999999999958e+00 2.390260000000000051e+00 2.388209999999999944e+00 2.274080000000000101e+00 2.108820000000000139e+00
1.628460000000000019e+00 3.033290000000000042e+00 2.589620000000000033e+00 2.610580000000000123e+00 2.070440000000000058e+00 2.225509999999999877e+00 2.112560000000000215e+00 2.117550000000000043e+00 2.158799999999999830e+00 2.080200000000000049e+00 1.980420000000000069e+00
1.297320000000000029e+00 2.176579999999999959e+00 1.948090000000000099e+00 2.040099999999999802e+00 1.851550000000000029e+00 1.937259999999999982e+00 1.849069999999999991e+00 1.895450000000000079e+00 1.866829999999999989e+00 1.791390000000000038e+00 1.730320000000000080e+00
1.924190000000000067e+00 2.974450000000000038e+00 2.652039999999999953e+00 2.677620000000000111e+00 2.355890000000000040e+00 2.491330000000000044e+00 2.208489999999999842e+00 2.353769999999999918e+00 2.366909999999999847e+00 2.246170000000000222e+00 2.083400000000000141e+00
2.319010000000000016e+00 3.553220000000000045e+00 4.475310000000000343e+00 3.161900000000000155e+00 2.718780000000000197e+00 3.084309999999999885e+00 2.935150000000000148e+00 2.682879999999999932e+00 3.192190000000000083e+00 2.978390000000000093e+00 2.584260000000000002e+00
1.310950000000000060e+00 1.717840000000000034e+00 1.625780000000000003e+00 1.637880000000000003e+00 1.530969999999999942e+00 1.595320000000000071e+00 1.533509999999999929e+00 1.590009999999999923e+00 1.600400000000000045e+00 1.579979999999999940e+00 1.548759999999999915e+00
2.270610000000000017e+00 4.456380000000000230e+00 3.808829999999999938e+00 2.331459999999999866e+00 2.245760000000000201e+00 3.125760000000000094e+00 2.643930000000000113e+00 2.663100000000000023e+00 3.188639999999999919e+00 2.939319999999999933e+00 2.426449999999999996e+00
3.898559999999999803e+00 6.594739999999999824e+00 3.932529999999999859e+00 5.241050000000000431e+00 3.488659999999999872e+00 4.702639999999999709e+00 3.749709999999999877e+00 2.683590000000000142e+00 2.511010000000000186e+00 2.321219999999999839e+00 3.477990000000000137e+00
3.280229999999999979e+00 5.257200000000000095e+00 2.791900000000000048e+00 3.673999999999999932e+00 3.082009999999999916e+00 3.393969999999999931e+00 3.008970000000000145e+00 3.123429999999999929e+00 3.322000000000000064e+00 3.237699999999999800e+00 2.802519999999999900e+00
1.425389999999999935e+00 1.966599999999999904e+00 1.830459999999999976e+00 1.782659999999999911e+00 1.679359999999999964e+00 1.757130000000000081e+00 1.672830000000000039e+00 1.686180000000000012e+00 1.715750000000000108e+00 1.677470000000000017e+00 1.625389999999999890e+00
4.816180000000000128e+00 6.150290000000000035e+00 6.911170000000000258e+00 4.453920000000000101e+00 4.148010000000000197e+00 4.459950000000000081e+00 3.896599999999999842e+00 3.706939999999999902e+00 5.368159999999999599e+00 5.144669999999999632e+00 2.534870000000000179e+00
1.904099999999999904e+00 3.005349999999999966e+00 2.799220000000000041e+00 2.716169999999999973e+00 2.342290000000000205e+00 2.450299999999999923e+00 2.296330000000000204e+00 2.389860000000000095e+00 2.343539999999999957e+00 2.252089999999999925e+00 2.088299999999999823e+00
1.874079999999999968e+00 3.964230000000000143e+00 2.342490000000000183e+00 2.718280000000000030e+00 2.342649999999999899e+00 2.655689999999999884e+00 2.401470000000000216e+00 2.361619999999999830e+00 2.573960000000000026e+00 2.423010000000000108e+00 2.162119999999999820e+00
1.714609999999999967e+00 2.890140000000000153e+00 2.762849999999999806e+00 2.722329999999999917e+00 2.450720000000000010e+00 2.536810000000000009e+00 2.276619999999999866e+00 2.402320000000000011e+00 2.385320000000000107e+00 2.297610000000000152e+00 2.142599999999999838e+00
3.208590000000000053e+00 6.179409999999999847e+00 4.417889999999999873e+00 4.355920000000000236e+00 2.989160000000000039e+00 3.089109999999999800e+00 3.636489999999999778e+00 3.491280000000000161e+00 2.183120000000000172e+00 3.637519999999999865e+00 3.265629999999999811e+00
1.356230000000000047e+00 1.829010000000000025e+00 1.701920000000000099e+00 1.677510000000000057e+00 1.561330000000000107e+00 1.645270000000000010e+00 1.575590000000000046e+00 1.620919999999999916e+00 1.644150000000000000e+00 1.616219999999999990e+00 1.570759999999999934e+00
1.797500000000000098e+00 2.855189999999999895e+00 2.655419999999999892e+00 2.569430000000000103e+00 2.254020000000000135e+00 2.401949999999999807e+00 2.189480000000000093e+00 2.283199999999999896e+00 2.301159999999999872e+00 2.153210000000000068e+00 2.030809999999999782e+00
1.948479999999999990e+00 3.479410000000000114e+00 3.089129999999999932e+00 3.125049999999999883e+00 2.605420000000000069e+00 2.714449999999999807e+00 2.450089999999999879e+00 2.601999999999999869e+00 2.642059999999999853e+00 2.500630000000000130e+00 2.318929999999999936e+00
1.928949999999999942e+00 2.842400000000000038e+00 2.681389999999999940e+00 2.714910000000000156e+00 2.261089999999999822e+00 2.323939999999999895e+00 2.140309999999999935e+00 2.286290000000000155e+00 2.287799999999999834e+00 2.141999999999999904e+00 2.027629999999999821e+00
2.041090000000000071e+00 3.168779999999999930e+00 2.886880000000000113e+00 2.956560000000000077e+00 2.542050000000000143e+00 2.590380000000000127e+00 2.348129999999999828e+00 2.480900000000000105e+00 2.471439999999999859e+00 2.358499999999999819e+00 2.176379999999999981e+00
2.034400000000000208e+00 3.556970000000000187e+00 4.162840000000000096e+00 2.881419999999999870e+00 2.662059999999999871e+00 2.814109999999999889e+00 2.440999999999999837e+00 2.550079999999999902e+00 2.807010000000000005e+00 2.630360000000000031e+00 2.314179999999999904e+00
2.236400000000000166e+00 4.071010000000000240e+00 3.469570000000000043e+00 3.439909999999999801e+00 2.999130000000000074e+00 2.732240000000000002e+00 2.668899999999999828e+00 2.927210000000000090e+00 3.079439999999999955e+00 2.856489999999999974e+00 2.610980000000000079e+00
1.310510000000000064e+00 2.237429999999999808e+00 2.051330000000000098e+00 2.038679999999999826e+00 1.886069999999999913e+00 1.943089999999999984e+00 1.817600000000000104e+00 1.883709999999999996e+00 1.885499999999999954e+00 1.812340000000000062e+00 1.736140000000000017e+00
2.703539999999999832e+00 5.161789999999999878e+00 2.887169999999999792e+00 3.823539999999999939e+00 2.943039999999999878e+00 3.526240000000000041e+00 2.562260000000000204e+00 3.434159999999999879e+00 3.554809999999999803e+00 3.369530000000000136e+00 3.042910000000000004e+00
1.749859999999999971e+00 2.748990000000000045e+00 2.691679999999999851e+00 1.901450000000000085e+00 2.275269999999999904e+00 2.506130000000000191e+00 2.252759999999999874e+00 2.189029999999999809e+00 2.410219999999999807e+00 2.291150000000000020e+00 2.144159999999999844e+00
1.362859999999999960e+00 2.333919999999999995e+00 2.131149999999999878e+00 2.143949999999999800e+00 1.921110000000000095e+00 2.004980000000000206e+00 1.884109999999999951e+00 1.969370000000000065e+00 1.953410000000000091e+00 1.869299999999999962e+00 1.782629999999999937e+00
2.416949999999999932e+00 4.028609999999999580e+00 2.734510000000000218e+00 3.698760000000000048e+00 3.107289999999999885e+00 3.301039999999999974e+00 2.890750000000000153e+00 3.141389999999999905e+00 3.263349999999999973e+00 3.110209999999999919e+00 2.786449999999999871e+00
2.544090000000000185e+00 4.012690000000000090e+00 2.740120000000000111e+00 3.095289999999999875e+00 3.333359999999999879e+00 3.735780000000000101e+00 3.290280000000000094e+00 3.091140000000000221e+00 3.579219999999999846e+00 3.315920000000000201e+00 2.971109999999999918e+00
4.211149999999999949e+00 5.367180000000000284e+00 4.391680000000000028e+00 4.007270000000000110e+00 3.762970000000000148e+00 4.686519999999999797e+00 4.166520000000000223e+00 2.836800000000000210e+00 4.958980000000000388e+00 4.560579999999999856e+00 3.799889999999999990e+00
1.984920000000000018e+00 4.310800000000000409e+00 3.392020000000000035e+00 3.032090000000000174e+00 2.292079999999999895e+00 2.194469999999999921e+00 2.538980000000000015e+00 2.651920000000000055e+00 2.775319999999999787e+00 2.643600000000000172e+00 2.442889999999999784e+00
2.039379999999999971e+00 3.224889999999999812e+00 3.221779999999999866e+00 2.317460000000000075e+00 2.725680000000000103e+00 2.825730000000000075e+00 2.640400000000000080e+00 2.628369999999999873e+00 2.760450000000000070e+00 2.578349999999999920e+00 2.404609999999999914e+00
1.440229999999999899e+00 2.423950000000000049e+00 2.265050000000000008e+00 2.286350000000000104e+00 2.006180000000000074e+00 2.101379999999999804e+00 1.993789999999999951e+00 2.044690000000000119e+00 2.030889999999999862e+00 1.933049999999999935e+00 1.835550000000000015e+00
1.318159999999999998e+00 2.017399999999999860e+00 1.818240000000000078e+00 1.851359999999999895e+00 1.667480000000000073e+00 1.712469999999999937e+00 1.668449999999999989e+00 1.693719999999999892e+00 1.695999999999999952e+00 1.657729999999999926e+00 1.614069999999999894e+00
1.215510000000000090e+00 2.175250000000000128e+00 1.961200000000000054e+00 1.951200000000000045e+00 1.737279999999999935e+00 1.737270000000000092e+00 1.743980000000000086e+00 1.763900000000000023e+00 1.767910000000000093e+00 1.712550000000000017e+00 1.660039999999999960e+00
1.728029999999999955e+00 2.985279999999999934e+00 2.746859999999999857e+00 2.690920000000000201e+00 2.319700000000000095e+00 2.470219999999999860e+00 2.223700000000000010e+00 2.324469999999999814e+00 2.361990000000000034e+00 2.218599999999999905e+00 2.087740000000000151e+00
