1.682129999999999903e+00 1.628209999999999935e+00 1.575420000000000043e+00 1.523700000000000054e+00 1.472960000000000047e+00 1.423019999999999952e+00 1.373629999999999907e+00 1.324729999999999963e+00 1.276399999999999979e+00 1.229000000000000092e+00 1.183329999999999993e+00 1.140649999999999942e+00 1.102689999999999948e+00 1.070990000000000109e+00 1.046470000000000011e+00 1.028049999999999908e+00
1.082039999999999891e+00 1.077720000000000011e+00 1.073539999999999939e+00 1.069479999999999986e+00 1.065490000000000048e+00 1.061530000000000085e+00 1.057590000000000030e+00 1.053649999999999975e+00 1.049739999999999895e+00 1.045870000000000077e+00 1.042079999999999895e+00 1.038380000000000081e+00 1.034810000000000008e+00 1.031409999999999938e+00 1.028380000000000072e+00 1.025849999999999929e+00
2.334270000000000067e+00 2.232880000000000198e+00 2.133020000000000138e+00 2.034699999999999953e+00 1.937820000000000098e+00 1.842079999999999940e+00 1.747169999999999890e+00 1.652709999999999901e+00 1.558410000000000073e+00 1.464250000000000052e+00 1.370519999999999960e+00 1.278110000000000079e+00 1.190120000000000067e+00 1.114900000000000002e+00 1.060240000000000071e+00 1.023879999999999901e+00
1.829050000000000065e+00 1.764280000000000070e+00 1.700700000000000101e+00 1.638309999999999933e+00 1.577039999999999997e+00 1.516690000000000094e+00 1.456990000000000007e+00 1.397710000000000008e+00 1.338770000000000016e+00 1.280389999999999917e+00 1.223279999999999923e+00 1.168860000000000010e+00 1.119650000000000034e+00 1.077970000000000095e+00 1.046110000000000095e+00 1.023409999999999931e+00
1.086440000000000072e+00 1.081609999999999960e+00 1.076959999999999917e+00 1.072449999999999903e+00 1.068070000000000075e+00 1.063770000000000104e+00 1.059530000000000083e+00 1.055339999999999945e+00 1.051209999999999978e+00 1.047160000000000091e+00 1.043190000000000062e+00 1.039339999999999931e+00 1.035630000000000051e+00 1.032119999999999926e+00 1.028920000000000057e+00 1.026080000000000103e+00
2.348640000000000061e+00 2.246269999999999989e+00 2.145490000000000119e+00 2.046320000000000139e+00 1.948649999999999993e+00 1.852179999999999938e+00 1.756490000000000107e+00 1.661219999999999919e+00 1.566140000000000088e+00 1.471260000000000012e+00 1.376859999999999973e+00 1.283779999999999921e+00 1.194749999999999979e+00 1.117729999999999890e+00 1.061039999999999983e+00 1.023579999999999934e+00
3.025110000000000188e+00 2.871490000000000098e+00 2.720019999999999882e+00 2.570889999999999898e+00 2.424129999999999896e+00 2.279630000000000045e+00 2.137030000000000207e+00 1.995840000000000058e+00 1.855450000000000044e+00 1.715410000000000101e+00 1.575609999999999955e+00 1.436220000000000052e+00 1.298899999999999944e+00 1.174530000000000074e+00 1.083479999999999999e+00 1.025730000000000031e+00
2.317499999999999893e+00 2.215590000000000170e+00 2.115380000000000038e+00 2.016910000000000203e+00 1.920050000000000034e+00 1.824600000000000000e+00 1.730189999999999895e+00 1.636490000000000000e+00 1.543279999999999985e+00 1.450579999999999981e+00 1.358740000000000059e+00 1.268799999999999928e+00 1.184190000000000076e+00 1.112889999999999935e+00 1.060349999999999904e+00 1.023900000000000032e+00
1.221670000000000034e+00 1.203699999999999992e+00 1.186339999999999950e+00 1.169569999999999999e+00 1.153370000000000006e+00 1.137680000000000025e+00 1.122509999999999897e+00 1.107869999999999910e+00 1.093849999999999989e+00 1.080549999999999899e+00 1.067989999999999995e+00 1.056230000000000002e+00 1.045279999999999987e+00 1.035279999999999978e+00 1.026790000000000092e+00 1.019980000000000109e+00
3.540090000000000181e+00 3.344199999999999839e+00 3.151380000000000070e+00 2.961869999999999781e+00 2.775819999999999954e+00 2.593129999999999935e+00 2.413429999999999964e+00 2.236270000000000202e+00 2.061059999999999892e+00 1.887510000000000021e+00 1.715500000000000025e+00 1.545320000000000027e+00 1.378749999999999920e+00 1.225330000000000030e+00 1.107529999999999903e+00 1.029889999999999972e+00
1.826600000000000001e+00 1.761670000000000069e+00 1.697940000000000005e+00 1.635299999999999976e+00 1.573609999999999953e+00 1.512599999999999945e+00 1.452090000000000103e+00 1.391939999999999955e+00 1.332289999999999974e+00 1.273609999999999909e+00 1.216869999999999896e+00 1.164009999999999989e+00 1.117539999999999978e+00 1.078980000000000050e+00 1.048650000000000082e+00 1.025349999999999984e+00
1.655829999999999913e+00 1.604209999999999914e+00 1.553549999999999986e+00 1.503849999999999909e+00 1.454960000000000031e+00 1.406689999999999996e+00 1.358829999999999982e+00 1.311309999999999976e+00 1.264199999999999990e+00 1.217859999999999943e+00 1.173079999999999901e+00 1.131269999999999998e+00 1.094079999999999941e+00 1.062519999999999909e+00 1.037949999999999928e+00 1.020299999999999985e+00
1.622319999999999984e+00 1.573469999999999924e+00 1.525649999999999951e+00 1.478720000000000034e+00 1.432539999999999925e+00 1.386900000000000022e+00 1.341669999999999918e+00 1.296820000000000084e+00 1.252590000000000092e+00 1.209489999999999954e+00 1.168350000000000000e+00 1.130209999999999937e+00 1.096109999999999918e+00 1.066699999999999982e+00 1.042599999999999971e+00 1.023630000000000040e+00
2.612019999999999786e+00 2.487200000000000077e+00 2.364459999999999784e+00 2.243900000000000006e+00 2.125469999999999970e+00 2.009020000000000028e+00 1.894099999999999895e+00 1.780329999999999968e+00 1.667310000000000070e+00 1.554820000000000091e+00 1.443079999999999918e+00 1.332910000000000039e+00 1.227700000000000014e+00 1.137359999999999927e+00 1.070610000000000062e+00 1.024820000000000064e+00
1.143189999999999928e+00 1.133199999999999985e+00 1.123650000000000038e+00 1.114479999999999915e+00 1.105639999999999956e+00 1.097040000000000015e+00 1.088619999999999921e+00 1.080389999999999961e+00 1.072330000000000005e+00 1.064470000000000027e+00 1.056850000000000067e+00 1.049509999999999943e+00 1.042510000000000048e+00 1.036030000000000006e+00 1.030380000000000074e+00 1.025619999999999976e+00
1.578230000000000022e+00 1.532140000000000057e+00 1.487100000000000088e+00 1.443079999999999918e+00 1.400020000000000042e+00 1.357720000000000038e+00 1.315989999999999993e+00 1.274720000000000075e+00 1.234029999999999960e+00 1.194260000000000099e+00 1.156120000000000037e+00 1.120740000000000069e+00 1.089229999999999920e+00 1.062200000000000033e+00 1.040769999999999973e+00 1.024799999999999933e+00
1.870349999999999957e+00 1.802270000000000039e+00 1.735460000000000003e+00 1.669850000000000056e+00 1.605350000000000055e+00 1.541709999999999914e+00 1.478720000000000034e+00 1.416199999999999903e+00 1.354149999999999965e+00 1.292829999999999924e+00 1.232909999999999950e+00 1.175899999999999945e+00 1.124649999999999928e+00 1.082260000000000000e+00 1.049970000000000070e+00 1.026489999999999903e+00
1.678630000000000067e+00 1.624949999999999894e+00 1.572249999999999925e+00 1.520429999999999948e+00 1.469370000000000065e+00 1.418860000000000010e+00 1.368800000000000017e+00 1.319069999999999965e+00 1.269800000000000040e+00 1.221479999999999899e+00 1.175110000000000099e+00 1.132390000000000008e+00 1.095190000000000108e+00 1.064410000000000078e+00 1.040219999999999922e+00 1.021630000000000038e+00
1.703910000000000036e+00 1.648390000000000022e+00 1.593960000000000043e+00 1.540559999999999929e+00 1.488070000000000004e+00 1.436250000000000027e+00 1.384929999999999994e+00 1.334009999999999918e+00 1.283570000000000100e+00 1.234010000000000051e+00 1.186190000000000078e+00 1.141669999999999963e+00 1.102419999999999956e+00 1.069709999999999939e+00 1.044070000000000054e+00 1.024639999999999995e+00
1.733880000000000088e+00 1.676509999999999945e+00 1.620230000000000059e+00 1.564999999999999947e+00 1.510720000000000063e+00 1.457160000000000011e+00 1.404079999999999995e+00 1.351329999999999920e+00 1.298950000000000049e+00 1.247290000000000010e+00 1.197160000000000002e+00 1.150069999999999926e+00 1.108160000000000034e+00 1.072610000000000063e+00 1.044910000000000005e+00 1.024909999999999988e+00
2.150980000000000114e+00 2.061420000000000030e+00 1.973400000000000043e+00 1.886940000000000062e+00 1.801989999999999981e+00 1.718369999999999953e+00 1.635780000000000012e+00 1.553870000000000084e+00 1.472429999999999906e+00 1.391489999999999894e+00 1.311500000000000110e+00 1.233899999999999997e+00 1.162130000000000107e+00 1.101820000000000022e+00 1.056650000000000089e+00 1.024759999999999893e+00
1.130560000000000009e+00 1.121369999999999978e+00 1.112630000000000008e+00 1.104300000000000059e+00 1.096300000000000052e+00 1.088570000000000038e+00 1.081029999999999935e+00 1.073660000000000059e+00 1.066440000000000055e+00 1.059399999999999897e+00 1.052570000000000006e+00 1.045989999999999975e+00 1.039670000000000094e+00 1.033740000000000103e+00 1.028489999999999904e+00 1.024140000000000050e+00
2.896520000000000206e+00 2.751139999999999919e+00 2.607979999999999965e+00 2.467169999999999863e+00 2.328759999999999941e+00 2.192540000000000155e+00 2.058199999999999807e+00 1.925249999999999906e+00 1.793169999999999931e+00 1.661710000000000020e+00 1.530929999999999902e+00 1.401459999999999928e+00 1.276119999999999921e+00 1.165019999999999945e+00 1.082480000000000109e+00 1.027509999999999923e+00
1.851339999999999986e+00 1.784790000000000099e+00 1.719589999999999952e+00 1.655729999999999924e+00 1.593140000000000001e+00 1.531600000000000072e+00 1.470839999999999925e+00 1.410570000000000102e+00 1.350670000000000037e+00 1.291320000000000023e+00 1.233130000000000059e+00 1.177340000000000053e+00 1.126039999999999930e+00 1.081979999999999942e+00 1.047889999999999988e+00 1.023590000000000000e+00
1.166090000000000071e+00 1.153429999999999955e+00 1.141229999999999967e+00 1.129429999999999934e+00 1.118030000000000079e+00 1.106970000000000010e+00 1.096249999999999947e+00 1.085869999999999891e+00 1.075879999999999947e+00 1.066330000000000000e+00 1.057250000000000023e+00 1.048689999999999900e+00 1.040710000000000024e+00 1.033360000000000056e+00 1.026960000000000095e+00 1.021670000000000078e+00
2.727959999999999940e+00 2.595880000000000187e+00 2.466040000000000010e+00 2.338470000000000049e+00 2.213070000000000093e+00 2.089519999999999822e+00 1.967410000000000103e+00 1.846170000000000089e+00 1.725300000000000056e+00 1.604619999999999935e+00 1.484350000000000058e+00 1.365510000000000002e+00 1.251419999999999977e+00 1.151180000000000092e+00 1.075690000000000035e+00 1.025179999999999980e+00
3.774379999999999846e+00 3.561189999999999856e+00 3.351550000000000029e+00 3.145760000000000112e+00 2.943960000000000132e+00 2.745999999999999996e+00 2.551499999999999879e+00 2.359760000000000080e+00 2.169919999999999849e+00 1.981309999999999905e+00 1.793579999999999952e+00 1.606600000000000028e+00 1.421659999999999924e+00 1.248609999999999998e+00 1.114119999999999999e+00 1.026929999999999898e+00
3.268330000000000179e+00 3.094640000000000057e+00 2.923569999999999780e+00 2.755259999999999820e+00 2.589859999999999829e+00 2.427290000000000170e+00 2.267230000000000079e+00 2.109210000000000029e+00 1.952599999999999891e+00 1.796950000000000047e+00 1.642130000000000090e+00 1.488399999999999945e+00 1.337590000000000057e+00 1.199140000000000095e+00 1.094789999999999930e+00 1.027390000000000025e+00
2.038060000000000205e+00 1.956870000000000109e+00 1.877170000000000005e+00 1.798920000000000075e+00 1.722020000000000106e+00 1.646209999999999951e+00 1.571129999999999916e+00 1.496510000000000007e+00 1.422160000000000091e+00 1.348200000000000065e+00 1.275260000000000060e+00 1.205030000000000046e+00 1.141319999999999890e+00 1.088700000000000001e+00 1.048880000000000035e+00 1.019940000000000069e+00
2.318940000000000001e+00 2.216930000000000067e+00 2.116659999999999986e+00 2.018180000000000085e+00 1.921499999999999986e+00 1.826419999999999932e+00 1.732599999999999918e+00 1.639669999999999961e+00 1.547279999999999989e+00 1.455379999999999896e+00 1.364290000000000003e+00 1.275060000000000082e+00 1.190960000000000019e+00 1.119480000000000031e+00 1.066370000000000040e+00 1.029249999999999998e+00
1.173519999999999897e+00 1.160819999999999963e+00 1.148519999999999985e+00 1.136609999999999898e+00 1.125070000000000014e+00 1.113839999999999941e+00 1.102870000000000017e+00 1.092170000000000085e+00 1.081809999999999938e+00 1.071860000000000035e+00 1.062389999999999946e+00 1.053469999999999906e+00 1.045190000000000063e+00 1.037670000000000092e+00 1.031230000000000091e+00 1.026010000000000089e+00
1.460550000000000015e+00 1.423510000000000053e+00 1.387320000000000109e+00 1.351920000000000011e+00 1.317199999999999926e+00 1.283069999999999933e+00 1.249390000000000001e+00 1.216239999999999988e+00 1.183820000000000094e+00 1.152560000000000029e+00 1.123080000000000078e+00 1.096090000000000009e+00 1.072070000000000078e+00 1.051649999999999974e+00 1.035400000000000098e+00 1.022720000000000073e+00
1.067690000000000028e+00 1.064589999999999925e+00 1.061600000000000099e+00 1.058689999999999909e+00 1.055819999999999981e+00 1.052929999999999922e+00 1.050000000000000044e+00 1.047029999999999905e+00 1.044019999999999948e+00 1.040969999999999951e+00 1.037919999999999954e+00 1.034859999999999891e+00 1.031870000000000065e+00 1.029130000000000100e+00 1.026810000000000000e+00 1.024890000000000079e+00
1.923550000000000093e+00 1.850929999999999964e+00 1.779700000000000060e+00 1.709750000000000103e+00 1.640989999999999949e+00 1.573190000000000088e+00 1.506110000000000060e+00 1.439540000000000042e+00 1.373390000000000111e+00 1.307900000000000063e+00 1.243829999999999991e+00 1.182970000000000077e+00 1.128600000000000048e+00 1.083590000000000053e+00 1.048890000000000100e+00 1.023169999999999913e+00
2.017790000000000195e+00 1.938360000000000083e+00 1.860170000000000101e+00 1.783390000000000031e+00 1.708090000000000108e+00 1.634220000000000006e+00 1.561539999999999928e+00 1.489630000000000010e+00 1.418190000000000062e+00 1.347140000000000004e+00 1.276829999999999909e+00 1.208320000000000061e+00 1.144200000000000106e+00 1.089480000000000004e+00 1.048939999999999984e+00 1.022110000000000074e+00
1.138910000000000089e+00 1.128190000000000026e+00 1.117969999999999908e+00 1.108249999999999957e+00 1.098980000000000068e+00 1.090090000000000003e+00 1.081550000000000011e+00 1.073260000000000103e+00 1.065239999999999965e+00 1.057500000000000107e+00 1.050049999999999928e+00 1.042890000000000095e+00 1.036019999999999941e+00 1.029509999999999925e+00 1.023779999999999912e+00 1.019120000000000026e+00
2.035919999999999952e+00 1.955819999999999892e+00 1.877040000000000042e+00 1.799660000000000037e+00 1.723710000000000075e+00 1.649000000000000021e+00 1.575199999999999934e+00 1.501919999999999922e+00 1.428849999999999953e+00 1.355939999999999923e+00 1.283579999999999943e+00 1.212930000000000064e+00 1.146989999999999954e+00 1.091169999999999973e+00 1.049779999999999935e+00 1.022189999999999932e+00
2.092210000000000125e+00 2.006540000000000212e+00 1.922260000000000080e+00 1.839509999999999978e+00 1.758389999999999898e+00 1.678819999999999979e+00 1.600589999999999957e+00 1.523290000000000033e+00 1.446590000000000042e+00 1.370400000000000063e+00 1.295020000000000060e+00 1.221559999999999979e+00 1.153019999999999934e+00 1.094980000000000064e+00 1.051420000000000021e+00 1.022100000000000009e+00
1.092600000000000016e+00 1.086870000000000003e+00 1.081450000000000022e+00 1.076279999999999903e+00 1.071320000000000050e+00 1.066489999999999938e+00 1.061730000000000063e+00 1.056999999999999940e+00 1.052319999999999922e+00 1.047700000000000076e+00 1.043139999999999956e+00 1.038669999999999982e+00 1.034340000000000037e+00 1.030250000000000110e+00 1.026599999999999957e+00 1.023430000000000062e+00
2.170469999999999899e+00 2.080680000000000085e+00 1.992410000000000014e+00 1.905820000000000070e+00 1.821080000000000032e+00 1.738089999999999913e+00 1.656539999999999901e+00 1.575809999999999933e+00 1.495349999999999957e+00 1.414979999999999905e+00 1.335010000000000030e+00 1.256189999999999918e+00 1.180469999999999908e+00 1.112800000000000011e+00 1.060810000000000031e+00 1.027290000000000036e+00
4.061919999999999753e+00 3.829819999999999780e+00 3.600389999999999979e+00 3.374089999999999812e+00 3.151390000000000136e+00 2.932589999999999808e+00 2.717729999999999979e+00 2.506470000000000198e+00 2.297969999999999846e+00 2.091310000000000002e+00 1.885839999999999961e+00 1.681079999999999908e+00 1.476709999999999967e+00 1.277339999999999920e+00 1.118670000000000053e+00 1.025390000000000024e+00
2.581179999999999808e+00 2.459519999999999929e+00 2.339580000000000215e+00 2.221589999999999954e+00 2.105750000000000011e+00 1.992059999999999942e+00 1.880279999999999951e+00 1.769870000000000054e+00 1.660209999999999964e+00 1.550920000000000076e+00 1.442160000000000108e+00 1.334559999999999969e+00 1.230089999999999906e+00 1.136149999999999993e+00 1.066429999999999989e+00 1.022250000000000103e+00
1.193459999999999965e+00 1.177400000000000002e+00 1.162069999999999936e+00 1.147429999999999950e+00 1.133450000000000069e+00 1.120079999999999965e+00 1.107269999999999976e+00 1.094950000000000090e+00 1.083080000000000043e+00 1.071700000000000097e+00 1.060850000000000071e+00 1.050580000000000069e+00 1.040899999999999936e+00 1.031940000000000079e+00 1.024310000000000054e+00 1.018369999999999997e+00
4.254330000000000389e+00 4.002869999999999706e+00 3.754570000000000185e+00 3.509990000000000165e+00 3.269670000000000076e+00 3.034050000000000136e+00 2.803350000000000009e+00 2.577189999999999870e+00 2.354880000000000084e+00 2.135759999999999881e+00 1.919419999999999904e+00 1.705510000000000081e+00 1.494399999999999951e+00 1.291940000000000088e+00 1.128900000000000015e+00 1.027910000000000101e+00
1.650490000000000013e+00 1.597979999999999956e+00 1.546559999999999935e+00 1.496229999999999949e+00 1.446890000000000009e+00 1.398400000000000087e+00 1.350589999999999957e+00 1.303409999999999958e+00 1.257039999999999935e+00 1.211929999999999952e+00 1.169040000000000079e+00 1.129669999999999952e+00 1.094959999999999933e+00 1.065499999999999892e+00 1.041749999999999954e+00 1.023069999999999924e+00
1.824349999999999916e+00 1.759370000000000100e+00 1.695629999999999971e+00 1.633229999999999960e+00 1.572219999999999951e+00 1.512459999999999916e+00 1.453670000000000018e+00 1.395529999999999937e+00 1.337760000000000060e+00 1.280399999999999983e+00 1.223940000000000028e+00 1.169550000000000090e+00 1.119510000000000005e+00 1.076629999999999976e+00 1.043269999999999920e+00 1.020580000000000043e+00
1.339380000000000015e+00 1.311970000000000081e+00 1.285239999999999938e+00 1.259179999999999966e+00 1.233740000000000059e+00 1.208890000000000020e+00 1.184639999999999915e+00 1.161159999999999970e+00 1.138619999999999965e+00 1.117289999999999894e+00 1.097420000000000062e+00 1.079159999999999897e+00 1.062570000000000014e+00 1.047670000000000101e+00 1.034899999999999931e+00 1.024340000000000028e+00
3.231990000000000141e+00 3.059530000000000083e+00 2.889419999999999877e+00 2.722030000000000172e+00 2.557729999999999837e+00 2.396760000000000002e+00 2.238999999999999879e+00 2.083899999999999864e+00 1.930739999999999901e+00 1.778929999999999900e+00 1.628309999999999924e+00 1.479149999999999965e+00 1.332640000000000047e+00 1.196520000000000028e+00 1.092959999999999932e+00 1.027579999999999938e+00
1.118270000000000097e+00 1.110079999999999956e+00 1.102349999999999941e+00 1.095040000000000013e+00 1.088100000000000067e+00 1.081420000000000048e+00 1.074920000000000098e+00 1.068519999999999914e+00 1.062219999999999942e+00 1.056019999999999959e+00 1.049940000000000095e+00 1.044019999999999948e+00 1.038280000000000092e+00 1.032820000000000071e+00 1.027949999999999919e+00 1.023889999999999967e+00
1.843040000000000012e+00 1.776669999999999972e+00 1.711529999999999996e+00 1.647690000000000099e+00 1.585190000000000099e+00 1.523879999999999901e+00 1.463510000000000089e+00 1.403810000000000002e+00 1.344600000000000017e+00 1.286000000000000032e+00 1.228509999999999991e+00 1.173359999999999959e+00 1.122749999999999915e+00 1.079709999999999948e+00 1.047109999999999985e+00 1.024240000000000039e+00
1.696909999999999918e+00 1.641559999999999908e+00 1.587350000000000039e+00 1.534299999999999997e+00 1.482369999999999965e+00 1.431370000000000031e+00 1.381050000000000111e+00 1.331180000000000030e+00 1.281779999999999919e+00 1.233100000000000085e+00 1.185920000000000085e+00 1.141799999999999926e+00 1.102600000000000025e+00 1.069439999999999946e+00 1.043460000000000054e+00 1.024710000000000010e+00
1.761779999999999902e+00 1.700830000000000064e+00 1.641059999999999963e+00 1.582459999999999978e+00 1.524909999999999988e+00 1.468259999999999899e+00 1.412279999999999980e+00 1.356859999999999955e+00 1.302009999999999890e+00 1.248129999999999962e+00 1.196120000000000072e+00 1.147790000000000088e+00 1.105509999999999993e+00 1.070789999999999909e+00 1.043770000000000087e+00 1.023050000000000015e+00
1.925699999999999967e+00 1.852300000000000058e+00 1.780250000000000110e+00 1.709540000000000060e+00 1.640120000000000022e+00 1.571779999999999955e+00 1.504280000000000062e+00 1.437389999999999946e+00 1.371010000000000062e+00 1.305320000000000036e+00 1.241090000000000027e+00 1.180239999999999956e+00 1.126179999999999959e+00 1.081590000000000051e+00 1.047390000000000043e+00 1.022149999999999892e+00
2.230980000000000185e+00 2.134689999999999976e+00 2.039940000000000087e+00 1.946849999999999969e+00 1.855599999999999916e+00 1.766089999999999938e+00 1.678099999999999925e+00 1.591229999999999922e+00 1.505060000000000064e+00 1.419419999999999904e+00 1.334529999999999994e+00 1.251409999999999911e+00 1.173340000000000050e+00 1.106789999999999941e+00 1.056550000000000100e+00 1.022980000000000000e+00
2.412230000000000096e+00 2.302379999999999871e+00 2.194199999999999928e+00 2.087860000000000049e+00 1.983540000000000081e+00 1.881129999999999969e+00 1.780399999999999983e+00 1.680909999999999904e+00 1.582270000000000065e+00 1.484320000000000084e+00 1.387189999999999923e+00 1.291600000000000081e+00 1.200339999999999963e+00 1.121820000000000039e+00 1.064079999999999915e+00 1.025169999999999915e+00
1.123099999999999987e+00 1.114049999999999985e+00 1.105460000000000109e+00 1.097320000000000073e+00 1.089550000000000018e+00 1.082100000000000062e+00 1.074889999999999901e+00 1.067849999999999966e+00 1.060990000000000100e+00 1.054300000000000015e+00 1.047809999999999908e+00 1.041549999999999976e+00 1.035519999999999996e+00 1.029819999999999958e+00 1.024829999999999908e+00 1.020750000000000046e+00
3.055449999999999999e+00 2.896729999999999805e+00 2.740320000000000089e+00 2.586510000000000087e+00 2.435550000000000104e+00 2.287399999999999878e+00 2.141820000000000057e+00 1.998299999999999965e+00 1.856319999999999970e+00 1.715489999999999959e+00 1.575720000000000010e+00 1.437370000000000037e+00 1.302340000000000053e+00 1.180339999999999945e+00 1.088980000000000059e+00 1.029430000000000067e+00
2.133090000000000153e+00 2.044169999999999821e+00 1.956830000000000069e+00 1.871199999999999974e+00 1.787300000000000111e+00 1.705009999999999915e+00 1.624049999999999994e+00 1.543959999999999999e+00 1.464409999999999989e+00 1.385320000000000107e+00 1.307039999999999980e+00 1.230629999999999891e+00 1.158740000000000103e+00 1.096880000000000077e+00 1.050400000000000000e+00 1.019239999999999924e+00
1.193920000000000092e+00 1.178460000000000063e+00 1.163589999999999902e+00 1.149299999999999988e+00 1.135569999999999968e+00 1.122379999999999933e+00 1.109690000000000065e+00 1.097580000000000000e+00 1.086019999999999985e+00 1.075029999999999930e+00 1.064640000000000031e+00 1.054850000000000065e+00 1.045670000000000099e+00 1.037109999999999976e+00 1.029549999999999965e+00 1.023220000000000018e+00
2.197509999999999852e+00 2.104589999999999961e+00 2.013329999999999842e+00 1.923789999999999889e+00 1.835890000000000022e+00 1.749419999999999975e+00 1.664020000000000055e+00 1.579250000000000043e+00 1.494769999999999932e+00 1.410539999999999905e+00 1.327050000000000063e+00 1.245730000000000004e+00 1.170199999999999907e+00 1.106309999999999905e+00 1.058179999999999898e+00 1.024769999999999959e+00
3.533030000000000115e+00 3.337200000000000166e+00 3.144480000000000164e+00 2.955159999999999787e+00 2.769519999999999982e+00 2.587439999999999962e+00 2.408630000000000049e+00 2.232450000000000045e+00 2.058100000000000041e+00 1.884880000000000111e+00 1.712390000000000079e+00 1.540710000000000024e+00 1.371420000000000083e+00 1.214229999999999920e+00 1.094440000000000079e+00 1.018780000000000019e+00
3.855780000000000207e+00 3.637579999999999814e+00 3.421990000000000087e+00 3.209420000000000162e+00 3.000300000000000189e+00 2.794840000000000213e+00 2.593059999999999921e+00 2.394530000000000047e+00 2.198630000000000084e+00 2.004710000000000214e+00 1.812349999999999905e+00 1.621410000000000018e+00 1.432420000000000027e+00 1.251880000000000104e+00 1.110149999999999970e+00 1.024720000000000075e+00
2.855030000000000179e+00 2.710859999999999825e+00 2.568869999999999987e+00 2.429349999999999898e+00 2.292549999999999866e+00 2.158520000000000216e+00 2.027060000000000084e+00 1.897620000000000084e+00 1.769570000000000087e+00 1.642449999999999966e+00 1.516119999999999912e+00 1.391049999999999898e+00 1.269139999999999935e+00 1.158819999999999961e+00 1.076449999999999907e+00 1.022950000000000026e+00
2.327850000000000197e+00 2.224239999999999995e+00 2.122129999999999850e+00 2.021770000000000067e+00 1.923319999999999919e+00 1.826780000000000070e+00 1.731929999999999970e+00 1.638349999999999973e+00 1.545560000000000045e+00 1.453279999999999905e+00 1.361629999999999896e+00 1.271460000000000035e+00 1.185499999999999998e+00 1.111259999999999915e+00 1.056459999999999955e+00 1.020529999999999937e+00
1.106829999999999981e+00 1.100070000000000103e+00 1.093569999999999931e+00 1.087309999999999999e+00 1.081229999999999913e+00 1.075290000000000079e+00 1.069439999999999946e+00 1.063679999999999959e+00 1.058019999999999960e+00 1.052480000000000082e+00 1.047109999999999985e+00 1.041940000000000088e+00 1.037029999999999896e+00 1.032489999999999908e+00 1.028540000000000010e+00 1.025230000000000086e+00
1.486920000000000019e+00 1.447489999999999943e+00 1.409059999999999979e+00 1.371650000000000036e+00 1.335220000000000073e+00 1.299649999999999972e+00 1.264739999999999975e+00 1.230359999999999898e+00 1.196600000000000108e+00 1.163869999999999960e+00 1.132889999999999953e+00 1.104530000000000012e+00 1.079260000000000108e+00 1.057199999999999918e+00 1.039279999999999982e+00 1.025730000000000031e+00
1.106579999999999897e+00 1.099290000000000100e+00 1.092419999999999947e+00 1.085930000000000062e+00 1.079809999999999937e+00 1.073939999999999895e+00 1.068230000000000013e+00 1.062599999999999989e+00 1.057020000000000071e+00 1.051479999999999970e+00 1.046010000000000106e+00 1.040620000000000100e+00 1.035339999999999927e+00 1.030270000000000019e+00 1.026000000000000023e+00 1.022799999999999931e+00
2.115920000000000023e+00 2.027629999999999821e+00 1.941009999999999902e+00 1.856190000000000007e+00 1.773200000000000109e+00 1.691850000000000076e+00 1.611809999999999965e+00 1.532680000000000042e+00 1.454220000000000068e+00 1.376540000000000097e+00 1.300210000000000088e+00 1.226839999999999931e+00 1.159310000000000063e+00 1.101779999999999982e+00 1.057760000000000034e+00 1.026200000000000001e+00
