2.213410000000000100e+00 1.789949999999999930e+00 2.917139999999999844e+00 1.691950000000000065e+00 2.612029999999999852e+00 2.608929999999999971e+00 2.729540000000000077e+00 2.243619999999999948e+00 2.060449999999999893e+00 2.311490000000000045e+00 2.244819999999999816e+00
1.987400000000000055e+00 1.312159999999999993e+00 1.852680000000000105e+00 1.399270000000000014e+00 1.844389999999999974e+00 1.691910000000000025e+00 1.760219999999999896e+00 1.617459999999999898e+00 1.513370000000000104e+00 1.679300000000000015e+00 1.639850000000000030e+00
4.170960000000000001e+00 2.467420000000000169e+00 3.480150000000000077e+00 2.278989999999999849e+00 3.903509999999999813e+00 2.991280000000000161e+00 2.392459999999999809e+00 2.802500000000000213e+00 2.633710000000000218e+00 3.306979999999999809e+00 2.929199999999999804e+00
2.877899999999999903e+00 1.795979999999999910e+00 2.922820000000000196e+00 1.961559999999999970e+00 2.643110000000000070e+00 2.565040000000000209e+00 2.761530000000000040e+00 2.186960000000000015e+00 2.034469999999999779e+00 2.306839999999999780e+00 2.290939999999999976e+00
1.672309999999999963e+00 1.305569999999999897e+00 1.618740000000000068e+00 1.288759999999999906e+00 1.630290000000000017e+00 1.554100000000000037e+00 1.610079999999999956e+00 1.515679999999999916e+00 1.413829999999999920e+00 1.560570000000000013e+00 1.549239999999999950e+00
4.965770000000000017e+00 2.616350000000000176e+00 3.921240000000000059e+00 2.276650000000000063e+00 3.471579999999999888e+00 2.260870000000000157e+00 4.053580000000000183e+00 2.745579999999999909e+00 2.678799999999999848e+00 3.082689999999999930e+00 3.013409999999999922e+00
5.058959999999999901e+00 4.070149999999999935e+00 4.217299999999999827e+00 3.546069999999999833e+00 4.066300000000000026e+00 4.676870000000000083e+00 5.089909999999999712e+00 3.030499999999999972e+00 3.566689999999999916e+00 2.333619999999999806e+00 4.123389999999999667e+00
3.829279999999999795e+00 3.014240000000000030e+00 3.429980000000000029e+00 2.587829999999999853e+00 3.966509999999999980e+00 3.243990000000000151e+00 4.192759999999999820e+00 2.353439999999999976e+00 2.439350000000000129e+00 3.571180000000000021e+00 3.360920000000000130e+00
2.277540000000000120e+00 1.405350000000000099e+00 2.215899999999999981e+00 1.615029999999999966e+00 2.062450000000000117e+00 2.000939999999999941e+00 2.154370000000000118e+00 1.801479999999999970e+00 1.713470000000000049e+00 1.857429999999999914e+00 1.858190000000000008e+00
7.017859999999999765e+00 4.554850000000000065e+00 6.593140000000000001e+00 3.959169999999999856e+00 4.018659999999999677e+00 3.983880000000000088e+00 6.225979999999999848e+00 3.366639999999999855e+00 3.310220000000000162e+00 2.581900000000000084e+00 4.562160000000000437e+00
3.543330000000000091e+00 1.891599999999999948e+00 3.012859999999999872e+00 1.783390000000000031e+00 2.963540000000000063e+00 2.744429999999999925e+00 2.909980000000000011e+00 2.321200000000000152e+00 2.104670000000000041e+00 2.569479999999999986e+00 2.306400000000000006e+00
2.019080000000000208e+00 1.695850000000000080e+00 2.687429999999999986e+00 1.613359999999999905e+00 2.400589999999999780e+00 2.370940000000000047e+00 2.595159999999999911e+00 2.129809999999999981e+00 1.996299999999999963e+00 2.190780000000000172e+00 2.165439999999999809e+00
2.879900000000000126e+00 1.580079999999999929e+00 2.571779999999999955e+00 1.635539999999999994e+00 2.546980000000000022e+00 2.198589999999999822e+00 2.308710000000000040e+00 2.069669999999999899e+00 1.879070000000000018e+00 2.209950000000000081e+00 2.054489999999999927e+00
5.578710000000000058e+00 3.211120000000000196e+00 4.640939999999999621e+00 2.787319999999999798e+00 3.022699999999999942e+00 3.612340000000000106e+00 4.860719999999999708e+00 2.580239999999999867e+00 3.012900000000000134e+00 3.865079999999999849e+00 3.576200000000000045e+00
1.694350000000000023e+00 1.307260000000000089e+00 1.623669999999999947e+00 1.292450000000000099e+00 1.630549999999999944e+00 1.557160000000000100e+00 1.625979999999999981e+00 1.518669999999999964e+00 1.418090000000000073e+00 1.569960000000000022e+00 1.552999999999999936e+00
3.017469999999999875e+00 1.729030000000000067e+00 2.783259999999999845e+00 1.649040000000000061e+00 2.785439999999999916e+00 2.412459999999999827e+00 2.521879999999999900e+00 2.223669999999999813e+00 1.938309999999999977e+00 2.403210000000000068e+00 2.216759999999999842e+00
4.959109999999999907e+00 2.657259999999999955e+00 3.870159999999999823e+00 2.440799999999999859e+00 3.836520000000000152e+00 3.591790000000000038e+00 3.813779999999999948e+00 2.997440000000000104e+00 2.794890000000000096e+00 3.497440000000000104e+00 3.118650000000000144e+00
3.800520000000000120e+00 2.004000000000000004e+00 3.290439999999999809e+00 2.051210000000000200e+00 3.176239999999999952e+00 2.806200000000000028e+00 3.160960000000000214e+00 2.436189999999999856e+00 2.191990000000000105e+00 2.693499999999999783e+00 2.396510000000000140e+00
4.075339999999999741e+00 2.393780000000000019e+00 3.710970000000000102e+00 2.207289999999999974e+00 2.569669999999999899e+00 3.161739999999999995e+00 4.717950000000000088e+00 2.131670000000000176e+00 2.511219999999999786e+00 3.178999999999999826e+00 2.824100000000000055e+00
2.044890000000000096e+00 1.698739999999999917e+00 2.672050000000000036e+00 1.615830000000000100e+00 2.327859999999999818e+00 2.368009999999999948e+00 2.644740000000000091e+00 2.057589999999999808e+00 1.946939999999999893e+00 2.166659999999999808e+00 2.170300000000000118e+00
4.754139999999999588e+00 3.338029999999999831e+00 4.332069999999999865e+00 2.867519999999999847e+00 4.241069999999999673e+00 3.671660000000000146e+00 4.481220000000000425e+00 3.580429999999999779e+00 2.632499999999999840e+00 4.037630000000000052e+00 3.644260000000000055e+00
2.154139999999999944e+00 1.281050000000000022e+00 2.020620000000000083e+00 1.506440000000000001e+00 1.984010000000000051e+00 1.875830000000000108e+00 1.935540000000000038e+00 1.758229999999999960e+00 1.629790000000000072e+00 1.820200000000000040e+00 1.754939999999999944e+00
6.310399999999999565e+00 3.676660000000000039e+00 5.472809999999999953e+00 3.249029999999999863e+00 5.339319999999999844e+00 3.873000000000000220e+00 3.097360000000000113e+00 2.930330000000000101e+00 2.802239999999999842e+00 4.227730000000000210e+00 3.946460000000000079e+00
3.454520000000000035e+00 2.202830000000000066e+00 2.704149999999999832e+00 2.072410000000000085e+00 3.306200000000000028e+00 3.251079999999999970e+00 4.489189999999999792e+00 2.700200000000000156e+00 2.431270000000000042e+00 2.877170000000000005e+00 2.695019999999999971e+00
2.489630000000000010e+00 1.387809999999999988e+00 2.275430000000000064e+00 1.597800000000000109e+00 2.201309999999999878e+00 1.924139999999999961e+00 2.049500000000000099e+00 1.810810000000000031e+00 1.703559999999999963e+00 1.953410000000000091e+00 1.851010000000000044e+00
6.124559999999999782e+00 3.421339999999999826e+00 3.851659999999999862e+00 2.995389999999999997e+00 4.621229999999999727e+00 3.072950000000000070e+00 5.430430000000000312e+00 2.758090000000000153e+00 2.666160000000000085e+00 4.050010000000000332e+00 2.081589999999999829e+00
6.922979999999999912e+00 3.809790000000000010e+00 5.387120000000000353e+00 3.402000000000000135e+00 5.619410000000000238e+00 3.402899999999999814e+00 3.192429999999999879e+00 3.041409999999999947e+00 2.864380000000000148e+00 4.479280000000000150e+00 4.051960000000000228e+00
5.656360000000000277e+00 4.599059999999999704e+00 6.567179999999999573e+00 4.034080000000000332e+00 4.043479999999999741e+00 5.288619999999999877e+00 6.114980000000000082e+00 3.469500000000000028e+00 3.362800000000000011e+00 2.525490000000000013e+00 4.724020000000000330e+00
4.777639999999999887e+00 2.737150000000000194e+00 4.285009999999999764e+00 2.504100000000000215e+00 3.908069999999999933e+00 3.900589999999999780e+00 5.156710000000000349e+00 3.059309999999999974e+00 2.370569999999999844e+00 1.831679999999999975e+00 3.252740000000000187e+00
5.333730000000000082e+00 3.144839999999999858e+00 3.528329999999999966e+00 2.686850000000000183e+00 3.280079999999999885e+00 3.022839999999999971e+00 2.722939999999999916e+00 2.957089999999999996e+00 3.002559999999999896e+00 3.620940000000000047e+00 3.474400000000000155e+00
2.070149999999999935e+00 1.171929999999999916e+00 1.873739999999999961e+00 1.429710000000000036e+00 1.897899999999999920e+00 1.744189999999999907e+00 1.815720000000000001e+00 1.660009999999999986e+00 1.548280000000000101e+00 1.715540000000000065e+00 1.668430000000000080e+00
2.383589999999999876e+00 1.411310000000000064e+00 2.152829999999999799e+00 1.350410000000000110e+00 2.121170000000000222e+00 2.014089999999999936e+00 2.108260000000000023e+00 1.834600000000000009e+00 1.728730000000000100e+00 1.970040000000000013e+00 1.856200000000000072e+00
1.888370000000000104e+00 1.400320000000000009e+00 1.818689999999999918e+00 1.365560000000000107e+00 1.751530000000000031e+00 1.697480000000000100e+00 1.791879999999999917e+00 1.612810000000000077e+00 1.487610000000000099e+00 1.569229999999999903e+00 1.618440000000000101e+00
2.531210000000000182e+00 1.983889999999999931e+00 2.902480000000000171e+00 2.238449999999999829e+00 3.120719999999999938e+00 2.725579999999999892e+00 2.967049999999999965e+00 2.396760000000000002e+00 2.172740000000000116e+00 2.706989999999999785e+00 2.446839999999999904e+00
3.066489999999999938e+00 1.855350000000000055e+00 2.695120000000000182e+00 1.750580000000000025e+00 3.050790000000000113e+00 2.647349999999999870e+00 2.710850000000000204e+00 2.305270000000000152e+00 2.052900000000000169e+00 2.514060000000000183e+00 2.327469999999999928e+00
2.105109999999999815e+00 1.500499999999999945e+00 1.997840000000000060e+00 1.454979999999999940e+00 1.865399999999999947e+00 1.779039999999999955e+00 1.841220000000000079e+00 1.701810000000000045e+00 1.574999999999999956e+00 1.765989999999999949e+00 1.723379999999999912e+00
3.001799999999999802e+00 2.121300000000000185e+00 3.343109999999999804e+00 1.980269999999999975e+00 3.190890000000000004e+00 2.911950000000000038e+00 3.051390000000000047e+00 2.538860000000000117e+00 2.231829999999999981e+00 2.764810000000000212e+00 2.612070000000000114e+00
2.620600000000000041e+00 2.188029999999999919e+00 2.398080000000000211e+00 2.015439999999999898e+00 3.321009999999999796e+00 3.019369999999999887e+00 2.217220000000000191e+00 2.650160000000000071e+00 1.871420000000000083e+00 2.830169999999999852e+00 2.768359999999999932e+00
1.802939999999999987e+00 1.355080000000000062e+00 1.710199999999999942e+00 1.330149999999999944e+00 1.727829999999999977e+00 1.641699999999999937e+00 1.655140000000000056e+00 1.584549999999999903e+00 1.452059999999999906e+00 1.608479999999999910e+00 1.592260000000000009e+00
4.995930000000000426e+00 2.868660000000000210e+00 4.112829999999999764e+00 2.603829999999999867e+00 4.413009999999999877e+00 3.891539999999999999e+00 3.785489999999999799e+00 3.255290000000000017e+00 2.448819999999999997e+00 3.368069999999999897e+00 3.283059999999999867e+00
4.335499999999999687e+00 3.559470000000000134e+00 4.861810000000000187e+00 3.236279999999999824e+00 3.432679999999999954e+00 3.878280000000000172e+00 5.507970000000000255e+00 3.458340000000000192e+00 2.747609999999999886e+00 4.030969999999999942e+00 3.916469999999999896e+00
4.697630000000000194e+00 3.652120000000000033e+00 5.355269999999999975e+00 3.259669999999999845e+00 4.981980000000000075e+00 4.269739999999999647e+00 2.895950000000000024e+00 3.624499999999999833e+00 3.282070000000000043e+00 2.327360000000000095e+00 3.894769999999999843e+00
2.168460000000000054e+00 1.357069999999999999e+00 2.020939999999999959e+00 1.406840000000000090e+00 2.029040000000000177e+00 1.918749999999999956e+00 2.061949999999999950e+00 1.830819999999999892e+00 1.665529999999999955e+00 1.865979999999999972e+00 1.830349999999999921e+00
6.455370000000000275e+00 4.723709999999999631e+00 5.057800000000000296e+00 4.219339999999999868e+00 6.417760000000000353e+00 5.157709999999999795e+00 3.664800000000000058e+00 3.729159999999999808e+00 3.448129999999999917e+00 4.836260000000000225e+00 4.905420000000000336e+00
3.719230000000000036e+00 2.016750000000000043e+00 3.152359999999999829e+00 1.882919999999999927e+00 3.014780000000000015e+00 2.826700000000000212e+00 2.981650000000000134e+00 2.509370000000000100e+00 2.261989999999999945e+00 2.667079999999999895e+00 2.455389999999999961e+00
3.595540000000000180e+00 2.101440000000000197e+00 3.087309999999999999e+00 1.955200000000000049e+00 3.385609999999999786e+00 3.060779999999999834e+00 3.076379999999999892e+00 2.600769999999999804e+00 2.238410000000000011e+00 2.785690000000000222e+00 2.629599999999999937e+00
2.786639999999999784e+00 1.521589999999999998e+00 2.437450000000000117e+00 1.561139999999999972e+00 2.333819999999999784e+00 2.142580000000000151e+00 2.222599999999999909e+00 1.974099999999999966e+00 1.810869999999999980e+00 2.113199999999999967e+00 1.996510000000000007e+00
5.895999999999999908e+00 3.671629999999999949e+00 4.194350000000000023e+00 3.269280000000000186e+00 5.271279999999999966e+00 4.543389999999999596e+00 3.020700000000000163e+00 4.065240000000000187e+00 2.867399999999999949e+00 4.107009999999999827e+00 3.979629999999999779e+00
1.773959999999999981e+00 1.344170000000000087e+00 1.690099999999999936e+00 1.318040000000000100e+00 1.709230000000000027e+00 1.631699999999999928e+00 1.640500000000000069e+00 1.572680000000000078e+00 1.443119999999999958e+00 1.596279999999999921e+00 1.585530000000000106e+00
1.787570000000000103e+00 1.648830000000000018e+00 2.394390000000000018e+00 1.561250000000000027e+00 2.487969999999999793e+00 2.336650000000000116e+00 2.431509999999999838e+00 2.079079999999999817e+00 1.890290000000000026e+00 2.216410000000000213e+00 2.113999999999999879e+00
3.261890000000000178e+00 1.835769999999999902e+00 2.894800000000000040e+00 1.728660000000000085e+00 2.803510000000000169e+00 2.485980000000000079e+00 2.637270000000000003e+00 2.318589999999999929e+00 2.101669999999999927e+00 2.426419999999999799e+00 2.261730000000000018e+00
3.520509999999999806e+00 2.038809999999999789e+00 2.482299999999999951e+00 1.904050000000000020e+00 3.226500000000000146e+00 2.726630000000000109e+00 3.086619999999999919e+00 2.492770000000000152e+00 2.200590000000000046e+00 2.663079999999999892e+00 2.473930000000000184e+00
3.994310000000000027e+00 2.177789999999999893e+00 3.425079999999999902e+00 2.023099999999999898e+00 3.339379999999999793e+00 3.048630000000000173e+00 3.293989999999999974e+00 2.582469999999999821e+00 2.252400000000000180e+00 2.842070000000000096e+00 2.617269999999999985e+00
2.639019999999999921e+00 1.923059999999999992e+00 2.334389999999999965e+00 1.565979999999999928e+00 2.536529999999999951e+00 2.381099999999999994e+00 2.410660000000000025e+00 2.144670000000000076e+00 1.862630000000000008e+00 2.209229999999999805e+00 2.121550000000000047e+00
2.874979999999999869e+00 2.186080000000000023e+00 2.463299999999999823e+00 2.035460000000000047e+00 3.437159999999999993e+00 3.159909999999999997e+00 3.212180000000000035e+00 2.669529999999999959e+00 2.356120000000000214e+00 1.592870000000000008e+00 2.670110000000000205e+00
1.950220000000000065e+00 1.471770000000000023e+00 1.903119999999999923e+00 1.442600000000000104e+00 1.816959999999999908e+00 1.747319999999999984e+00 1.807979999999999920e+00 1.674390000000000045e+00 1.557269999999999932e+00 1.728269999999999973e+00 1.685400000000000009e+00
3.160890000000000200e+00 2.597710000000000186e+00 2.999159999999999826e+00 2.932150000000000034e+00 3.650440000000000129e+00 3.368139999999999912e+00 2.437149999999999928e+00 2.131969999999999921e+00 2.759609999999999896e+00 3.277880000000000127e+00 3.117090000000000138e+00
2.936780000000000168e+00 2.266350000000000087e+00 3.228079999999999838e+00 2.221169999999999867e+00 2.599209999999999798e+00 3.137890000000000068e+00 3.628899999999999793e+00 2.724180000000000046e+00 2.442779999999999951e+00 2.844160000000000021e+00 2.955900000000000194e+00
2.096080000000000165e+00 1.223370000000000068e+00 1.944909999999999917e+00 1.267530000000000046e+00 1.900719999999999965e+00 1.784659999999999913e+00 1.838430000000000009e+00 1.709759999999999946e+00 1.570210000000000106e+00 1.767269999999999897e+00 1.723729999999999984e+00
5.532429999999999737e+00 3.364980000000000082e+00 4.630889999999999951e+00 3.022330000000000183e+00 3.424150000000000027e+00 3.150510000000000144e+00 4.336949999999999861e+00 2.895980000000000221e+00 2.683949999999999836e+00 2.147860000000000102e+00 3.759590000000000209e+00
5.535379999999999967e+00 3.445910000000000029e+00 5.322079999999999700e+00 3.107850000000000001e+00 3.350600000000000023e+00 3.094510000000000094e+00 3.007130000000000081e+00 2.862540000000000084e+00 2.787230000000000096e+00 2.150180000000000202e+00 3.864310000000000134e+00
6.661080000000000112e+00 5.680419999999999803e+00 6.000350000000000072e+00 5.948470000000000368e+00 5.185459999999999958e+00 4.719369999999999621e+00 7.326789999999999914e+00 4.231080000000000396e+00 3.855080000000000062e+00 3.054920000000000080e+00 6.389300000000000423e+00
4.889680000000000248e+00 2.735380000000000145e+00 3.159159999999999968e+00 2.499400000000000066e+00 4.079209999999999781e+00 2.792199999999999793e+00 2.517430000000000057e+00 2.583380000000000010e+00 2.880790000000000184e+00 3.535590000000000011e+00 3.265390000000000015e+00
3.897949999999999804e+00 2.328440000000000065e+00 3.394070000000000142e+00 2.156200000000000117e+00 3.595709999999999962e+00 3.111600000000000144e+00 4.471980000000000288e+00 2.837509999999999977e+00 2.497269999999999879e+00 3.002569999999999961e+00 2.817149999999999821e+00
2.093140000000000001e+00 1.498939999999999939e+00 1.985349999999999948e+00 1.356030000000000069e+00 1.936600000000000099e+00 1.801949999999999941e+00 1.841699999999999893e+00 1.719710000000000072e+00 1.571690000000000031e+00 1.760809999999999986e+00 1.712099999999999955e+00
3.007219999999999782e+00 1.762369999999999992e+00 2.674129999999999896e+00 1.668600000000000083e+00 2.928749999999999964e+00 2.702989999999999782e+00 2.503460000000000019e+00 2.335449999999999804e+00 2.016910000000000203e+00 2.330210000000000115e+00 2.231030000000000069e+00
1.680379999999999985e+00 1.287870000000000070e+00 1.535449999999999982e+00 1.272229999999999972e+00 1.624500000000000055e+00 1.514129999999999976e+00 1.553530000000000078e+00 1.486089999999999911e+00 1.430979999999999919e+00 1.529209999999999958e+00 1.532049999999999912e+00
3.624159999999999826e+00 1.939680000000000071e+00 2.967140000000000111e+00 2.087899999999999867e+00 3.134999999999999787e+00 2.766280000000000072e+00 2.802550000000000097e+00 2.427659999999999929e+00 2.140439999999999898e+00 2.576890000000000125e+00 2.392999999999999794e+00
