2.509580000000000144e+00 2.549230000000000107e+00 2.613729999999999887e+00 2.402350000000000207e+00 2.575470000000000148e+00 2.264819999999999833e+00 2.105290000000000106e+00 2.174500000000000099e+00 2.161290000000000155e+00 2.083950000000000191e+00 1.890479999999999938e+00
2.006400000000000183e+00 1.960150000000000059e+00 1.943000000000000060e+00 1.895429999999999948e+00 1.902830000000000021e+00 1.903799999999999937e+00 1.724939999999999918e+00 1.740850000000000009e+00 1.835939999999999905e+00 1.735130000000000061e+00 1.701710000000000056e+00
4.580960000000000143e+00 4.282700000000000173e+00 3.884430000000000049e+00 2.650069999999999926e+00 3.726399999999999935e+00 3.051260000000000083e+00 2.300739999999999785e+00 2.565630000000000077e+00 3.253190000000000026e+00 3.324069999999999858e+00 2.704559999999999853e+00
3.189329999999999998e+00 3.109160000000000146e+00 4.757480000000000153e+00 3.897710000000000008e+00 3.036739999999999995e+00 2.825380000000000003e+00 3.324460000000000193e+00 3.459360000000000213e+00 3.291199999999999903e+00 3.284159999999999968e+00 1.958229999999999915e+00
1.570210000000000106e+00 1.584019999999999984e+00 1.614619999999999944e+00 1.522329999999999961e+00 1.617289999999999894e+00 1.543760000000000021e+00 1.516299999999999981e+00 1.551069999999999949e+00 1.556499999999999995e+00 1.541020000000000056e+00 1.490199999999999969e+00
3.288149999999999906e+00 3.528820000000000068e+00 2.820669999999999789e+00 3.457089999999999996e+00 3.743129999999999846e+00 3.115650000000000031e+00 3.034839999999999982e+00 3.119240000000000013e+00 3.027530000000000054e+00 2.994949999999999779e+00 2.276310000000000056e+00
4.689210000000000100e+00 4.886650000000000382e+00 3.479319999999999968e+00 3.171300000000000008e+00 4.787550000000000416e+00 4.028830000000000133e+00 3.624060000000000059e+00 3.655209999999999848e+00 3.732530000000000125e+00 3.658599999999999852e+00 2.751209999999999933e+00
4.083359999999999879e+00 4.093259999999999899e+00 3.050100000000000033e+00 2.763510000000000133e+00 4.021670000000000300e+00 3.274350000000000094e+00 3.112319999999999975e+00 3.236229999999999940e+00 3.214199999999999946e+00 3.128449999999999953e+00 2.502549999999999830e+00
2.153249999999999886e+00 2.144029999999999880e+00 2.215019999999999989e+00 2.019000000000000128e+00 2.206599999999999895e+00 2.028910000000000213e+00 1.920979999999999910e+00 2.018060000000000187e+00 1.916970000000000063e+00 1.845110000000000028e+00 1.717989999999999906e+00
5.261770000000000280e+00 6.656710000000000349e+00 6.739980000000000082e+00 5.365910000000000402e+00 6.060940000000000438e+00 3.806039999999999868e+00 4.438699999999999868e+00 4.953470000000000262e+00 4.949040000000000106e+00 4.737949999999999662e+00 2.522339999999999804e+00
3.093570000000000153e+00 2.960480000000000000e+00 2.786900000000000155e+00 2.727549999999999919e+00 2.807150000000000034e+00 2.642799999999999816e+00 2.410260000000000069e+00 2.306150000000000144e+00 2.497729999999999784e+00 2.388450000000000184e+00 2.095479999999999787e+00
3.170300000000000118e+00 3.157519999999999882e+00 3.322999999999999954e+00 3.132330000000000059e+00 3.042100000000000026e+00 2.772240000000000038e+00 2.657849999999999824e+00 2.700079999999999814e+00 2.594910000000000050e+00 2.525959999999999983e+00 2.035109999999999975e+00
2.844840000000000035e+00 2.618090000000000028e+00 2.714589999999999836e+00 2.501999999999999780e+00 2.602580000000000116e+00 2.383869999999999933e+00 2.175559999999999938e+00 2.240590000000000082e+00 2.349330000000000140e+00 2.226609999999999978e+00 2.027000000000000135e+00
3.303949999999999942e+00 3.884059999999999846e+00 3.915150000000000130e+00 3.683520000000000127e+00 4.276379999999999626e+00 3.581519999999999815e+00 2.544140000000000068e+00 2.760580000000000034e+00 3.321740000000000137e+00 3.296619999999999884e+00 2.818369999999999820e+00
1.736089999999999911e+00 1.721430000000000016e+00 1.739770000000000039e+00 1.641129999999999978e+00 1.748289999999999900e+00 1.655170000000000030e+00 1.609080000000000066e+00 1.647219999999999906e+00 1.632560000000000011e+00 1.603590000000000071e+00 1.534859999999999891e+00
4.690089999999999648e+00 4.714800000000000324e+00 4.099960000000000271e+00 3.863539999999999974e+00 2.493679999999999897e+00 3.887150000000000105e+00 2.328549999999999898e+00 3.503659999999999997e+00 3.222249999999999837e+00 3.488070000000000004e+00 2.784600000000000186e+00
3.723320000000000185e+00 3.593430000000000124e+00 3.261200000000000099e+00 3.016439999999999788e+00 3.301210000000000200e+00 3.530710000000000015e+00 2.676210000000000200e+00 2.783549999999999969e+00 2.581700000000000106e+00 2.825450000000000017e+00 2.450239999999999974e+00
2.488840000000000163e+00 2.449759999999999938e+00 2.358810000000000073e+00 2.188229999999999897e+00 2.311420000000000030e+00 2.179699999999999971e+00 1.991290000000000004e+00 2.082139999999999880e+00 2.071019999999999861e+00 1.991780000000000106e+00 1.854060000000000041e+00
2.584220000000000184e+00 3.442709999999999937e+00 2.127740000000000187e+00 3.015660000000000007e+00 3.028239999999999821e+00 2.901790000000000092e+00 2.515820000000000167e+00 2.632820000000000160e+00 2.693709999999999827e+00 2.639419999999999877e+00 2.257610000000000117e+00
3.314080000000000137e+00 4.083529999999999660e+00 3.964170000000000194e+00 3.215640000000000054e+00 3.548299999999999788e+00 3.034819999999999851e+00 3.027470000000000105e+00 3.101820000000000022e+00 2.970880000000000187e+00 2.855480000000000018e+00 2.226280000000000037e+00
3.700870000000000104e+00 4.906530000000000058e+00 4.285770000000000302e+00 3.943480000000000096e+00 3.784839999999999982e+00 3.777639999999999887e+00 3.112540000000000084e+00 3.486829999999999874e+00 3.282210000000000072e+00 3.544070000000000054e+00 2.892180000000000195e+00
2.321499999999999897e+00 2.409710000000000019e+00 2.265750000000000153e+00 2.105560000000000098e+00 2.143679999999999808e+00 2.182789999999999786e+00 1.925650000000000084e+00 2.004509999999999792e+00 2.004049999999999887e+00 1.950949999999999962e+00 1.847750000000000004e+00
7.239880000000000315e+00 6.694829999999999615e+00 4.758740000000000414e+00 4.237160000000000259e+00 3.927550000000000097e+00 3.852030000000000065e+00 3.423719999999999875e+00 4.444420000000000037e+00 3.048160000000000203e+00 4.700470000000000148e+00 3.844160000000000021e+00
3.764899999999999913e+00 3.309689999999999799e+00 2.647219999999999906e+00 3.194280000000000008e+00 3.264120000000000132e+00 3.104709999999999859e+00 2.745740000000000069e+00 2.983249999999999957e+00 2.824590000000000156e+00 2.788260000000000183e+00 2.304330000000000211e+00
2.148979999999999890e+00 2.099499999999999922e+00 2.075470000000000148e+00 1.907289999999999930e+00 2.060369999999999813e+00 1.986099999999999977e+00 1.843360000000000110e+00 1.857699999999999907e+00 1.903399999999999981e+00 1.813830000000000053e+00 1.732620000000000049e+00
5.179030000000000022e+00 4.276839999999999975e+00 3.205789999999999917e+00 3.511540000000000106e+00 3.124730000000000008e+00 4.151239999999999597e+00 2.688279999999999781e+00 3.668979999999999908e+00 3.916040000000000187e+00 3.770449999999999857e+00 3.177979999999999805e+00
5.584570000000000256e+00 4.720570000000000377e+00 4.345250000000000057e+00 4.031869999999999621e+00 3.801289999999999836e+00 3.688839999999999897e+00 3.341019999999999879e+00 2.773839999999999861e+00 4.611130000000000173e+00 2.570009999999999906e+00 3.584999999999999964e+00
6.133989999999999831e+00 4.272070000000000256e+00 6.225719999999999921e+00 4.247130000000000294e+00 6.283879999999999910e+00 3.989259999999999806e+00 3.677659999999999929e+00 5.315240000000000187e+00 2.877289999999999903e+00 2.494679999999999787e+00 2.523140000000000160e+00
3.749049999999999994e+00 2.798340000000000050e+00 2.742620000000000058e+00 3.336969999999999992e+00 3.559130000000000127e+00 2.162160000000000082e+00 2.823459999999999859e+00 2.920700000000000074e+00 2.881489999999999885e+00 2.876129999999999853e+00 2.360990000000000144e+00
2.942149999999999821e+00 3.823519999999999808e+00 3.677999999999999936e+00 3.344050000000000189e+00 3.627619999999999845e+00 2.851780000000000204e+00 2.909120000000000150e+00 3.144369999999999887e+00 2.894420000000000215e+00 2.955239999999999867e+00 2.496100000000000207e+00
1.677310000000000079e+00 1.654530000000000056e+00 1.643520000000000092e+00 1.581690000000000040e+00 1.639049999999999896e+00 1.617070000000000007e+00 1.534240000000000048e+00 1.559450000000000003e+00 1.602710000000000079e+00 1.565110000000000001e+00 1.533649999999999958e+00
1.886630000000000029e+00 1.917380000000000084e+00 1.985740000000000061e+00 1.810699999999999976e+00 1.971060000000000034e+00 1.841620000000000035e+00 1.751880000000000104e+00 1.775549999999999962e+00 1.772799999999999931e+00 1.728679999999999994e+00 1.625140000000000029e+00
1.866800000000000015e+00 1.850980000000000070e+00 1.892870000000000053e+00 1.792440000000000033e+00 1.917939999999999978e+00 1.738699999999999912e+00 1.714490000000000069e+00 1.762999999999999901e+00 1.719559999999999977e+00 1.687629999999999963e+00 1.600060000000000038e+00
2.838729999999999976e+00 2.818109999999999893e+00 2.614650000000000141e+00 2.409110000000000085e+00 2.586969999999999992e+00 2.448700000000000099e+00 2.189249999999999918e+00 2.307640000000000136e+00 2.303329999999999878e+00 2.209709999999999841e+00 1.996879999999999988e+00
3.165669999999999984e+00 2.848069999999999879e+00 2.264429999999999943e+00 2.859030000000000182e+00 3.280889999999999862e+00 2.911960000000000104e+00 2.685249999999999915e+00 2.687050000000000161e+00 2.469300000000000050e+00 2.652519999999999989e+00 2.243669999999999831e+00
2.183739999999999792e+00 2.038479999999999848e+00 2.015099999999999891e+00 2.027260000000000062e+00 1.996469999999999967e+00 1.925310000000000077e+00 1.767539999999999889e+00 1.957640000000000047e+00 1.831890000000000018e+00 1.861029999999999962e+00 1.748089999999999922e+00
4.241999999999999993e+00 3.716909999999999936e+00 3.803650000000000198e+00 3.521129999999999871e+00 3.479389999999999983e+00 3.073929999999999829e+00 2.868399999999999839e+00 3.316590000000000149e+00 1.938590000000000035e+00 3.045669999999999877e+00 2.715370000000000061e+00
4.179789999999999672e+00 4.247959999999999958e+00 3.235669999999999824e+00 4.498920000000000030e+00 4.976409999999999556e+00 4.266269999999999563e+00 3.629169999999999785e+00 3.981609999999999872e+00 3.782469999999999999e+00 2.113649999999999807e+00 2.902489999999999792e+00
1.657389999999999919e+00 1.653710000000000013e+00 1.705100000000000060e+00 1.594810000000000061e+00 1.684919999999999973e+00 1.624540000000000095e+00 1.572149999999999936e+00 1.612610000000000099e+00 1.598619999999999930e+00 1.581560000000000077e+00 1.523130000000000095e+00
3.947820000000000107e+00 3.472539999999999960e+00 4.209760000000000169e+00 3.450639999999999930e+00 4.141029999999999767e+00 3.786789999999999878e+00 3.160519999999999996e+00 3.386629999999999807e+00 3.286480000000000068e+00 3.128080000000000194e+00 2.493850000000000122e+00
5.495589999999999975e+00 5.390469999999999651e+00 6.450459999999999638e+00 4.558919999999999639e+00 7.087749999999999773e+00 4.543529999999999625e+00 4.072280000000000122e+00 5.345250000000000057e+00 2.979929999999999968e+00 5.027969999999999828e+00 2.989339999999999886e+00
4.643799999999999706e+00 3.417800000000000171e+00 3.121280000000000054e+00 3.785089999999999844e+00 4.668300000000000338e+00 2.978549999999999809e+00 3.418930000000000025e+00 3.647810000000000219e+00 3.360520000000000174e+00 3.504910000000000192e+00 2.770640000000000214e+00
2.167229999999999990e+00 2.073910000000000142e+00 2.146830000000000016e+00 1.931980000000000031e+00 2.089529999999999887e+00 1.967289999999999983e+00 1.816940000000000000e+00 1.962779999999999969e+00 1.833739999999999926e+00 1.810079999999999911e+00 1.701230000000000020e+00
5.911539999999999573e+00 6.288700000000000401e+00 7.308889999999999887e+00 4.890839999999999854e+00 5.597349999999999604e+00 4.506459999999999688e+00 5.459719999999999906e+00 5.625700000000000145e+00 5.287480000000000402e+00 2.868920000000000137e+00 3.005240000000000133e+00
3.319809999999999928e+00 3.146630000000000038e+00 3.071530000000000094e+00 2.964179999999999815e+00 3.028020000000000156e+00 2.849950000000000205e+00 2.553910000000000124e+00 2.651460000000000150e+00 2.612470000000000070e+00 2.560010000000000119e+00 2.180950000000000166e+00
3.741699999999999804e+00 3.555050000000000043e+00 3.629910000000000192e+00 2.395160000000000178e+00 3.689340000000000064e+00 3.789270000000000138e+00 2.953860000000000152e+00 2.522100000000000009e+00 3.055219999999999825e+00 2.891890000000000072e+00 2.377629999999999910e+00
2.756200000000000205e+00 2.658409999999999940e+00 2.523839999999999861e+00 2.381040000000000045e+00 2.505869999999999820e+00 2.318360000000000198e+00 2.151580000000000048e+00 2.297390000000000043e+00 2.199419999999999931e+00 2.182640000000000136e+00 1.962730000000000086e+00
3.905419999999999892e+00 3.591559999999999864e+00 3.860510000000000108e+00 3.359199999999999964e+00 5.177310000000000301e+00 3.571940000000000115e+00 3.728400000000000158e+00 4.151729999999999698e+00 2.304670000000000218e+00 4.002609999999999779e+00 2.873470000000000191e+00
1.758490000000000109e+00 1.727789999999999937e+00 1.794980000000000020e+00 1.664639999999999898e+00 1.786909999999999998e+00 1.696879999999999944e+00 1.635890000000000066e+00 1.673999999999999932e+00 1.643960000000000088e+00 1.619529999999999914e+00 1.552640000000000020e+00
4.541059999999999874e+00 4.426330000000000098e+00 3.063569999999999904e+00 3.458429999999999893e+00 3.639060000000000183e+00 2.203219999999999956e+00 2.223419999999999952e+00 3.437629999999999963e+00 3.279650000000000176e+00 3.170570000000000110e+00 2.806810000000000027e+00
2.210910000000000153e+00 2.832409999999999872e+00 2.552779999999999827e+00 1.772129999999999983e+00 2.802140000000000075e+00 2.679079999999999906e+00 2.316460000000000186e+00 2.493279999999999941e+00 2.394909999999999872e+00 2.351850000000000218e+00 2.132649999999999935e+00
2.897860000000000102e+00 2.782270000000000021e+00 2.733350000000000168e+00 2.527420000000000222e+00 2.668610000000000149e+00 2.497160000000000046e+00 2.298830000000000151e+00 2.399649999999999839e+00 2.328720000000000123e+00 2.240120000000000111e+00 2.039070000000000160e+00
3.507219999999999782e+00 3.312940000000000218e+00 2.735370000000000079e+00 2.974369999999999958e+00 2.245210000000000150e+00 2.886569999999999858e+00 2.641070000000000029e+00 2.894750000000000156e+00 2.775970000000000049e+00 2.737540000000000084e+00 2.389429999999999943e+00
4.001999999999999780e+00 2.914070000000000160e+00 4.020550000000000068e+00 3.444729999999999848e+00 3.929930000000000145e+00 3.913400000000000212e+00 3.059860000000000024e+00 3.321489999999999831e+00 3.278010000000000090e+00 3.008340000000000014e+00 2.535779999999999923e+00
3.167269999999999808e+00 3.693919999999999870e+00 2.910379999999999967e+00 3.681929999999999925e+00 3.777950000000000141e+00 3.539439999999999920e+00 3.047959999999999781e+00 3.395249999999999879e+00 3.240510000000000002e+00 3.162490000000000023e+00 2.696200000000000152e+00
2.151199999999999779e+00 2.121370000000000200e+00 2.122489999999999988e+00 2.056659999999999933e+00 2.046899999999999942e+00 1.931389999999999940e+00 1.799190000000000067e+00 1.976469999999999949e+00 1.883799999999999919e+00 1.857629999999999892e+00 1.749749999999999917e+00
5.962979999999999947e+00 4.400689999999999991e+00 4.743140000000000356e+00 3.749429999999999819e+00 3.805210000000000203e+00 3.529860000000000220e+00 3.098899999999999988e+00 4.362669999999999604e+00 4.302599999999999980e+00 2.378429999999999822e+00 3.339780000000000193e+00
3.565409999999999968e+00 3.377260000000000151e+00 3.771590000000000220e+00 3.169799999999999951e+00 2.624049999999999994e+00 3.162119999999999820e+00 2.214640000000000164e+00 2.954349999999999810e+00 2.806319999999999926e+00 2.955189999999999984e+00 2.428659999999999819e+00
2.117900000000000116e+00 2.000529999999999919e+00 1.982879999999999976e+00 1.956020000000000092e+00 2.011859999999999982e+00 1.931629999999999958e+00 1.791690000000000005e+00 1.895270000000000010e+00 1.830119999999999969e+00 1.796200000000000019e+00 1.718579999999999997e+00
4.519969999999999821e+00 4.100340000000000096e+00 3.616670000000000051e+00 3.507880000000000109e+00 5.067560000000000286e+00 3.160590000000000011e+00 3.034909999999999997e+00 4.060760000000000147e+00 4.147800000000000153e+00 2.303380000000000205e+00 3.164229999999999876e+00
5.680819999999999759e+00 4.528019999999999712e+00 4.125119999999999898e+00 4.266519999999999868e+00 3.859809999999999963e+00 3.372100000000000097e+00 3.243469999999999853e+00 4.168599999999999639e+00 2.772530000000000161e+00 4.322869999999999990e+00 3.255560000000000009e+00
5.290449999999999875e+00 6.381529999999999703e+00 6.433950000000000280e+00 4.433130000000000237e+00 6.481900000000000439e+00 3.947200000000000042e+00 3.845079999999999831e+00 5.423230000000000217e+00 3.009430000000000049e+00 4.872390000000000221e+00 3.642910000000000093e+00
3.854070000000000107e+00 2.767650000000000166e+00 3.814649999999999874e+00 3.537259999999999849e+00 4.092660000000000409e+00 3.978950000000000209e+00 2.956510000000000193e+00 3.237839999999999829e+00 3.117039999999999811e+00 3.145750000000000046e+00 2.519410000000000149e+00
3.200800000000000090e+00 3.672670000000000101e+00 3.983779999999999877e+00 3.301299999999999901e+00 3.810249999999999915e+00 3.788409999999999833e+00 2.736000000000000210e+00 3.056880000000000042e+00 1.832969999999999988e+00 3.032360000000000166e+00 2.449570000000000025e+00
1.859509999999999996e+00 1.867680000000000007e+00 1.854940000000000033e+00 1.760969999999999924e+00 1.850139999999999896e+00 1.785849999999999937e+00 1.678069999999999951e+00 1.756750000000000034e+00 1.713989999999999903e+00 1.687259999999999982e+00 1.627510000000000012e+00
2.263700000000000045e+00 2.308819999999999872e+00 2.414530000000000065e+00 2.195419999999999927e+00 2.414930000000000021e+00 2.217490000000000183e+00 2.091460000000000097e+00 2.169659999999999922e+00 2.004669999999999952e+00 2.008620000000000072e+00 1.857490000000000085e+00
1.999840000000000062e+00 1.820880000000000054e+00 2.027019999999999822e+00 1.855909999999999949e+00 2.045580000000000176e+00 1.922700000000000076e+00 1.817010000000000014e+00 1.847930000000000073e+00 1.764780000000000015e+00 1.750609999999999999e+00 1.653270000000000017e+00
2.562559999999999949e+00 3.340770000000000017e+00 3.273930000000000007e+00 3.070949999999999847e+00 2.298490000000000144e+00 3.617230000000000167e+00 2.723869999999999791e+00 2.879640000000000200e+00 2.749750000000000139e+00 2.784969999999999946e+00 2.345540000000000180e+00
