1.006739999999999968e+00 1.029109999999999969e+00 1.057269999999999932e+00 1.088440000000000074e+00 1.120989999999999931e+00 1.152989999999999959e+00 1.182080000000000020e+00 1.208830000000000071e+00 1.237589999999999968e+00 1.270739999999999981e+00 1.308280000000000109e+00
1.006480000000000041e+00 1.019989999999999952e+00 1.036520000000000108e+00 1.053909999999999902e+00 1.071569999999999911e+00 1.089059999999999917e+00 1.104919999999999902e+00 1.118400000000000061e+00 1.130849999999999911e+00 1.144239999999999924e+00 1.159969999999999946e+00
1.007740000000000080e+00 1.066980000000000040e+00 1.148230000000000084e+00 1.240939999999999932e+00 1.334349999999999925e+00 1.424050000000000038e+00 1.510219999999999896e+00 1.598230000000000040e+00 1.694620000000000015e+00 1.802329999999999988e+00 1.919740000000000002e+00
1.007710000000000106e+00 1.067360000000000086e+00 1.148379999999999956e+00 1.236609999999999987e+00 1.323090000000000099e+00 1.404439999999999911e+00 1.484799999999999898e+00 1.574500000000000011e+00 1.678390000000000049e+00 1.794359999999999955e+00 1.915149999999999908e+00
1.006240000000000023e+00 1.011349999999999971e+00 1.016939999999999955e+00 1.022629999999999928e+00 1.028250000000000108e+00 1.033549999999999969e+00 1.038189999999999946e+00 1.042200000000000015e+00 1.046019999999999950e+00 1.049909999999999899e+00 1.054059999999999997e+00
1.007640000000000091e+00 1.063509999999999955e+00 1.138579999999999925e+00 1.221410000000000107e+00 1.303309999999999969e+00 1.380319999999999991e+00 1.454339999999999966e+00 1.534899999999999931e+00 1.627920000000000034e+00 1.733460000000000001e+00 1.844179999999999930e+00
1.009039999999999937e+00 1.125369999999999981e+00 1.290790000000000104e+00 1.463000000000000078e+00 1.629019999999999913e+00 1.791379999999999972e+00 1.962280000000000024e+00 2.152600000000000069e+00 2.363500000000000156e+00 2.587600000000000122e+00 2.816780000000000062e+00
1.007840000000000069e+00 1.069479999999999986e+00 1.152220000000000022e+00 1.245640000000000081e+00 1.338850000000000096e+00 1.428299999999999903e+00 1.514559999999999906e+00 1.604559999999999986e+00 1.708159999999999901e+00 1.822889999999999899e+00 1.947079999999999922e+00
1.006359999999999921e+00 1.015490000000000004e+00 1.025919999999999943e+00 1.036769999999999969e+00 1.047530000000000072e+00 1.057639999999999914e+00 1.066300000000000026e+00 1.073990000000000000e+00 1.081809999999999938e+00 1.090529999999999999e+00 1.100379999999999914e+00
1.009989999999999943e+00 1.158390000000000031e+00 1.359960000000000058e+00 1.568559999999999954e+00 1.772029999999999994e+00 1.973240000000000105e+00 2.185880000000000045e+00 2.423389999999999933e+00 2.687809999999999810e+00 2.965800000000000214e+00 3.253270000000000106e+00
1.007190000000000030e+00 1.042340000000000044e+00 1.085569999999999924e+00 1.134900000000000020e+00 1.188239999999999963e+00 1.242569999999999952e+00 1.294810000000000016e+00 1.343920000000000003e+00 1.391899999999999915e+00 1.442549999999999999e+00 1.497670000000000057e+00
1.006909999999999972e+00 1.035500000000000087e+00 1.071790000000000020e+00 1.111099999999999977e+00 1.151350000000000096e+00 1.189019999999999966e+00 1.222520000000000051e+00 1.256979999999999986e+00 1.298550000000000093e+00 1.347420000000000062e+00 1.402060000000000084e+00
1.006780000000000008e+00 1.029079999999999995e+00 1.055590000000000028e+00 1.084559999999999969e+00 1.115280000000000049e+00 1.146700000000000053e+00 1.176960000000000006e+00 1.204939999999999900e+00 1.231610000000000094e+00 1.259020000000000028e+00 1.288640000000000008e+00
1.008369999999999989e+00 1.088540000000000063e+00 1.195670000000000011e+00 1.315139999999999976e+00 1.434090000000000087e+00 1.548769999999999980e+00 1.660900000000000043e+00 1.779959999999999987e+00 1.913070000000000048e+00 2.060160000000000213e+00 2.216460000000000097e+00
1.006189999999999918e+00 1.009980000000000100e+00 1.014049999999999896e+00 1.018219999999999903e+00 1.022270000000000012e+00 1.026100000000000012e+00 1.029369999999999896e+00 1.032210000000000072e+00 1.034880000000000022e+00 1.037600000000000078e+00 1.040470000000000006e+00
1.007039999999999935e+00 1.040750000000000064e+00 1.085020000000000095e+00 1.133690000000000087e+00 1.183489999999999931e+00 1.230820000000000025e+00 1.274489999999999901e+00 1.317390000000000061e+00 1.365990000000000038e+00 1.423049999999999926e+00 1.487319999999999975e+00
1.007600000000000051e+00 1.059029999999999916e+00 1.126749999999999918e+00 1.205070000000000086e+00 1.286079999999999890e+00 1.364919999999999911e+00 1.440209999999999990e+00 1.513989999999999947e+00 1.593069999999999986e+00 1.682069999999999954e+00 1.780100000000000016e+00
1.006620000000000070e+00 1.023949999999999916e+00 1.044850000000000056e+00 1.068289999999999962e+00 1.093390000000000084e+00 1.119480000000000031e+00 1.145010000000000083e+00 1.168609999999999927e+00 1.190760000000000041e+00 1.212709999999999955e+00 1.236320000000000086e+00
1.007169999999999899e+00 1.042489999999999917e+00 1.087569999999999926e+00 1.139510000000000023e+00 1.195079999999999920e+00 1.250599999999999934e+00 1.303220000000000045e+00 1.352829999999999977e+00 1.403219999999999912e+00 1.458139999999999992e+00 1.519509999999999916e+00
1.007100000000000106e+00 1.042499999999999982e+00 1.088300000000000045e+00 1.138479999999999936e+00 1.189319999999999933e+00 1.236750000000000016e+00 1.280289999999999928e+00 1.326179999999999914e+00 1.382319999999999993e+00 1.446430000000000105e+00 1.517470000000000097e+00
1.008110000000000062e+00 1.083080000000000043e+00 1.188139999999999974e+00 1.303269999999999929e+00 1.416490000000000027e+00 1.525419999999999998e+00 1.633459999999999912e+00 1.748709999999999987e+00 1.878810000000000091e+00 2.022310000000000052e+00 2.174249999999999794e+00
1.006440000000000001e+00 1.018420000000000103e+00 1.032769999999999966e+00 1.047800000000000065e+00 1.062929999999999930e+00 1.077560000000000073e+00 1.090500000000000025e+00 1.101569999999999938e+00 1.112230000000000052e+00 1.124090000000000034e+00 1.137990000000000057e+00
1.009449999999999958e+00 1.133699999999999930e+00 1.305460000000000065e+00 1.489670000000000050e+00 1.670039999999999969e+00 1.846360000000000001e+00 2.025999999999999801e+00 2.218420000000000059e+00 2.433219999999999938e+00 2.665129999999999999e+00 2.907529999999999948e+00
1.007179999999999964e+00 1.044899999999999940e+00 1.092519999999999936e+00 1.143880000000000008e+00 1.195410000000000084e+00 1.242949999999999999e+00 1.286520000000000108e+00 1.332449999999999912e+00 1.386490000000000000e+00 1.448590000000000044e+00 1.517260000000000053e+00
1.006359999999999921e+00 1.015339999999999909e+00 1.025490000000000013e+00 1.036410000000000053e+00 1.047860000000000014e+00 1.059509999999999952e+00 1.070869999999999989e+00 1.081490000000000062e+00 1.091380000000000017e+00 1.101099999999999968e+00 1.110970000000000013e+00
1.008229999999999960e+00 1.083879999999999955e+00 1.186169999999999947e+00 1.302750000000000075e+00 1.420560000000000045e+00 1.534680000000000044e+00 1.644400000000000084e+00 1.753300000000000081e+00 1.868659999999999988e+00 1.997800000000000020e+00 2.136649999999999938e+00
1.009479999999999933e+00 1.132859999999999978e+00 1.299790000000000001e+00 1.479170000000000096e+00 1.654979999999999896e+00 1.824989999999999890e+00 1.990990000000000038e+00 2.164140000000000175e+00 2.354969999999999786e+00 2.563190000000000079e+00 2.786970000000000169e+00
1.010469999999999979e+00 1.181540000000000035e+00 1.414379999999999971e+00 1.652190000000000047e+00 1.883620000000000072e+00 2.115089999999999915e+00 2.361219999999999875e+00 2.637570000000000192e+00 2.937910000000000021e+00 3.256380000000000052e+00 3.581179999999999808e+00
1.007649999999999935e+00 1.060340000000000060e+00 1.128449999999999953e+00 1.205430000000000001e+00 1.284030000000000005e+00 1.359830000000000094e+00 1.430889999999999995e+00 1.502010000000000067e+00 1.580109999999999904e+00 1.668230000000000102e+00 1.765519999999999978e+00
1.008070000000000022e+00 1.079639999999999933e+00 1.177740000000000009e+00 1.286450000000000093e+00 1.393969999999999931e+00 1.497120000000000006e+00 1.598759999999999959e+00 1.708150000000000057e+00 1.831990000000000007e+00 1.968409999999999993e+00 2.113220000000000098e+00
1.006289999999999907e+00 1.013200000000000101e+00 1.021409999999999929e+00 1.029989999999999961e+00 1.038569999999999993e+00 1.046929999999999916e+00 1.054429999999999978e+00 1.060559999999999947e+00 1.065709999999999935e+00 1.070610000000000062e+00 1.076189999999999980e+00
1.006680000000000019e+00 1.026450000000000085e+00 1.050799999999999956e+00 1.077420000000000044e+00 1.105269999999999975e+00 1.132940000000000058e+00 1.158109999999999973e+00 1.181130000000000013e+00 1.205119999999999969e+00 1.231999999999999984e+00 1.262909999999999977e+00
1.006259999999999932e+00 1.012569999999999970e+00 1.020040000000000058e+00 1.027830000000000021e+00 1.035379999999999967e+00 1.042350000000000110e+00 1.048110000000000097e+00 1.052510000000000057e+00 1.056380000000000097e+00 1.060589999999999922e+00 1.065499999999999892e+00
1.007120000000000015e+00 1.041520000000000001e+00 1.085099999999999953e+00 1.134209999999999940e+00 1.186290000000000067e+00 1.237840000000000051e+00 1.285889999999999977e+00 1.331760000000000055e+00 1.380130000000000079e+00 1.433929999999999927e+00 1.493789999999999951e+00
1.006879999999999997e+00 1.034750000000000059e+00 1.069350000000000023e+00 1.106670000000000043e+00 1.143929999999999891e+00 1.177059999999999995e+00 1.209089999999999998e+00 1.246860000000000079e+00 1.291130000000000111e+00 1.341210000000000013e+00 1.395620000000000083e+00
1.006459999999999910e+00 1.019719999999999960e+00 1.036049999999999915e+00 1.053770000000000095e+00 1.072100000000000053e+00 1.090470000000000050e+00 1.107900000000000107e+00 1.123480000000000034e+00 1.137729999999999908e+00 1.151699999999999946e+00 1.166919999999999957e+00
1.007069999999999910e+00 1.040389999999999926e+00 1.083560000000000079e+00 1.132989999999999942e+00 1.184469999999999912e+00 1.234189999999999898e+00 1.281279999999999974e+00 1.327749999999999986e+00 1.377289999999999903e+00 1.431559999999999944e+00 1.492099999999999982e+00
1.007980000000000098e+00 1.078889999999999905e+00 1.173559999999999937e+00 1.274650000000000061e+00 1.371099999999999985e+00 1.462760000000000060e+00 1.563930000000000042e+00 1.684609999999999941e+00 1.818449999999999900e+00 1.959850000000000092e+00 2.105939999999999923e+00
1.006219999999999892e+00 1.010709999999999997e+00 1.015490000000000004e+00 1.020420000000000105e+00 1.025390000000000024e+00 1.030170000000000030e+00 1.034620000000000095e+00 1.038960000000000106e+00 1.043220000000000036e+00 1.047469999999999901e+00 1.051790000000000003e+00
1.007919999999999927e+00 1.079110000000000014e+00 1.175499999999999989e+00 1.275279999999999969e+00 1.369169999999999998e+00 1.459039999999999893e+00 1.561940000000000106e+00 1.684260000000000090e+00 1.819350000000000023e+00 1.960679999999999978e+00 2.103769999999999918e+00
1.010059999999999958e+00 1.171740000000000004e+00 1.391979999999999995e+00 1.612270000000000092e+00 1.824940000000000007e+00 2.044090000000000185e+00 2.293340000000000156e+00 2.573179999999999801e+00 2.869270000000000209e+00 3.172039999999999971e+00 3.479060000000000041e+00
1.008350000000000080e+00 1.094829999999999970e+00 1.213489999999999958e+00 1.336989999999999901e+00 1.454420000000000046e+00 1.569439999999999946e+00 1.698329999999999895e+00 1.848540000000000072e+00 2.013269999999999893e+00 2.184880000000000155e+00 2.360700000000000021e+00
1.006329999999999947e+00 1.014710000000000001e+00 1.024140000000000050e+00 1.033800000000000052e+00 1.043230000000000102e+00 1.051600000000000090e+00 1.058840000000000003e+00 1.066100000000000048e+00 1.073779999999999957e+00 1.082149999999999945e+00 1.091210000000000013e+00
1.011400000000000077e+00 1.229190000000000005e+00 1.517009999999999970e+00 1.803320000000000034e+00 2.084579999999999878e+00 2.383140000000000036e+00 2.723899999999999988e+00 3.099860000000000060e+00 3.492669999999999941e+00 3.893549999999999844e+00 4.297480000000000189e+00
1.007109999999999950e+00 1.039500000000000091e+00 1.079339999999999966e+00 1.125280000000000058e+00 1.175340000000000051e+00 1.226320000000000077e+00 1.275760000000000005e+00 1.323110000000000008e+00 1.369459999999999900e+00 1.416819999999999968e+00 1.467230000000000034e+00
1.007270000000000110e+00 1.048969999999999958e+00 1.102070000000000105e+00 1.159599999999999964e+00 1.215470000000000050e+00 1.265630000000000033e+00 1.318349999999999911e+00 1.383259999999999934e+00 1.458460000000000090e+00 1.540839999999999987e+00 1.626910000000000078e+00
1.007160000000000055e+00 1.041579999999999950e+00 1.084379999999999900e+00 1.133440000000000003e+00 1.186330000000000107e+00 1.240070000000000006e+00 1.291949999999999932e+00 1.340929999999999955e+00 1.388759999999999994e+00 1.437319999999999931e+00 1.489919999999999911e+00
1.009079999999999977e+00 1.123609999999999998e+00 1.279640000000000111e+00 1.440350000000000019e+00 1.595120000000000093e+00 1.749139999999999917e+00 1.922360000000000069e+00 2.121049999999999880e+00 2.336139999999999883e+00 2.557599999999999874e+00 2.786169999999999813e+00
1.006259999999999932e+00 1.012140000000000040e+00 1.018540000000000001e+00 1.024829999999999908e+00 1.030759999999999899e+00 1.035830000000000028e+00 1.040129999999999999e+00 1.044480000000000075e+00 1.049139999999999961e+00 1.054170000000000051e+00 1.059560000000000057e+00
1.006999999999999895e+00 1.037099999999999911e+00 1.074889999999999901e+00 1.117089999999999916e+00 1.161280000000000090e+00 1.204539999999999944e+00 1.244760000000000089e+00 1.283490000000000020e+00 1.323870000000000102e+00 1.369150000000000089e+00 1.420350000000000001e+00
1.007409999999999917e+00 1.052149999999999919e+00 1.110659999999999981e+00 1.178490000000000038e+00 1.248930000000000096e+00 1.316980000000000040e+00 1.381939999999999946e+00 1.447380000000000111e+00 1.516170000000000018e+00 1.592389999999999972e+00 1.675300000000000011e+00
1.006990000000000052e+00 1.035989999999999966e+00 1.071779999999999955e+00 1.113080000000000069e+00 1.157920000000000060e+00 1.203640000000000043e+00 1.247719999999999940e+00 1.290110000000000090e+00 1.331639999999999935e+00 1.374000000000000110e+00 1.419710000000000027e+00
1.007230000000000070e+00 1.044920000000000071e+00 1.093050000000000077e+00 1.148979999999999890e+00 1.208550000000000013e+00 1.267190000000000039e+00 1.323169999999999957e+00 1.377909999999999968e+00 1.433629999999999960e+00 1.493239999999999901e+00 1.559199999999999919e+00
1.007530000000000037e+00 1.058840000000000003e+00 1.125439999999999996e+00 1.198099999999999943e+00 1.268580000000000041e+00 1.333110000000000017e+00 1.402279999999999971e+00 1.485389999999999988e+00 1.580670000000000019e+00 1.683270000000000044e+00 1.790899999999999936e+00
1.007889999999999953e+00 1.070789999999999909e+00 1.154840000000000089e+00 1.250110000000000054e+00 1.344889999999999919e+00 1.435009999999999897e+00 1.523889999999999967e+00 1.619199999999999973e+00 1.723850000000000104e+00 1.840039999999999898e+00 1.964129999999999932e+00
1.006510000000000016e+00 1.020369999999999999e+00 1.036689999999999889e+00 1.054310000000000080e+00 1.072519999999999918e+00 1.090529999999999999e+00 1.107529999999999903e+00 1.123310000000000031e+00 1.138759999999999994e+00 1.154679999999999929e+00 1.172109999999999985e+00
1.008650000000000047e+00 1.100400000000000045e+00 1.225019999999999998e+00 1.363599999999999923e+00 1.500359999999999916e+00 1.631680000000000019e+00 1.762690000000000090e+00 1.902260000000000062e+00 2.056309999999999860e+00 2.223419999999999952e+00 2.403290000000000148e+00
1.007139999999999924e+00 1.044019999999999948e+00 1.089620000000000033e+00 1.138370000000000104e+00 1.186029999999999918e+00 1.228210000000000024e+00 1.270029999999999992e+00 1.318889999999999896e+00 1.375860000000000083e+00 1.439680000000000071e+00 1.508099999999999996e+00
1.006580000000000030e+00 1.022769999999999957e+00 1.042249999999999899e+00 1.063819999999999988e+00 1.086619999999999919e+00 1.110049999999999981e+00 1.132980000000000098e+00 1.154309999999999947e+00 1.174250000000000016e+00 1.193610000000000060e+00 1.214089999999999892e+00
1.008250000000000091e+00 1.082729999999999970e+00 1.181159999999999988e+00 1.294229999999999992e+00 1.409869999999999957e+00 1.522229999999999972e+00 1.630779999999999896e+00 1.739079999999999959e+00 1.852079999999999949e+00 1.975619999999999932e+00 2.108769999999999811e+00
1.008569999999999967e+00 1.095210000000000017e+00 1.209780000000000078e+00 1.339089999999999892e+00 1.469540000000000068e+00 1.595909999999999940e+00 1.717589999999999950e+00 1.838959999999999928e+00 1.966839999999999922e+00 2.107079999999999842e+00 2.259609999999999896e+00
1.010610000000000008e+00 1.195489999999999942e+00 1.442709999999999937e+00 1.688020000000000076e+00 1.925210000000000088e+00 2.172909999999999897e+00 2.453349999999999920e+00 2.767220000000000013e+00 3.097890000000000033e+00 3.438470000000000137e+00 3.782099999999999795e+00
1.007630000000000026e+00 1.059930000000000039e+00 1.125140000000000029e+00 1.196739999999999915e+00 1.268059999999999965e+00 1.333749999999999991e+00 1.398109999999999964e+00 1.470469999999999944e+00 1.552149999999999919e+00 1.641559999999999908e+00 1.738180000000000058e+00
1.007530000000000037e+00 1.058310000000000084e+00 1.125380000000000047e+00 1.201100000000000056e+00 1.276280000000000081e+00 1.346810000000000063e+00 1.417210000000000081e+00 1.495430000000000037e+00 1.582829999999999959e+00 1.679140000000000077e+00 1.781819999999999959e+00
1.006669999999999954e+00 1.025609999999999911e+00 1.048680000000000057e+00 1.074689999999999923e+00 1.102579999999999893e+00 1.131590000000000096e+00 1.159909999999999997e+00 1.186520000000000019e+00 1.211419999999999941e+00 1.235999999999999988e+00 1.261989999999999945e+00
1.006299999999999972e+00 1.014059999999999961e+00 1.022990000000000066e+00 1.032149999999999901e+00 1.040850000000000053e+00 1.048170000000000046e+00 1.054200000000000026e+00 1.060240000000000071e+00 1.066699999999999982e+00 1.073870000000000102e+00 1.081870000000000109e+00
1.006380000000000052e+00 1.016250000000000098e+00 1.027949999999999919e+00 1.040569999999999995e+00 1.053169999999999940e+00 1.064769999999999994e+00 1.074840000000000018e+00 1.084359999999999991e+00 1.094179999999999930e+00 1.104729999999999990e+00 1.116200000000000081e+00
1.007090000000000041e+00 1.040110000000000090e+00 1.081260000000000110e+00 1.127669999999999950e+00 1.176330000000000098e+00 1.223109999999999919e+00 1.267770000000000064e+00 1.312810000000000032e+00 1.360749999999999904e+00 1.412959999999999994e+00 1.470140000000000002e+00
