1.760480000000000045e+00 1.700590000000000046e+00 1.641869999999999941e+00 1.584379999999999900e+00 1.528070000000000039e+00 1.472730000000000095e+00 1.418179999999999996e+00 1.364170000000000105e+00 1.310619999999999896e+00 1.257749999999999924e+00 1.206260000000000110e+00 1.157440000000000024e+00 1.113429999999999920e+00 1.076429999999999998e+00 1.048259999999999970e+00 1.028100000000000014e+00
1.055029999999999912e+00 1.053039999999999976e+00 1.051099999999999923e+00 1.049180000000000001e+00 1.047250000000000014e+00 1.045309999999999961e+00 1.043320000000000025e+00 1.041290000000000049e+00 1.039239999999999942e+00 1.037169999999999925e+00 1.035090000000000066e+00 1.033020000000000049e+00 1.030980000000000008e+00 1.029020000000000046e+00 1.027279999999999971e+00 1.025810000000000111e+00
2.101220000000000088e+00 2.015859999999999985e+00 1.931869999999999976e+00 1.849290000000000100e+00 1.768029999999999990e+00 1.687880000000000047e+00 1.608540000000000081e+00 1.529779999999999918e+00 1.451440000000000063e+00 1.373529999999999918e+00 1.296440000000000037e+00 1.221489999999999965e+00 1.152400000000000091e+00 1.095320000000000071e+00 1.053209999999999980e+00 1.023649999999999949e+00
2.174160000000000093e+00 2.083000000000000185e+00 1.993309999999999915e+00 1.905200000000000005e+00 1.818750000000000089e+00 1.733910000000000062e+00 1.650460000000000038e+00 1.567989999999999995e+00 1.486110000000000042e+00 1.404630000000000045e+00 1.323739999999999917e+00 1.244340000000000002e+00 1.169049999999999923e+00 1.104079999999999950e+00 1.055940000000000101e+00 1.023749999999999938e+00
1.035919999999999952e+00 1.035309999999999953e+00 1.034699999999999953e+00 1.034089999999999954e+00 1.033449999999999980e+00 1.032799999999999940e+00 1.032119999999999926e+00 1.031409999999999938e+00 1.030690000000000106e+00 1.029940000000000078e+00 1.029190000000000049e+00 1.028450000000000086e+00 1.027740000000000098e+00 1.027079999999999993e+00 1.026489999999999903e+00 1.025970000000000049e+00
2.188439999999999941e+00 2.096519999999999939e+00 2.005990000000000162e+00 1.917000000000000037e+00 1.829569999999999919e+00 1.743600000000000039e+00 1.658819999999999961e+00 1.574829999999999952e+00 1.491330000000000044e+00 1.408330000000000082e+00 1.326089999999999991e+00 1.245500000000000052e+00 1.169200000000000017e+00 1.103730000000000100e+00 1.055509999999999948e+00 1.023379999999999956e+00
3.370480000000000143e+00 3.189929999999999932e+00 3.011680000000000135e+00 2.836050000000000182e+00 2.663279999999999870e+00 2.493450000000000166e+00 2.326470000000000038e+00 2.161869999999999958e+00 1.999079999999999968e+00 1.837429999999999897e+00 1.676479999999999970e+00 1.516140000000000043e+00 1.357040000000000024e+00 1.207279999999999909e+00 1.095069999999999988e+00 1.026100000000000012e+00
2.799209999999999976e+00 2.660460000000000047e+00 2.523750000000000160e+00 2.389310000000000045e+00 2.257299999999999862e+00 2.127650000000000041e+00 2.000129999999999963e+00 1.874249999999999972e+00 1.749470000000000081e+00 1.625429999999999930e+00 1.502089999999999925e+00 1.379869999999999930e+00 1.260620000000000074e+00 1.153729999999999922e+00 1.075260000000000105e+00 1.024399999999999977e+00
1.145599999999999952e+00 1.134220000000000006e+00 1.123410000000000020e+00 1.113159999999999927e+00 1.103420000000000067e+00 1.094109999999999916e+00 1.085169999999999968e+00 1.076540000000000052e+00 1.068149999999999933e+00 1.060009999999999897e+00 1.052149999999999919e+00 1.044569999999999999e+00 1.037260000000000071e+00 1.030410000000000048e+00 1.024540000000000006e+00 1.019879999999999898e+00
3.562019999999999964e+00 3.363469999999999960e+00 3.167769999999999975e+00 2.975280000000000147e+00 2.786329999999999973e+00 2.601100000000000190e+00 2.419550000000000090e+00 2.241239999999999899e+00 2.065599999999999881e+00 1.892079999999999984e+00 1.720220000000000082e+00 1.550000000000000044e+00 1.382660000000000000e+00 1.227020000000000000e+00 1.107299999999999951e+00 1.029849999999999932e+00
1.545509999999999939e+00 1.501859999999999973e+00 1.459030000000000049e+00 1.416930000000000023e+00 1.375420000000000087e+00 1.334389999999999965e+00 1.293819999999999970e+00 1.253800000000000026e+00 1.214720000000000022e+00 1.177300000000000013e+00 1.142549999999999955e+00 1.111339999999999995e+00 1.084039999999999893e+00 1.060670000000000002e+00 1.041190000000000060e+00 1.025069999999999926e+00
1.817469999999999919e+00 1.752590000000000092e+00 1.688860000000000028e+00 1.626370000000000093e+00 1.565120000000000067e+00 1.504990000000000050e+00 1.445740000000000025e+00 1.387150000000000105e+00 1.329080000000000039e+00 1.271660000000000013e+00 1.215440000000000076e+00 1.161810000000000009e+00 1.113480000000000025e+00 1.073050000000000059e+00 1.042180000000000106e+00 1.020459999999999923e+00
1.522329999999999961e+00 1.481530000000000014e+00 1.441529999999999978e+00 1.402220000000000022e+00 1.363459999999999894e+00 1.325099999999999945e+00 1.287009999999999987e+00 1.249230000000000063e+00 1.212029999999999941e+00 1.176029999999999909e+00 1.142060000000000075e+00 1.110959999999999948e+00 1.083180000000000032e+00 1.059020000000000072e+00 1.039209999999999967e+00 1.023490000000000011e+00
3.017570000000000086e+00 2.861899999999999888e+00 2.708509999999999973e+00 2.557690000000000019e+00 2.409670000000000201e+00 2.264369999999999994e+00 2.121609999999999996e+00 1.980860000000000065e+00 1.841539999999999955e+00 1.703160000000000007e+00 1.565569999999999906e+00 1.429100000000000037e+00 1.295420000000000016e+00 1.173880000000000035e+00 1.083539999999999948e+00 1.025239999999999929e+00
1.030010000000000092e+00 1.029740000000000100e+00 1.029479999999999951e+00 1.029209999999999958e+00 1.028939999999999966e+00 1.028659999999999908e+00 1.028370000000000006e+00 1.028059999999999974e+00 1.027730000000000032e+00 1.027390000000000025e+00 1.027030000000000109e+00 1.026669999999999972e+00 1.026310000000000056e+00 1.025959999999999983e+00 1.025660000000000016e+00 1.025409999999999933e+00
1.111779999999999990e+00 1.104349999999999943e+00 1.097329999999999917e+00 1.090689999999999937e+00 1.084359999999999991e+00 1.078259999999999996e+00 1.072319999999999940e+00 1.066440000000000055e+00 1.060610000000000053e+00 1.054820000000000091e+00 1.049099999999999921e+00 1.043460000000000054e+00 1.037910000000000110e+00 1.032520000000000104e+00 1.027879999999999905e+00 1.024270000000000014e+00
2.088229999999999809e+00 2.003200000000000092e+00 1.919669999999999987e+00 1.837660000000000071e+00 1.757069999999999910e+00 1.677680000000000060e+00 1.599189999999999889e+00 1.521379999999999955e+00 1.444090000000000096e+00 1.367410000000000014e+00 1.291879999999999917e+00 1.218990000000000018e+00 1.152519999999999989e+00 1.097690000000000055e+00 1.056550000000000100e+00 1.026750000000000052e+00
1.391529999999999934e+00 1.359860000000000069e+00 1.328859999999999930e+00 1.298440000000000039e+00 1.268510000000000026e+00 1.239000000000000101e+00 1.209929999999999950e+00 1.181459999999999955e+00 1.153920000000000057e+00 1.127799999999999914e+00 1.103639999999999954e+00 1.081870000000000109e+00 1.062599999999999989e+00 1.046059999999999990e+00 1.032450000000000090e+00 1.021320000000000006e+00
1.778240000000000043e+00 1.716970000000000107e+00 1.656910000000000105e+00 1.597990000000000022e+00 1.540070000000000050e+00 1.482960000000000056e+00 1.426409999999999956e+00 1.370309999999999917e+00 1.314680000000000071e+00 1.259830000000000005e+00 1.206569999999999920e+00 1.156430000000000069e+00 1.111799999999999899e+00 1.074880000000000058e+00 1.046340000000000048e+00 1.024729999999999919e+00
2.108470000000000066e+00 2.021599999999999842e+00 1.936190000000000078e+00 1.852360000000000007e+00 1.770159999999999956e+00 1.689519999999999911e+00 1.610170000000000101e+00 1.531749999999999945e+00 1.453969999999999985e+00 1.376749999999999918e+00 1.300429999999999975e+00 1.226250000000000062e+00 1.157350000000000101e+00 1.099299999999999944e+00 1.055579999999999963e+00 1.025320000000000009e+00
2.776730000000000143e+00 2.639879999999999782e+00 2.505050000000000221e+00 2.372409999999999908e+00 2.242100000000000204e+00 2.114020000000000010e+00 1.987919999999999909e+00 1.863480000000000025e+00 1.740250000000000075e+00 1.617779999999999996e+00 1.495989999999999931e+00 1.375350000000000072e+00 1.258000000000000007e+00 1.153419999999999890e+00 1.076289999999999969e+00 1.025449999999999973e+00
1.101890000000000036e+00 1.095390000000000086e+00 1.089239999999999986e+00 1.083390000000000075e+00 1.077790000000000026e+00 1.072349999999999914e+00 1.067010000000000014e+00 1.061709999999999932e+00 1.056449999999999889e+00 1.051250000000000018e+00 1.046130000000000004e+00 1.041109999999999980e+00 1.036219999999999919e+00 1.031579999999999941e+00 1.027509999999999923e+00 1.024100000000000010e+00
2.634590000000000209e+00 2.509599999999999831e+00 2.386429999999999829e+00 2.265219999999999789e+00 2.146030000000000104e+00 2.028680000000000039e+00 1.912860000000000005e+00 1.798240000000000061e+00 1.684339999999999948e+00 1.570859999999999923e+00 1.457859999999999934e+00 1.346000000000000085e+00 1.237719999999999931e+00 1.142509999999999915e+00 1.073169999999999957e+00 1.027160000000000073e+00
1.678169999999999940e+00 1.624600000000000044e+00 1.572179999999999911e+00 1.520920000000000050e+00 1.470800000000000107e+00 1.421640000000000015e+00 1.373240000000000016e+00 1.325360000000000094e+00 1.277940000000000076e+00 1.231170000000000098e+00 1.185619999999999896e+00 1.142379999999999951e+00 1.102940000000000031e+00 1.068920000000000092e+00 1.042450000000000099e+00 1.023379999999999956e+00
1.055479999999999974e+00 1.053080000000000016e+00 1.050699999999999967e+00 1.048340000000000050e+00 1.045979999999999910e+00 1.043600000000000083e+00 1.041190000000000060e+00 1.038769999999999971e+00 1.036340000000000039e+00 1.033919999999999950e+00 1.031549999999999967e+00 1.029239999999999933e+00 1.027050000000000018e+00 1.025009999999999977e+00 1.023160000000000069e+00 1.021509999999999918e+00
2.216740000000000155e+00 2.121799999999999908e+00 2.028620000000000090e+00 1.937170000000000059e+00 1.847339999999999982e+00 1.758829999999999893e+00 1.671300000000000008e+00 1.584440000000000071e+00 1.498029999999999973e+00 1.412199999999999900e+00 1.327509999999999968e+00 1.245540000000000092e+00 1.170330000000000092e+00 1.107259999999999911e+00 1.059360000000000079e+00 1.024629999999999930e+00
3.011600000000000055e+00 2.855919999999999792e+00 2.702980000000000160e+00 2.552960000000000118e+00 2.405899999999999928e+00 2.261569999999999858e+00 2.119569999999999954e+00 1.979379999999999917e+00 1.840340000000000087e+00 1.702010000000000023e+00 1.564359999999999973e+00 1.427999999999999936e+00 1.295479999999999965e+00 1.176930000000000032e+00 1.087190000000000101e+00 1.026059999999999972e+00
3.415010000000000101e+00 3.229870000000000019e+00 3.047190000000000065e+00 2.867290000000000116e+00 2.690459999999999852e+00 2.516770000000000174e+00 2.346150000000000180e+00 2.178209999999999980e+00 2.012389999999999901e+00 1.848079999999999945e+00 1.684870000000000090e+00 1.522720000000000073e+00 1.362579999999999902e+00 1.212660000000000071e+00 1.099069999999999991e+00 1.027509999999999923e+00
2.475140000000000118e+00 2.359329999999999927e+00 2.245569999999999844e+00 2.133980000000000210e+00 2.024589999999999890e+00 1.917210000000000081e+00 1.811579999999999968e+00 1.707200000000000051e+00 1.603630000000000111e+00 1.500660000000000105e+00 1.398590000000000000e+00 1.298629999999999951e+00 1.204329999999999901e+00 1.123459999999999903e+00 1.062789999999999901e+00 1.020459999999999923e+00
2.298970000000000180e+00 2.198589999999999822e+00 2.099810000000000176e+00 2.002780000000000005e+00 1.907559999999999922e+00 1.814049999999999940e+00 1.721999999999999975e+00 1.631050000000000111e+00 1.540829999999999922e+00 1.451109999999999900e+00 1.362069999999999892e+00 1.274550000000000072e+00 1.191040000000000099e+00 1.118710000000000093e+00 1.065379999999999994e+00 1.029179999999999984e+00
1.106759999999999966e+00 1.100139999999999896e+00 1.093730000000000091e+00 1.087530000000000108e+00 1.081469999999999931e+00 1.075530000000000097e+00 1.069669999999999899e+00 1.063900000000000068e+00 1.058210000000000095e+00 1.052650000000000086e+00 1.047290000000000054e+00 1.042170000000000041e+00 1.037360000000000060e+00 1.032960000000000100e+00 1.029150000000000009e+00 1.025919999999999943e+00
1.498690000000000078e+00 1.458369999999999944e+00 1.418959999999999999e+00 1.380489999999999995e+00 1.342899999999999983e+00 1.306040000000000090e+00 1.269800000000000040e+00 1.234099999999999975e+00 1.199049999999999949e+00 1.165049999999999919e+00 1.132819999999999938e+00 1.103280000000000038e+00 1.076940000000000008e+00 1.054249999999999909e+00 1.036289999999999933e+00 1.022750000000000048e+00
1.084170000000000078e+00 1.079469999999999930e+00 1.075039999999999996e+00 1.070810000000000040e+00 1.066740000000000022e+00 1.062759999999999927e+00 1.058799999999999963e+00 1.054810000000000025e+00 1.050780000000000047e+00 1.046720000000000095e+00 1.042650000000000077e+00 1.038589999999999902e+00 1.034569999999999990e+00 1.030739999999999990e+00 1.027470000000000105e+00 1.024909999999999988e+00
1.602999999999999980e+00 1.554580000000000073e+00 1.507139999999999924e+00 1.460620000000000029e+00 1.414909999999999890e+00 1.369860000000000078e+00 1.325339999999999963e+00 1.281309999999999949e+00 1.237989999999999924e+00 1.195969999999999978e+00 1.156360000000000054e+00 1.120470000000000077e+00 1.088950000000000085e+00 1.061989999999999990e+00 1.040129999999999999e+00 1.022839999999999971e+00
1.675610000000000044e+00 1.621269999999999989e+00 1.567960000000000020e+00 1.515810000000000102e+00 1.464900000000000091e+00 1.415180000000000105e+00 1.366479999999999917e+00 1.318589999999999929e+00 1.271320000000000006e+00 1.224779999999999980e+00 1.179529999999999967e+00 1.136800000000000033e+00 1.098389999999999977e+00 1.065569999999999906e+00 1.039719999999999978e+00 1.021760000000000002e+00
1.075339999999999963e+00 1.070950000000000069e+00 1.066769999999999996e+00 1.062740000000000018e+00 1.058840000000000003e+00 1.054990000000000094e+00 1.051150000000000029e+00 1.047309999999999963e+00 1.043430000000000080e+00 1.039549999999999974e+00 1.035690000000000000e+00 1.031900000000000039e+00 1.028180000000000094e+00 1.024610000000000021e+00 1.021509999999999918e+00 1.019020000000000037e+00
2.302130000000000010e+00 2.202339999999999964e+00 2.104010000000000158e+00 2.007309999999999928e+00 1.912290000000000045e+00 1.818750000000000089e+00 1.726390000000000091e+00 1.634740000000000082e+00 1.543360000000000065e+00 1.452090000000000103e+00 1.361140000000000017e+00 1.271409999999999929e+00 1.185559999999999947e+00 1.111329999999999929e+00 1.057509999999999950e+00 1.022469999999999990e+00
2.661570000000000213e+00 2.533900000000000041e+00 2.407760000000000122e+00 2.283469999999999889e+00 2.161290000000000155e+00 2.041329999999999867e+00 1.923620000000000108e+00 1.807770000000000099e+00 1.693200000000000038e+00 1.579429999999999890e+00 1.466290000000000093e+00 1.354130000000000056e+00 1.244580000000000020e+00 1.144360000000000044e+00 1.068950000000000067e+00 1.022659999999999902e+00
1.198209999999999997e+00 1.182209999999999983e+00 1.166900000000000048e+00 1.152309999999999945e+00 1.138430000000000053e+00 1.125170000000000003e+00 1.112489999999999979e+00 1.100309999999999899e+00 1.088610000000000078e+00 1.077420000000000044e+00 1.066719999999999891e+00 1.056559999999999944e+00 1.047020000000000062e+00 1.038079999999999892e+00 1.030140000000000056e+00 1.023579999999999934e+00
2.728279999999999816e+00 2.595680000000000209e+00 2.464949999999999974e+00 2.336460000000000203e+00 2.210529999999999884e+00 2.087239999999999984e+00 1.966529999999999889e+00 1.847750000000000004e+00 1.730029999999999957e+00 1.612859999999999960e+00 1.496110000000000051e+00 1.380430000000000046e+00 1.267269999999999897e+00 1.161699999999999955e+00 1.079420000000000046e+00 1.027940000000000076e+00
4.308209999999999873e+00 4.055869999999999642e+00 3.806229999999999780e+00 3.559880000000000155e+00 3.317359999999999864e+00 3.079159999999999897e+00 2.845549999999999802e+00 2.616509999999999891e+00 2.391309999999999825e+00 2.169109999999999872e+00 1.949089999999999989e+00 1.730769999999999920e+00 1.513870000000000049e+00 1.301670000000000105e+00 1.128260000000000041e+00 1.025689999999999991e+00
3.222109999999999808e+00 3.051649999999999974e+00 2.883319999999999883e+00 2.717550000000000132e+00 2.554720000000000102e+00 2.394989999999999952e+00 2.238309999999999800e+00 2.084159999999999791e+00 1.931729999999999947e+00 1.780389999999999917e+00 1.629899999999999904e+00 1.480609999999999982e+00 1.333530000000000104e+00 1.194709999999999939e+00 1.088340000000000085e+00 1.022990000000000066e+00
1.068310000000000093e+00 1.064200000000000035e+00 1.060319999999999929e+00 1.056659999999999933e+00 1.053180000000000005e+00 1.049830000000000041e+00 1.046550000000000091e+00 1.043269999999999920e+00 1.039970000000000061e+00 1.036620000000000097e+00 1.033250000000000002e+00 1.029870000000000063e+00 1.026529999999999943e+00 1.023300000000000098e+00 1.020469999999999988e+00 1.018219999999999903e+00
4.760270000000000223e+00 4.471860000000000390e+00 4.186410000000000409e+00 3.904560000000000031e+00 3.626999999999999780e+00 3.354359999999999786e+00 3.087180000000000035e+00 2.825480000000000214e+00 2.568639999999999812e+00 2.316059999999999786e+00 2.067260000000000097e+00 1.821830000000000060e+00 1.579329999999999901e+00 1.342479999999999896e+00 1.146339999999999915e+00 1.028370000000000006e+00
1.559109999999999996e+00 1.513910000000000089e+00 1.469659999999999966e+00 1.426350000000000007e+00 1.383879999999999999e+00 1.342109999999999914e+00 1.300929999999999920e+00 1.260359999999999925e+00 1.220579999999999998e+00 1.182069999999999954e+00 1.145759999999999890e+00 1.112679999999999891e+00 1.083609999999999962e+00 1.058840000000000003e+00 1.038799999999999946e+00 1.022950000000000026e+00
1.916630000000000056e+00 1.844160000000000021e+00 1.772880000000000011e+00 1.702990000000000004e+00 1.634619999999999962e+00 1.567739999999999911e+00 1.502210000000000045e+00 1.437689999999999912e+00 1.373820000000000041e+00 1.310519999999999907e+00 1.248099999999999987e+00 1.187640000000000029e+00 1.131450000000000067e+00 1.083080000000000043e+00 1.045639999999999903e+00 1.020659999999999901e+00
1.313520000000000021e+00 1.289050000000000029e+00 1.265260000000000051e+00 1.242089999999999916e+00 1.219470000000000054e+00 1.197300000000000031e+00 1.175540000000000029e+00 1.154209999999999958e+00 1.133480000000000043e+00 1.113590000000000080e+00 1.094789999999999930e+00 1.077329999999999899e+00 1.061209999999999987e+00 1.046429999999999971e+00 1.034019999999999939e+00 1.024289999999999923e+00
3.000779999999999781e+00 2.846680000000000099e+00 2.694539999999999935e+00 2.544779999999999820e+00 2.397780000000000022e+00 2.253699999999999815e+00 2.112470000000000070e+00 1.973619999999999930e+00 1.836370000000000058e+00 1.700120000000000076e+00 1.564710000000000045e+00 1.430600000000000094e+00 1.299320000000000030e+00 1.177710000000000035e+00 1.085090000000000110e+00 1.027269999999999905e+00
1.092359999999999998e+00 1.086540000000000061e+00 1.081020000000000092e+00 1.075769999999999893e+00 1.070750000000000091e+00 1.065909999999999913e+00 1.061190000000000078e+00 1.056550000000000100e+00 1.051970000000000072e+00 1.047460000000000058e+00 1.043050000000000033e+00 1.038750000000000062e+00 1.034599999999999964e+00 1.030610000000000026e+00 1.026960000000000095e+00 1.023849999999999927e+00
1.403610000000000024e+00 1.370970000000000022e+00 1.339190000000000103e+00 1.308329999999999993e+00 1.278370000000000006e+00 1.249219999999999997e+00 1.220739999999999936e+00 1.192830000000000057e+00 1.165540000000000020e+00 1.139119999999999910e+00 1.113979999999999970e+00 1.090589999999999948e+00 1.069290000000000074e+00 1.050200000000000022e+00 1.034859999999999891e+00 1.023749999999999938e+00
1.646630000000000038e+00 1.595099999999999962e+00 1.544610000000000039e+00 1.495219999999999994e+00 1.446909999999999918e+00 1.399480000000000057e+00 1.352719999999999922e+00 1.306440000000000046e+00 1.260680000000000023e+00 1.215770000000000017e+00 1.172479999999999967e+00 1.132249999999999979e+00 1.096530000000000005e+00 1.066040000000000099e+00 1.042040000000000077e+00 1.024659999999999904e+00
1.879839999999999955e+00 1.810149999999999926e+00 1.741749999999999909e+00 1.674630000000000063e+00 1.608700000000000019e+00 1.543730000000000047e+00 1.479519999999999946e+00 1.415880000000000027e+00 1.352719999999999922e+00 1.290380000000000082e+00 1.229780000000000095e+00 1.172700000000000076e+00 1.121869999999999923e+00 1.079620000000000024e+00 1.047190000000000065e+00 1.023169999999999913e+00
1.961060000000000025e+00 1.885399999999999965e+00 1.811080000000000023e+00 1.738120000000000109e+00 1.666449999999999987e+00 1.595830000000000082e+00 1.526019999999999932e+00 1.456769999999999898e+00 1.387960000000000083e+00 1.319790000000000019e+00 1.253049999999999997e+00 1.189459999999999962e+00 1.132249999999999979e+00 1.084570000000000034e+00 1.048410000000000064e+00 1.022180000000000089e+00
2.544750000000000068e+00 2.425640000000000018e+00 2.307970000000000077e+00 2.192079999999999806e+00 2.078219999999999956e+00 1.966469999999999940e+00 1.856849999999999890e+00 1.748990000000000045e+00 1.642260000000000053e+00 1.536270000000000024e+00 1.430930000000000035e+00 1.326780000000000070e+00 1.225829999999999975e+00 1.135049999999999892e+00 1.066189999999999971e+00 1.023260000000000058e+00
2.594120000000000203e+00 2.471119999999999983e+00 2.349749999999999783e+00 2.230300000000000171e+00 2.112969999999999793e+00 1.997800000000000020e+00 1.884619999999999962e+00 1.773009999999999975e+00 1.662490000000000023e+00 1.552729999999999944e+00 1.443740000000000023e+00 1.336019999999999985e+00 1.231389999999999985e+00 1.137939999999999952e+00 1.069469999999999921e+00 1.025330000000000075e+00
1.060619999999999896e+00 1.057690000000000019e+00 1.054880000000000040e+00 1.052159999999999984e+00 1.049490000000000034e+00 1.046829999999999927e+00 1.044149999999999912e+00 1.041420000000000012e+00 1.038659999999999917e+00 1.035870000000000068e+00 1.033069999999999933e+00 1.030280000000000085e+00 1.027509999999999923e+00 1.024839999999999973e+00 1.022520000000000095e+00 1.020650000000000057e+00
3.234529999999999905e+00 3.061799999999999855e+00 2.891500000000000181e+00 2.723949999999999871e+00 2.559550000000000214e+00 2.398309999999999942e+00 2.240089999999999915e+00 2.084420000000000162e+00 1.930739999999999901e+00 1.778620000000000090e+00 1.627909999999999968e+00 1.478890000000000038e+00 1.332600000000000007e+00 1.197349999999999914e+00 1.095439999999999969e+00 1.029649999999999954e+00
1.849620000000000042e+00 1.781369999999999898e+00 1.714320000000000066e+00 1.648619999999999974e+00 1.584349999999999925e+00 1.521470000000000100e+00 1.459850000000000092e+00 1.399189999999999934e+00 1.339290000000000092e+00 1.280219999999999914e+00 1.222469999999999946e+00 1.167259999999999964e+00 1.116940000000000044e+00 1.074330000000000007e+00 1.041700000000000070e+00 1.018929999999999891e+00
1.070119999999999960e+00 1.066540000000000044e+00 1.063090000000000090e+00 1.059719999999999995e+00 1.056400000000000006e+00 1.053099999999999925e+00 1.049800000000000066e+00 1.046499999999999986e+00 1.043209999999999971e+00 1.039959999999999996e+00 1.036769999999999969e+00 1.033670000000000089e+00 1.030669999999999975e+00 1.027819999999999956e+00 1.025249999999999995e+00 1.023030000000000106e+00
2.922930000000000028e+00 2.774700000000000166e+00 2.628859999999999975e+00 2.485669999999999824e+00 2.345169999999999977e+00 2.207149999999999945e+00 2.071229999999999905e+00 1.936830000000000052e+00 1.803360000000000074e+00 1.670430000000000081e+00 1.538159999999999972e+00 1.407329999999999970e+00 1.280489999999999906e+00 1.166809999999999903e+00 1.081890000000000018e+00 1.025630000000000042e+00
3.266560000000000130e+00 3.092150000000000176e+00 2.920409999999999950e+00 2.751609999999999889e+00 2.585890000000000022e+00 2.423080000000000123e+00 2.262820000000000054e+00 2.104499999999999815e+00 1.947440000000000060e+00 1.791130000000000111e+00 1.635399999999999965e+00 1.480569999999999942e+00 1.328200000000000047e+00 1.188399999999999901e+00 1.084559999999999969e+00 1.018459999999999921e+00
3.081640000000000157e+00 2.921710000000000029e+00 2.763599999999999834e+00 2.607660000000000089e+00 2.454250000000000043e+00 2.303580000000000183e+00 2.155670000000000197e+00 2.010219999999999896e+00 1.866679999999999895e+00 1.724609999999999976e+00 1.583749999999999991e+00 1.444329999999999892e+00 1.307700000000000085e+00 1.180430000000000090e+00 1.083320000000000061e+00 1.023840000000000083e+00
2.276670000000000194e+00 2.175370000000000026e+00 2.075750000000000206e+00 1.978129999999999944e+00 1.882689999999999975e+00 1.789460000000000051e+00 1.698229999999999906e+00 1.608600000000000030e+00 1.520089999999999941e+00 1.432479999999999976e+00 1.345920000000000005e+00 1.261390000000000011e+00 1.181489999999999929e+00 1.111969999999999903e+00 1.058799999999999963e+00 1.022329999999999961e+00
2.608429999999999804e+00 2.483989999999999920e+00 2.361130000000000173e+00 2.240190000000000126e+00 2.121399999999999952e+00 2.004879999999999995e+00 1.890560000000000018e+00 1.778019999999999934e+00 1.666639999999999899e+00 1.555970000000000075e+00 1.445850000000000080e+00 1.336840000000000028e+00 1.231000000000000094e+00 1.136030000000000095e+00 1.065269999999999939e+00 1.020809999999999995e+00
1.054310000000000080e+00 1.052259999999999973e+00 1.050249999999999906e+00 1.048270000000000035e+00 1.046300000000000008e+00 1.044300000000000006e+00 1.042289999999999939e+00 1.040240000000000054e+00 1.038170000000000037e+00 1.036089999999999955e+00 1.034040000000000070e+00 1.032019999999999937e+00 1.030070000000000041e+00 1.028200000000000003e+00 1.026550000000000074e+00 1.025150000000000006e+00
1.469759999999999955e+00 1.431289999999999951e+00 1.393809999999999993e+00 1.357420000000000071e+00 1.322119999999999962e+00 1.287809999999999899e+00 1.254329999999999945e+00 1.221519999999999939e+00 1.189440000000000053e+00 1.158449999999999980e+00 1.129170000000000007e+00 1.102370000000000072e+00 1.078370000000000051e+00 1.056969999999999965e+00 1.039120000000000044e+00 1.025719999999999965e+00
1.198409999999999975e+00 1.182330000000000103e+00 1.166860000000000008e+00 1.152050000000000018e+00 1.137890000000000068e+00 1.124330000000000052e+00 1.111299999999999955e+00 1.098789999999999933e+00 1.086799999999999988e+00 1.075350000000000028e+00 1.064459999999999962e+00 1.054159999999999986e+00 1.044519999999999893e+00 1.035819999999999963e+00 1.028620000000000090e+00 1.022909999999999986e+00
1.517439999999999900e+00 1.474839999999999929e+00 1.433289999999999953e+00 1.392819999999999947e+00 1.353399999999999936e+00 1.314950000000000063e+00 1.277360000000000051e+00 1.240550000000000042e+00 1.204709999999999948e+00 1.170230000000000103e+00 1.137769999999999948e+00 1.108200000000000074e+00 1.081939999999999902e+00 1.059109999999999996e+00 1.040340000000000042e+00 1.025530000000000053e+00
