1.411829999999999918e+00 1.378460000000000019e+00 1.346049999999999969e+00 1.314570000000000016e+00 1.283959999999999990e+00 1.254129999999999967e+00 1.224939999999999918e+00 1.196350000000000025e+00 1.168509999999999938e+00 1.141739999999999977e+00 1.116540000000000088e+00 1.093339999999999979e+00 1.072410000000000085e+00 1.053970000000000073e+00 1.039020000000000055e+00 1.027740000000000098e+00
1.250899999999999901e+00 1.231160000000000032e+00 1.212040000000000006e+00 1.193540000000000045e+00 1.175589999999999913e+00 1.158169999999999922e+00 1.141240000000000032e+00 1.124800000000000022e+00 1.108980000000000077e+00 1.093939999999999912e+00 1.079790000000000028e+00 1.066599999999999993e+00 1.054349999999999898e+00 1.043150000000000022e+00 1.033619999999999983e+00 1.026070000000000038e+00
2.202970000000000095e+00 2.110349999999999948e+00 2.019210000000000171e+00 1.929610000000000047e+00 1.841539999999999955e+00 1.754839999999999955e+00 1.669159999999999977e+00 1.584109999999999907e+00 1.499319999999999986e+00 1.414719999999999978e+00 1.330619999999999914e+00 1.248099999999999987e+00 1.170250000000000012e+00 1.104249999999999954e+00 1.056030000000000024e+00 1.023730000000000029e+00
2.482530000000000125e+00 2.368119999999999781e+00 2.255409999999999915e+00 2.144540000000000113e+00 2.035690000000000222e+00 1.928840000000000110e+00 1.823819999999999997e+00 1.720269999999999966e+00 1.617609999999999992e+00 1.515390000000000015e+00 1.413610000000000033e+00 1.312959999999999905e+00 1.215899999999999981e+00 1.129909999999999970e+00 1.065690000000000026e+00 1.024089999999999945e+00
1.090729999999999977e+00 1.085450000000000026e+00 1.080430000000000001e+00 1.075649999999999995e+00 1.071020000000000083e+00 1.066510000000000069e+00 1.062079999999999913e+00 1.057670000000000110e+00 1.053269999999999929e+00 1.048880000000000035e+00 1.044540000000000024e+00 1.040289999999999937e+00 1.036189999999999944e+00 1.032340000000000035e+00 1.028939999999999966e+00 1.026080000000000103e+00
1.743349999999999955e+00 1.684590000000000032e+00 1.626910000000000078e+00 1.570359999999999978e+00 1.514960000000000084e+00 1.460620000000000029e+00 1.407149999999999901e+00 1.354319999999999968e+00 1.301970000000000072e+00 1.250250000000000083e+00 1.199759999999999938e+00 1.151780000000000026e+00 1.108360000000000012e+00 1.071280000000000010e+00 1.042699999999999960e+00 1.022899999999999920e+00
3.316429999999999989e+00 3.140890000000000182e+00 2.967540000000000067e+00 2.796689999999999898e+00 2.628559999999999786e+00 2.463260000000000005e+00 2.300689999999999902e+00 2.140400000000000080e+00 1.981619999999999937e+00 1.823639999999999928e+00 1.665980000000000016e+00 1.508739999999999970e+00 1.352749999999999897e+00 1.205279999999999907e+00 1.093429999999999902e+00 1.026000000000000023e+00
2.505889999999999951e+00 2.388850000000000140e+00 2.273670000000000080e+00 2.160509999999999931e+00 2.049529999999999852e+00 1.940649999999999986e+00 1.833650000000000002e+00 1.728110000000000035e+00 1.623469999999999969e+00 1.519430000000000058e+00 1.416120000000000045e+00 1.314270000000000049e+00 1.216439999999999966e+00 1.130530000000000035e+00 1.066599999999999993e+00 1.024100000000000010e+00
1.307679999999999954e+00 1.282080000000000108e+00 1.257239999999999913e+00 1.233179999999999943e+00 1.209859999999999935e+00 1.187259999999999982e+00 1.165340000000000042e+00 1.144099999999999895e+00 1.123690000000000078e+00 1.104289999999999994e+00 1.086200000000000054e+00 1.069499999999999895e+00 1.054259999999999975e+00 1.040569999999999995e+00 1.029029999999999889e+00 1.020059999999999967e+00
3.660750000000000171e+00 3.455340000000000078e+00 3.252749999999999808e+00 3.053350000000000009e+00 2.857540000000000191e+00 2.665509999999999824e+00 2.477289999999999992e+00 2.292609999999999815e+00 2.110720000000000152e+00 1.930940000000000101e+00 1.752799999999999914e+00 1.576359999999999983e+00 1.402779999999999916e+00 1.239440000000000097e+00 1.111320000000000086e+00 1.029940000000000078e+00
1.598670000000000035e+00 1.550510000000000055e+00 1.503409999999999913e+00 1.457330000000000014e+00 1.412130000000000107e+00 1.367650000000000032e+00 1.323720000000000008e+00 1.280340000000000034e+00 1.237710000000000088e+00 1.196409999999999973e+00 1.157489999999999908e+00 1.122079999999999966e+00 1.090919999999999890e+00 1.064249999999999918e+00 1.042450000000000099e+00 1.025109999999999966e+00
1.867480000000000029e+00 1.798340000000000050e+00 1.730420000000000069e+00 1.663810000000000011e+00 1.598540000000000072e+00 1.534540000000000015e+00 1.471589999999999954e+00 1.409480000000000066e+00 1.348000000000000087e+00 1.287220000000000031e+00 1.227700000000000014e+00 1.170800000000000063e+00 1.119399999999999951e+00 1.076480000000000103e+00 1.043630000000000058e+00 1.020520000000000094e+00
1.514969999999999928e+00 1.473309999999999897e+00 1.432660000000000045e+00 1.392980000000000107e+00 1.354160000000000030e+00 1.316079999999999917e+00 1.278659999999999908e+00 1.241919999999999913e+00 1.206080000000000041e+00 1.171650000000000080e+00 1.139259999999999939e+00 1.109529999999999905e+00 1.082829999999999959e+00 1.059309999999999974e+00 1.039509999999999934e+00 1.023509999999999920e+00
2.810379999999999878e+00 2.670030000000000125e+00 2.531849999999999934e+00 2.396049999999999791e+00 2.262830000000000119e+00 2.132150000000000212e+00 2.003829999999999778e+00 1.877380000000000049e+00 1.752189999999999914e+00 1.627769999999999939e+00 1.504119999999999902e+00 1.381839999999999957e+00 1.263099999999999890e+00 1.156590000000000007e+00 1.077020000000000088e+00 1.025009999999999977e+00
1.049239999999999950e+00 1.047590000000000021e+00 1.045989999999999975e+00 1.044419999999999904e+00 1.042869999999999964e+00 1.041320000000000023e+00 1.039740000000000109e+00 1.038129999999999997e+00 1.036480000000000068e+00 1.034790000000000099e+00 1.033079999999999998e+00 1.031369999999999898e+00 1.029679999999999929e+00 1.028059999999999974e+00 1.026650000000000063e+00 1.025460000000000038e+00
1.710509999999999975e+00 1.653620000000000090e+00 1.597939999999999916e+00 1.543509999999999938e+00 1.490350000000000064e+00 1.438379999999999992e+00 1.387399999999999967e+00 1.337120000000000086e+00 1.287479999999999958e+00 1.238650000000000029e+00 1.191249999999999920e+00 1.146500000000000075e+00 1.106190000000000007e+00 1.071709999999999940e+00 1.044569999999999999e+00 1.024939999999999962e+00
2.126860000000000195e+00 2.038419999999999899e+00 1.951580000000000092e+00 1.866419999999999968e+00 1.782920000000000060e+00 1.700930000000000053e+00 1.620149999999999979e+00 1.540249999999999897e+00 1.460890000000000022e+00 1.382130000000000081e+00 1.304489999999999927e+00 1.229360000000000008e+00 1.159969999999999946e+00 1.101590000000000069e+00 1.057739999999999903e+00 1.026780000000000026e+00
1.418649999999999967e+00 1.384579999999999922e+00 1.351290000000000102e+00 1.318759999999999932e+00 1.286890000000000089e+00 1.255570000000000075e+00 1.224720000000000031e+00 1.194420000000000037e+00 1.164919999999999956e+00 1.136730000000000018e+00 1.110510000000000108e+00 1.086850000000000094e+00 1.065989999999999993e+00 1.047949999999999937e+00 1.033139999999999947e+00 1.021339999999999915e+00
1.671380000000000088e+00 1.617660000000000098e+00 1.565120000000000067e+00 1.513730000000000020e+00 1.463430000000000009e+00 1.414039999999999964e+00 1.365329999999999933e+00 1.317129999999999912e+00 1.269460000000000033e+00 1.222730000000000095e+00 1.177850000000000064e+00 1.136220000000000008e+00 1.099310000000000009e+00 1.068089999999999984e+00 1.043369999999999909e+00 1.024610000000000021e+00
2.151260000000000172e+00 2.061669999999999892e+00 1.973500000000000032e+00 1.886879999999999891e+00 1.801889999999999992e+00 1.718490000000000073e+00 1.636449999999999960e+00 1.555439999999999934e+00 1.475049999999999972e+00 1.395089999999999941e+00 1.315849999999999964e+00 1.238369999999999971e+00 1.165519999999999889e+00 1.103320000000000078e+00 1.056629999999999958e+00 1.025330000000000075e+00
2.331830000000000069e+00 2.228610000000000202e+00 2.127089999999999925e+00 2.027330000000000076e+00 1.929440000000000044e+00 1.833309999999999995e+00 1.738699999999999912e+00 1.645210000000000061e+00 1.552340000000000053e+00 1.459870000000000001e+00 1.367939999999999934e+00 1.277579999999999938e+00 1.191889999999999894e+00 1.117580000000000018e+00 1.062070000000000070e+00 1.024929999999999897e+00
1.287679999999999936e+00 1.264189999999999925e+00 1.241470000000000073e+00 1.219489999999999963e+00 1.198250000000000037e+00 1.177680000000000060e+00 1.157790000000000097e+00 1.138540000000000108e+00 1.120069999999999899e+00 1.102489999999999970e+00 1.085990000000000011e+00 1.070640000000000036e+00 1.056510000000000060e+00 1.043719999999999981e+00 1.032890000000000086e+00 1.024319999999999897e+00
3.340500000000000025e+00 3.159320000000000128e+00 2.980830000000000091e+00 2.805320000000000036e+00 2.633030000000000204e+00 2.464049999999999851e+00 2.298220000000000152e+00 2.135079999999999867e+00 1.973959999999999937e+00 1.814259999999999984e+00 1.655680000000000041e+00 1.498639999999999972e+00 1.345280000000000031e+00 1.204900000000000082e+00 1.097879999999999967e+00 1.028049999999999908e+00
1.958739999999999926e+00 1.883059999999999956e+00 1.808859999999999912e+00 1.736229999999999940e+00 1.665180000000000105e+00 1.595579999999999998e+00 1.527220000000000022e+00 1.459750000000000103e+00 1.392910000000000093e+00 1.326729999999999965e+00 1.261749999999999927e+00 1.199160000000000004e+00 1.141150000000000109e+00 1.090799999999999992e+00 1.051490000000000036e+00 1.023719999999999963e+00
1.176530000000000076e+00 1.162539999999999907e+00 1.149089999999999945e+00 1.136169999999999902e+00 1.123750000000000027e+00 1.111809999999999965e+00 1.100330000000000030e+00 1.089290000000000092e+00 1.078699999999999992e+00 1.068610000000000060e+00 1.059069999999999956e+00 1.050119999999999942e+00 1.041779999999999928e+00 1.034080000000000110e+00 1.027320000000000011e+00 1.021689999999999987e+00
2.821029999999999927e+00 2.680120000000000058e+00 2.541710000000000136e+00 2.405920000000000059e+00 2.272810000000000219e+00 2.142220000000000013e+00 2.013700000000000045e+00 1.886670000000000069e+00 1.760469999999999979e+00 1.634719999999999951e+00 1.509619999999999962e+00 1.386160000000000059e+00 1.266899999999999915e+00 1.160260000000000069e+00 1.079290000000000083e+00 1.025309999999999944e+00
3.416910000000000114e+00 3.229960000000000164e+00 3.046139999999999848e+00 2.865769999999999929e+00 2.689080000000000137e+00 2.516109999999999847e+00 2.346569999999999823e+00 2.179829999999999934e+00 2.015019999999999811e+00 1.851299999999999946e+00 1.688250000000000028e+00 1.526010000000000089e+00 1.366000000000000103e+00 1.216739999999999933e+00 1.101280000000000037e+00 1.026480000000000059e+00
4.135139999999999816e+00 3.894849999999999923e+00 3.657599999999999962e+00 3.423799999999999955e+00 3.193900000000000183e+00 2.968140000000000001e+00 2.746599999999999930e+00 2.529059999999999864e+00 2.314789999999999903e+00 2.102970000000000006e+00 1.893019999999999925e+00 1.684779999999999944e+00 1.478760000000000074e+00 1.281630000000000047e+00 1.125129999999999963e+00 1.028340000000000032e+00
2.218640000000000168e+00 2.122189999999999799e+00 2.027620000000000200e+00 1.935040000000000093e+00 1.844489999999999963e+00 1.755779999999999896e+00 1.668609999999999927e+00 1.582510000000000083e+00 1.497060000000000057e+00 1.412120000000000042e+00 1.328100000000000058e+00 1.246310000000000029e+00 1.169990000000000085e+00 1.104940000000000033e+00 1.055320000000000036e+00 1.020170000000000021e+00
2.336759999999999948e+00 2.233400000000000052e+00 2.131699999999999928e+00 2.031820000000000181e+00 1.933850000000000069e+00 1.837730000000000086e+00 1.743209999999999926e+00 1.649890000000000079e+00 1.557239999999999958e+00 1.465039999999999898e+00 1.373450000000000060e+00 1.283390000000000031e+00 1.197510000000000074e+00 1.122719999999999940e+00 1.066759999999999931e+00 1.029220000000000024e+00
1.160649999999999959e+00 1.148730000000000029e+00 1.137240000000000029e+00 1.126190000000000024e+00 1.115510000000000002e+00 1.105169999999999986e+00 1.095140000000000002e+00 1.085420000000000051e+00 1.076040000000000108e+00 1.067069999999999963e+00 1.058570000000000011e+00 1.050640000000000018e+00 1.043339999999999934e+00 1.036739999999999995e+00 1.030950000000000033e+00 1.026000000000000023e+00
1.168870000000000076e+00 1.155620000000000092e+00 1.142949999999999910e+00 1.130859999999999976e+00 1.119320000000000093e+00 1.108260000000000023e+00 1.097639999999999949e+00 1.087380000000000013e+00 1.077450000000000019e+00 1.067870000000000097e+00 1.058689999999999909e+00 1.049940000000000095e+00 1.041660000000000030e+00 1.034049999999999914e+00 1.027590000000000003e+00 1.022389999999999910e+00
1.149690000000000101e+00 1.138540000000000108e+00 1.127920000000000034e+00 1.117809999999999970e+00 1.108200000000000074e+00 1.098980000000000068e+00 1.090090000000000003e+00 1.081429999999999891e+00 1.072980000000000045e+00 1.064759999999999929e+00 1.056789999999999896e+00 1.049099999999999921e+00 1.041770000000000085e+00 1.035069999999999935e+00 1.029449999999999976e+00 1.024999999999999911e+00
1.701370000000000049e+00 1.644970000000000043e+00 1.589809999999999945e+00 1.535879999999999912e+00 1.483119999999999994e+00 1.431359999999999966e+00 1.380379999999999940e+00 1.330000000000000071e+00 1.280180000000000096e+00 1.231260000000000021e+00 1.184150000000000036e+00 1.140400000000000080e+00 1.101769999999999916e+00 1.068990000000000107e+00 1.042810000000000015e+00 1.022929999999999895e+00
1.579919999999999991e+00 1.532599999999999962e+00 1.486169999999999991e+00 1.440790000000000015e+00 1.396579999999999933e+00 1.353569999999999940e+00 1.311770000000000103e+00 1.271050000000000013e+00 1.231260000000000021e+00 1.192390000000000061e+00 1.154840000000000089e+00 1.119529999999999914e+00 1.087739999999999929e+00 1.060210000000000097e+00 1.037469999999999892e+00 1.021640000000000104e+00
1.409869999999999957e+00 1.375769999999999937e+00 1.342600000000000016e+00 1.310389999999999944e+00 1.279150000000000009e+00 1.248860000000000081e+00 1.219419999999999948e+00 1.190749999999999975e+00 1.162849999999999939e+00 1.135930000000000106e+00 1.110430000000000028e+00 1.086859999999999937e+00 1.065520000000000023e+00 1.046459999999999946e+00 1.030729999999999924e+00 1.019390000000000018e+00
1.895140000000000047e+00 1.824570000000000025e+00 1.755200000000000093e+00 1.687149999999999928e+00 1.620509999999999895e+00 1.555290000000000061e+00 1.491319999999999979e+00 1.428330000000000100e+00 1.365930000000000089e+00 1.303930000000000033e+00 1.242650000000000032e+00 1.183189999999999964e+00 1.128169999999999895e+00 1.081490000000000062e+00 1.046010000000000106e+00 1.022040000000000060e+00
2.189459999999999962e+00 2.096890000000000143e+00 2.005469999999999864e+00 1.915370000000000017e+00 1.826829999999999954e+00 1.740019999999999900e+00 1.654989999999999961e+00 1.571590000000000042e+00 1.489489999999999981e+00 1.408190000000000053e+00 1.327620000000000022e+00 1.248490000000000100e+00 1.173229999999999995e+00 1.107089999999999907e+00 1.055260000000000087e+00 1.022129999999999983e+00
1.059099999999999930e+00 1.056410000000000071e+00 1.053819999999999979e+00 1.051320000000000032e+00 1.048910000000000009e+00 1.046559999999999935e+00 1.044240000000000057e+00 1.041909999999999892e+00 1.039560000000000040e+00 1.037179999999999991e+00 1.034769999999999968e+00 1.032359999999999944e+00 1.029959999999999987e+00 1.027590000000000003e+00 1.025330000000000075e+00 1.023369999999999891e+00
3.167629999999999946e+00 3.005199999999999871e+00 2.844259999999999788e+00 2.685119999999999951e+00 2.528140000000000054e+00 2.373709999999999987e+00 2.222140000000000004e+00 2.073389999999999844e+00 1.926840000000000108e+00 1.781330000000000080e+00 1.636179999999999968e+00 1.491449999999999942e+00 1.348130000000000051e+00 1.210110000000000019e+00 1.095339999999999980e+00 1.028259999999999952e+00
5.664320000000000022e+00 5.315590000000000259e+00 4.969699999999999562e+00 4.627209999999999823e+00 4.288750000000000284e+00 3.955070000000000086e+00 3.626949999999999896e+00 3.304889999999999883e+00 2.988970000000000127e+00 2.678189999999999849e+00 2.371119999999999894e+00 2.066679999999999851e+00 1.764000000000000012e+00 1.463060000000000027e+00 1.187810000000000032e+00 1.026999999999999913e+00
2.601679999999999993e+00 2.478920000000000012e+00 2.357429999999999914e+00 2.237480000000000135e+00 2.119349999999999845e+00 2.003280000000000172e+00 1.889429999999999943e+00 1.777679999999999927e+00 1.667519999999999891e+00 1.558310000000000084e+00 1.449729999999999963e+00 1.342209999999999903e+00 1.237470000000000070e+00 1.141389999999999905e+00 1.067299999999999915e+00 1.022180000000000089e+00
1.216320000000000068e+00 1.197680000000000078e+00 1.179789999999999894e+00 1.162719999999999976e+00 1.146500000000000075e+00 1.131119999999999903e+00 1.116549999999999931e+00 1.102740000000000054e+00 1.089599999999999902e+00 1.077090000000000103e+00 1.065199999999999925e+00 1.053979999999999917e+00 1.043430000000000080e+00 1.033609999999999918e+00 1.024990000000000068e+00 1.018389999999999906e+00
5.430719999999999992e+00 5.094839999999999591e+00 4.761919999999999931e+00 4.432409999999999961e+00 4.106989999999999696e+00 3.786430000000000184e+00 3.471579999999999888e+00 3.163100000000000023e+00 2.860980000000000079e+00 2.564259999999999984e+00 2.272120000000000140e+00 1.984320000000000084e+00 1.701189999999999980e+00 1.424600000000000088e+00 1.176940000000000097e+00 1.028999999999999915e+00
2.662479999999999958e+00 2.531709999999999905e+00 2.402950000000000141e+00 2.276479999999999837e+00 2.152470000000000105e+00 2.030980000000000008e+00 1.911869999999999958e+00 1.794850000000000056e+00 1.679440000000000044e+00 1.565160000000000107e+00 1.452010000000000023e+00 1.340750000000000108e+00 1.234059999999999935e+00 1.140709999999999891e+00 1.071280000000000010e+00 1.024149999999999894e+00
2.044589999999999907e+00 1.961400000000000032e+00 1.879440000000000000e+00 1.798929999999999918e+00 1.720069999999999988e+00 1.642989999999999950e+00 1.567720000000000002e+00 1.494059999999999944e+00 1.421689999999999898e+00 1.350279999999999925e+00 1.279910000000000103e+00 1.211529999999999996e+00 1.147739999999999982e+00 1.093050000000000077e+00 1.049960000000000004e+00 1.020799999999999930e+00
1.687100000000000044e+00 1.631780000000000008e+00 1.577690000000000037e+00 1.524869999999999948e+00 1.473300000000000054e+00 1.422840000000000105e+00 1.373320000000000096e+00 1.324570000000000025e+00 1.276499999999999968e+00 1.229319999999999968e+00 1.183810000000000029e+00 1.141289999999999916e+00 1.103180000000000049e+00 1.070470000000000033e+00 1.044259999999999966e+00 1.024690000000000101e+00
2.964309999999999778e+00 2.813140000000000196e+00 2.663689999999999891e+00 2.516249999999999876e+00 2.371239999999999792e+00 2.229019999999999779e+00 2.089840000000000142e+00 1.953699999999999992e+00 1.820040000000000102e+00 1.688010000000000010e+00 1.556990000000000096e+00 1.427079999999999904e+00 1.299679999999999946e+00 1.180590000000000028e+00 1.085960000000000036e+00 1.027199999999999891e+00
1.047539999999999916e+00 1.045819999999999972e+00 1.044149999999999912e+00 1.042510000000000048e+00 1.040910000000000002e+00 1.039330000000000087e+00 1.037760000000000016e+00 1.036180000000000101e+00 1.034599999999999964e+00 1.032999999999999918e+00 1.031400000000000095e+00 1.029789999999999983e+00 1.028200000000000003e+00 1.026629999999999932e+00 1.025120000000000031e+00 1.023760000000000003e+00
1.810210000000000097e+00 1.745239999999999903e+00 1.681429999999999980e+00 1.618940000000000046e+00 1.557870000000000088e+00 1.498299999999999965e+00 1.440150000000000041e+00 1.383219999999999894e+00 1.327269999999999950e+00 1.272180000000000089e+00 1.218280000000000030e+00 1.166639999999999899e+00 1.119199999999999973e+00 1.078340000000000076e+00 1.046419999999999906e+00 1.024189999999999934e+00
2.057529999999999859e+00 1.974609999999999976e+00 1.893029999999999990e+00 1.812920000000000087e+00 1.734420000000000073e+00 1.657540000000000013e+00 1.582160000000000011e+00 1.507919999999999927e+00 1.434450000000000003e+00 1.361450000000000049e+00 1.289120000000000044e+00 1.218509999999999982e+00 1.152560000000000029e+00 1.096319999999999961e+00 1.053660000000000041e+00 1.025060000000000082e+00
2.372570000000000068e+00 2.265060000000000073e+00 2.159159999999999968e+00 2.055070000000000174e+00 1.952939999999999898e+00 1.852789999999999937e+00 1.754480000000000040e+00 1.657750000000000057e+00 1.562149999999999928e+00 1.467279999999999918e+00 1.373099999999999987e+00 1.280429999999999957e+00 1.191950000000000065e+00 1.115839999999999943e+00 1.060550000000000104e+00 1.023630000000000040e+00
2.363490000000000091e+00 2.256679999999999797e+00 2.151440000000000019e+00 2.047989999999999977e+00 1.946479999999999988e+00 1.846919999999999895e+00 1.749179999999999957e+00 1.653010000000000090e+00 1.557979999999999920e+00 1.463710000000000067e+00 1.370170000000000110e+00 1.278159999999999963e+00 1.190379999999999994e+00 1.114770000000000039e+00 1.059409999999999963e+00 1.022550000000000070e+00
1.903620000000000090e+00 1.830650000000000110e+00 1.758809999999999985e+00 1.688280000000000003e+00 1.619269999999999987e+00 1.551900000000000057e+00 1.486189999999999900e+00 1.421999999999999931e+00 1.359070000000000000e+00 1.297199999999999909e+00 1.236669999999999936e+00 1.178770000000000095e+00 1.126249999999999973e+00 1.082179999999999920e+00 1.047139999999999960e+00 1.022610000000000019e+00
2.295030000000000125e+00 2.193729999999999958e+00 2.093770000000000131e+00 1.995360000000000023e+00 1.898730000000000029e+00 1.804059999999999997e+00 1.711359999999999992e+00 1.620440000000000103e+00 1.530909999999999993e+00 1.442320000000000046e+00 1.354649999999999910e+00 1.268599999999999950e+00 1.186509999999999954e+00 1.114770000000000039e+00 1.060570000000000013e+00 1.024980000000000002e+00
1.282170000000000032e+00 1.258420000000000094e+00 1.235460000000000003e+00 1.213300000000000045e+00 1.191950000000000065e+00 1.171410000000000062e+00 1.151639999999999997e+00 1.132619999999999960e+00 1.114440000000000097e+00 1.097239999999999993e+00 1.081169999999999964e+00 1.066230000000000011e+00 1.052450000000000108e+00 1.039930000000000021e+00 1.029290000000000038e+00 1.020939999999999959e+00
3.220689999999999831e+00 3.049780000000000157e+00 2.880959999999999965e+00 2.714560000000000084e+00 2.550940000000000207e+00 2.390420000000000211e+00 2.233140000000000125e+00 2.078870000000000218e+00 1.927040000000000086e+00 1.776860000000000106e+00 1.627790000000000070e+00 1.479980000000000073e+00 1.334950000000000081e+00 1.199850000000000083e+00 1.095040000000000013e+00 1.029539999999999900e+00
2.501079999999999970e+00 2.385759999999999881e+00 2.271770000000000067e+00 2.159359999999999946e+00 2.048779999999999824e+00 1.940229999999999899e+00 1.833760000000000057e+00 1.729209999999999914e+00 1.626100000000000101e+00 1.523730000000000029e+00 1.421750000000000069e+00 1.320589999999999931e+00 1.222059999999999924e+00 1.132039999999999935e+00 1.062179999999999902e+00 1.019509999999999916e+00
1.221789999999999932e+00 1.203510000000000080e+00 1.185929999999999929e+00 1.169100000000000028e+00 1.152989999999999959e+00 1.137580000000000036e+00 1.122829999999999995e+00 1.108700000000000019e+00 1.095190000000000108e+00 1.082370000000000054e+00 1.070249999999999924e+00 1.058869999999999978e+00 1.048259999999999970e+00 1.038470000000000004e+00 1.029959999999999987e+00 1.023220000000000018e+00
3.279440000000000133e+00 3.102310000000000123e+00 2.927639999999999798e+00 2.755840000000000067e+00 2.587229999999999919e+00 2.422039999999999971e+00 2.260269999999999779e+00 2.101649999999999796e+00 1.945529999999999982e+00 1.791050000000000031e+00 1.637669999999999959e+00 1.485430000000000028e+00 1.335869999999999891e+00 1.198190000000000088e+00 1.093450000000000033e+00 1.026000000000000023e+00
3.794169999999999821e+00 3.576000000000000068e+00 3.360879999999999868e+00 3.149249999999999883e+00 2.941590000000000149e+00 2.738259999999999916e+00 2.539400000000000102e+00 2.344809999999999839e+00 2.153900000000000148e+00 1.965670000000000028e+00 1.779309999999999947e+00 1.594640000000000057e+00 1.412519999999999998e+00 1.239950000000000108e+00 1.103869999999999907e+00 1.019050000000000011e+00
5.964800000000000324e+00 5.587729999999999642e+00 5.213989999999999903e+00 4.844170000000000087e+00 4.479000000000000092e+00 4.119290000000000340e+00 3.765969999999999818e+00 3.419610000000000039e+00 3.080400000000000027e+00 2.747609999999999886e+00 2.420420000000000016e+00 2.098250000000000171e+00 1.780980000000000008e+00 1.471189999999999998e+00 1.194390000000000063e+00 1.026960000000000095e+00
2.344030000000000058e+00 2.236790000000000056e+00 2.131289999999999907e+00 2.027800000000000047e+00 1.926590000000000025e+00 1.827820000000000000e+00 1.731489999999999974e+00 1.637369999999999992e+00 1.545009999999999994e+00 1.453880000000000061e+00 1.363909999999999956e+00 1.275779999999999914e+00 1.191959999999999908e+00 1.118530000000000024e+00 1.061620000000000008e+00 1.022420000000000107e+00
2.842049999999999965e+00 2.700959999999999805e+00 2.561360000000000081e+00 2.423569999999999780e+00 2.287900000000000045e+00 2.154650000000000176e+00 2.023979999999999890e+00 1.895809999999999995e+00 1.769670000000000076e+00 1.644689999999999985e+00 1.520259999999999945e+00 1.396419999999999995e+00 1.274680000000000035e+00 1.162050000000000027e+00 1.074179999999999913e+00 1.020990000000000064e+00
1.479090000000000016e+00 1.440549999999999997e+00 1.402979999999999894e+00 1.366409999999999902e+00 1.330829999999999957e+00 1.296140000000000070e+00 1.262189999999999923e+00 1.228849999999999998e+00 1.196099999999999941e+00 1.164169999999999927e+00 1.133659999999999890e+00 1.105369999999999964e+00 1.079739999999999922e+00 1.057199999999999918e+00 1.039029999999999898e+00 1.025649999999999951e+00
1.261509999999999909e+00 1.239610000000000101e+00 1.218490000000000073e+00 1.198239999999999972e+00 1.178900000000000059e+00 1.160469999999999891e+00 1.142900000000000027e+00 1.126139999999999919e+00 1.110139999999999905e+00 1.094969999999999999e+00 1.080680000000000085e+00 1.067309999999999981e+00 1.054840000000000000e+00 1.043309999999999960e+00 1.033309999999999951e+00 1.025490000000000013e+00
1.168069999999999942e+00 1.154560000000000031e+00 1.141659999999999897e+00 1.129389999999999894e+00 1.117760000000000087e+00 1.106729999999999992e+00 1.096230000000000038e+00 1.086209999999999898e+00 1.076559999999999961e+00 1.067250000000000032e+00 1.058300000000000018e+00 1.049700000000000077e+00 1.041530000000000067e+00 1.034049999999999914e+00 1.027779999999999916e+00 1.022869999999999946e+00
1.828589999999999938e+00 1.761670000000000069e+00 1.695990000000000109e+00 1.631750000000000034e+00 1.569039999999999990e+00 1.507849999999999913e+00 1.448090000000000099e+00 1.389539999999999997e+00 1.332009999999999916e+00 1.275449999999999973e+00 1.220380000000000020e+00 1.167920000000000069e+00 1.120130000000000070e+00 1.079649999999999999e+00 1.048289999999999944e+00 1.025810000000000111e+00
