1.571579999999999977e+00 1.526089999999999947e+00 1.481570000000000054e+00 1.438039999999999985e+00 1.395420000000000105e+00 1.353550000000000031e+00 1.312259999999999982e+00 1.271449999999999969e+00 1.231239999999999890e+00 1.192090000000000094e+00 1.154709999999999903e+00 1.120160000000000045e+00 1.089499999999999913e+00 1.063590000000000035e+00 1.043199999999999905e+00 1.027910000000000101e+00
1.167820000000000080e+00 1.155170000000000030e+00 1.143029999999999990e+00 1.131359999999999921e+00 1.120160000000000045e+00 1.109380000000000033e+00 1.098999999999999977e+00 1.088969999999999994e+00 1.079320000000000057e+00 1.070089999999999986e+00 1.061290000000000067e+00 1.052939999999999987e+00 1.045050000000000034e+00 1.037709999999999910e+00 1.031300000000000106e+00 1.025979999999999892e+00
2.033339999999999925e+00 1.953600000000000003e+00 1.875170000000000003e+00 1.798059999999999992e+00 1.722180000000000044e+00 1.647359999999999935e+00 1.573280000000000012e+00 1.499619999999999953e+00 1.426180000000000003e+00 1.353019999999999889e+00 1.280599999999999961e+00 1.210110000000000019e+00 1.144940000000000069e+00 1.090859999999999941e+00 1.051039999999999974e+00 1.023549999999999960e+00
2.254379999999999828e+00 2.157420000000000115e+00 2.061939999999999884e+00 1.968069999999999986e+00 1.875850000000000017e+00 1.785279999999999978e+00 1.696169999999999956e+00 1.608070000000000110e+00 1.520529999999999937e+00 1.433410000000000073e+00 1.347080000000000055e+00 1.262739999999999974e+00 1.183089999999999975e+00 1.113110000000000044e+00 1.059229999999999894e+00 1.023849999999999927e+00
1.126800000000000024e+00 1.118060000000000054e+00 1.109699999999999909e+00 1.101699999999999902e+00 1.094009999999999927e+00 1.086580000000000101e+00 1.079369999999999941e+00 1.072330000000000005e+00 1.065479999999999983e+00 1.058829999999999938e+00 1.052380000000000093e+00 1.046159999999999979e+00 1.040270000000000028e+00 1.034899999999999931e+00 1.030189999999999939e+00 1.026129999999999987e+00
1.996050000000000102e+00 1.918649999999999967e+00 1.842619999999999925e+00 1.768000000000000016e+00 1.694739999999999913e+00 1.622679999999999900e+00 1.551549999999999985e+00 1.481009999999999938e+00 1.410840000000000094e+00 1.341159999999999908e+00 1.272520000000000095e+00 1.205989999999999895e+00 1.144239999999999924e+00 1.091480000000000006e+00 1.051050000000000040e+00 1.023220000000000018e+00
3.349870000000000125e+00 3.173299999999999788e+00 2.998819999999999819e+00 2.826670000000000016e+00 2.657010000000000094e+00 2.490000000000000213e+00 2.325450000000000017e+00 2.162920000000000176e+00 2.001570000000000071e+00 1.840780000000000083e+00 1.680260000000000087e+00 1.520259999999999945e+00 1.361850000000000005e+00 1.211810000000000054e+00 1.095229999999999926e+00 1.026010000000000089e+00
2.390559999999999796e+00 2.282630000000000159e+00 2.176390000000000047e+00 2.071959999999999802e+00 1.969340000000000090e+00 1.868430000000000035e+00 1.768960000000000088e+00 1.670539999999999914e+00 1.572750000000000092e+00 1.475549999999999917e+00 1.379250000000000087e+00 1.284839999999999982e+00 1.195529999999999982e+00 1.119299999999999962e+00 1.062540000000000040e+00 1.023959999999999981e+00
1.312279999999999891e+00 1.286370000000000013e+00 1.261209999999999942e+00 1.236820000000000030e+00 1.213170000000000082e+00 1.190239999999999965e+00 1.167990000000000084e+00 1.146419999999999995e+00 1.125669999999999948e+00 1.105960000000000054e+00 1.087560000000000082e+00 1.070580000000000087e+00 1.055060000000000109e+00 1.041099999999999914e+00 1.029279999999999973e+00 1.020070000000000032e+00
3.656000000000000139e+00 3.453959999999999919e+00 3.254589999999999872e+00 3.058199999999999807e+00 2.865000000000000213e+00 2.675219999999999931e+00 2.488729999999999887e+00 2.305000000000000160e+00 2.123209999999999820e+00 1.942760000000000042e+00 1.763479999999999936e+00 1.585679999999999978e+00 1.410590000000000011e+00 1.244420000000000082e+00 1.111709999999999976e+00 1.029879999999999907e+00
1.748189999999999911e+00 1.688700000000000090e+00 1.630379999999999940e+00 1.573129999999999917e+00 1.516809999999999992e+00 1.461189999999999989e+00 1.406090000000000062e+00 1.351450000000000040e+00 1.297449999999999992e+00 1.244680000000000009e+00 1.194309999999999983e+00 1.148109999999999964e+00 1.107730000000000103e+00 1.073990000000000000e+00 1.046880000000000033e+00 1.025300000000000100e+00
1.244899999999999896e+00 1.224380000000000024e+00 1.204539999999999944e+00 1.185400000000000009e+00 1.166930000000000023e+00 1.149119999999999919e+00 1.131969999999999921e+00 1.115510000000000002e+00 1.099839999999999929e+00 1.085059999999999913e+00 1.071299999999999919e+00 1.058519999999999905e+00 1.046720000000000095e+00 1.036040000000000072e+00 1.026969999999999938e+00 1.019870000000000054e+00
1.568079999999999918e+00 1.522559999999999913e+00 1.477980000000000071e+00 1.434250000000000025e+00 1.391270000000000007e+00 1.348889999999999922e+00 1.307029999999999914e+00 1.265730000000000022e+00 1.225279999999999925e+00 1.186320000000000041e+00 1.149690000000000101e+00 1.116270000000000095e+00 1.086719999999999908e+00 1.061330000000000107e+00 1.040389999999999926e+00 1.023549999999999960e+00
2.501240000000000130e+00 2.384220000000000006e+00 2.269120000000000026e+00 2.156109999999999971e+00 2.045189999999999841e+00 1.936269999999999936e+00 1.829069999999999974e+00 1.723139999999999894e+00 1.618030000000000079e+00 1.513589999999999991e+00 1.410099999999999909e+00 1.308610000000000051e+00 1.212339999999999973e+00 1.129550000000000054e+00 1.067379999999999995e+00 1.024699999999999944e+00
1.116430000000000033e+00 1.108559999999999990e+00 1.101069999999999993e+00 1.093920000000000003e+00 1.087050000000000072e+00 1.080419999999999936e+00 1.073970000000000091e+00 1.067660000000000053e+00 1.061490000000000045e+00 1.055460000000000065e+00 1.049609999999999932e+00 1.043959999999999999e+00 1.038580000000000059e+00 1.033609999999999918e+00 1.029249999999999998e+00 1.025570000000000093e+00
1.718539999999999957e+00 1.661350000000000104e+00 1.605329999999999924e+00 1.550519999999999898e+00 1.496920000000000028e+00 1.444469999999999921e+00 1.392940000000000067e+00 1.342100000000000071e+00 1.291830000000000034e+00 1.242320000000000091e+00 1.194129999999999914e+00 1.148449999999999971e+00 1.107159999999999922e+00 1.071960000000000024e+00 1.044589999999999907e+00 1.024939999999999962e+00
2.072189999999999976e+00 1.988450000000000051e+00 1.906199999999999894e+00 1.825450000000000017e+00 1.746150000000000091e+00 1.668109999999999982e+00 1.591029999999999944e+00 1.514599999999999946e+00 1.438620000000000010e+00 1.363169999999999993e+00 1.288820000000000077e+00 1.217039999999999900e+00 1.151399999999999979e+00 1.096919999999999895e+00 1.055979999999999919e+00 1.026720000000000077e+00
1.468960000000000043e+00 1.431230000000000002e+00 1.394249999999999989e+00 1.357939999999999925e+00 1.322230000000000016e+00 1.286969999999999947e+00 1.252089999999999925e+00 1.217670000000000030e+00 1.183999999999999941e+00 1.151659999999999906e+00 1.121450000000000058e+00 1.094209999999999905e+00 1.070510000000000073e+00 1.050559999999999938e+00 1.034410000000000052e+00 1.021400000000000086e+00
1.815280000000000005e+00 1.750890000000000057e+00 1.687769999999999992e+00 1.625850000000000017e+00 1.565039999999999987e+00 1.505090000000000039e+00 1.445759999999999934e+00 1.386859999999999982e+00 1.328400000000000025e+00 1.270759999999999890e+00 1.214879999999999960e+00 1.162530000000000063e+00 1.116160000000000041e+00 1.077669999999999906e+00 1.047630000000000061e+00 1.024790000000000090e+00
1.676399999999999890e+00 1.622339999999999893e+00 1.569339999999999957e+00 1.517460000000000031e+00 1.466650000000000009e+00 1.416849999999999943e+00 1.367890000000000050e+00 1.319560000000000066e+00 1.271840000000000082e+00 1.225060000000000038e+00 1.179980000000000029e+00 1.137920000000000043e+00 1.100579999999999892e+00 1.068710000000000049e+00 1.043279999999999985e+00 1.024850000000000039e+00
2.305769999999999875e+00 2.205049999999999955e+00 2.105850000000000222e+00 2.008290000000000131e+00 1.912409999999999943e+00 1.818170000000000064e+00 1.725349999999999939e+00 1.633580000000000032e+00 1.542410000000000059e+00 1.451650000000000107e+00 1.361450000000000049e+00 1.272680000000000033e+00 1.188169999999999948e+00 1.115010000000000057e+00 1.060899999999999954e+00 1.024880000000000013e+00
1.146230000000000082e+00 1.135210000000000052e+00 1.124759999999999982e+00 1.114859999999999962e+00 1.105460000000000109e+00 1.096489999999999965e+00 1.087860000000000049e+00 1.079520000000000035e+00 1.071399999999999908e+00 1.063490000000000046e+00 1.055839999999999890e+00 1.048470000000000013e+00 1.041390000000000038e+00 1.034739999999999993e+00 1.028920000000000057e+00 1.024159999999999959e+00
3.145960000000000090e+00 2.980119999999999880e+00 2.816739999999999799e+00 2.656019999999999825e+00 2.498149999999999871e+00 2.343189999999999884e+00 2.190960000000000019e+00 2.041020000000000056e+00 1.892749999999999932e+00 1.745700000000000029e+00 1.599679999999999991e+00 1.455079999999999929e+00 1.314089999999999980e+00 1.186749999999999972e+00 1.090989999999999904e+00 1.027819999999999956e+00
2.109160000000000146e+00 2.022279999999999855e+00 1.936970000000000081e+00 1.853359999999999896e+00 1.771490000000000009e+00 1.691370000000000040e+00 1.612749999999999906e+00 1.535250000000000004e+00 1.458490000000000064e+00 1.382330000000000059e+00 1.307160000000000100e+00 1.233959999999999946e+00 1.164919999999999956e+00 1.104020000000000001e+00 1.056289999999999951e+00 1.023879999999999901e+00
1.258650000000000047e+00 1.237659999999999982e+00 1.217249999999999943e+00 1.197389999999999954e+00 1.178080000000000016e+00 1.159319999999999906e+00 1.141140000000000043e+00 1.123629999999999907e+00 1.106929999999999970e+00 1.091199999999999948e+00 1.076559999999999961e+00 1.063039999999999985e+00 1.050659999999999927e+00 1.039439999999999920e+00 1.029760000000000009e+00 1.021789999999999976e+00
2.464570000000000149e+00 2.351069999999999993e+00 2.239580000000000126e+00 2.130139999999999922e+00 2.022720000000000073e+00 1.917089999999999961e+00 1.812840000000000007e+00 1.709510000000000085e+00 1.606640000000000068e+00 1.504099999999999993e+00 1.402249999999999996e+00 1.302349999999999897e+00 1.208040000000000003e+00 1.127369999999999983e+00 1.066789999999999905e+00 1.024890000000000079e+00
3.342509999999999870e+00 3.161430000000000184e+00 2.983410000000000117e+00 2.808699999999999974e+00 2.637509999999999799e+00 2.469790000000000152e+00 2.305200000000000138e+00 2.143149999999999888e+00 1.982750000000000012e+00 1.823329999999999895e+00 1.664500000000000091e+00 1.506359999999999921e+00 1.350559999999999983e+00 1.207340000000000080e+00 1.098009999999999931e+00 1.026389999999999914e+00
4.539799999999999613e+00 4.270299999999999763e+00 4.004019999999999690e+00 3.741330000000000044e+00 3.482610000000000205e+00 3.228289999999999882e+00 2.978499999999999925e+00 2.732920000000000016e+00 2.490829999999999878e+00 2.251500000000000057e+00 2.014549999999999841e+00 1.779959999999999987e+00 1.548110000000000097e+00 1.324330000000000007e+00 1.140689999999999982e+00 1.028780000000000028e+00
2.230649999999999800e+00 2.133010000000000073e+00 2.037259999999999849e+00 1.943459999999999965e+00 1.851580000000000004e+00 1.761479999999999935e+00 1.672830000000000039e+00 1.585259999999999891e+00 1.498439999999999994e+00 1.412379999999999969e+00 1.327569999999999917e+00 1.245509999999999895e+00 1.169780000000000042e+00 1.105779999999999985e+00 1.056230000000000002e+00 1.020229999999999970e+00
2.542429999999999968e+00 2.424040000000000195e+00 2.307360000000000078e+00 2.192559999999999842e+00 2.079740000000000144e+00 1.968939999999999912e+00 1.859909999999999952e+00 1.752269999999999994e+00 1.645450000000000079e+00 1.539139999999999953e+00 1.433449999999999891e+00 1.329080000000000039e+00 1.228520000000000056e+00 1.139760000000000106e+00 1.073260000000000103e+00 1.029439999999999911e+00
1.211219999999999963e+00 1.195030000000000037e+00 1.179370000000000029e+00 1.164199999999999902e+00 1.149480000000000057e+00 1.135219999999999896e+00 1.121369999999999978e+00 1.107930000000000081e+00 1.094929999999999959e+00 1.082470000000000043e+00 1.070680000000000076e+00 1.059600000000000097e+00 1.049360000000000070e+00 1.040129999999999999e+00 1.032340000000000035e+00 1.026059999999999972e+00
1.299609999999999932e+00 1.275230000000000086e+00 1.251549999999999940e+00 1.228550000000000031e+00 1.206180000000000030e+00 1.184399999999999897e+00 1.163170000000000037e+00 1.142560000000000020e+00 1.122719999999999940e+00 1.103920000000000012e+00 1.086310000000000109e+00 1.070000000000000062e+00 1.055139999999999967e+00 1.042100000000000026e+00 1.031309999999999949e+00 1.022559999999999913e+00
1.245980000000000087e+00 1.226550000000000029e+00 1.207710000000000061e+00 1.189440000000000053e+00 1.171710000000000029e+00 1.154449999999999976e+00 1.137669999999999959e+00 1.121399999999999952e+00 1.105720000000000036e+00 1.090759999999999952e+00 1.076619999999999910e+00 1.063369999999999926e+00 1.051180000000000003e+00 1.040550000000000086e+00 1.031919999999999948e+00 1.025099999999999900e+00
1.991519999999999957e+00 1.913329999999999975e+00 1.836659999999999959e+00 1.761509999999999909e+00 1.687789999999999901e+00 1.615320000000000089e+00 1.543789999999999996e+00 1.472909999999999942e+00 1.402470000000000105e+00 1.332619999999999916e+00 1.264049999999999896e+00 1.198520000000000030e+00 1.139350000000000085e+00 1.089990000000000014e+00 1.051619999999999999e+00 1.023279999999999967e+00
1.848360000000000003e+00 1.780680000000000041e+00 1.714020000000000099e+00 1.648570000000000091e+00 1.584559999999999969e+00 1.522080000000000100e+00 1.461100000000000065e+00 1.401429999999999954e+00 1.342689999999999939e+00 1.284659999999999913e+00 1.227540000000000076e+00 1.172420000000000018e+00 1.121569999999999956e+00 1.078030000000000044e+00 1.044300000000000006e+00 1.021919999999999940e+00
1.168579999999999952e+00 1.154889999999999972e+00 1.141839999999999966e+00 1.129440000000000000e+00 1.117639999999999967e+00 1.106400000000000050e+00 1.095630000000000104e+00 1.085299999999999931e+00 1.075350000000000028e+00 1.065749999999999975e+00 1.056550000000000100e+00 1.047749999999999959e+00 1.039330000000000087e+00 1.031379999999999963e+00 1.024529999999999941e+00 1.019150000000000000e+00
2.095730000000000093e+00 2.010580000000000034e+00 1.926800000000000068e+00 1.844500000000000028e+00 1.763759999999999994e+00 1.684490000000000043e+00 1.606430000000000025e+00 1.529179999999999984e+00 1.452329999999999899e+00 1.375690000000000079e+00 1.299500000000000099e+00 1.224739999999999940e+00 1.154430000000000067e+00 1.094969999999999999e+00 1.051350000000000007e+00 1.022250000000000103e+00
2.817460000000000075e+00 2.677090000000000192e+00 2.538269999999999804e+00 2.401310000000000056e+00 2.266589999999999883e+00 2.134500000000000064e+00 2.005189999999999806e+00 1.878500000000000059e+00 1.753910000000000080e+00 1.630560000000000009e+00 1.508089999999999931e+00 1.386740000000000084e+00 1.268170000000000019e+00 1.158770000000000078e+00 1.074200000000000044e+00 1.022829999999999906e+00
1.093739999999999934e+00 1.087939999999999907e+00 1.082389999999999963e+00 1.077039999999999997e+00 1.071879999999999944e+00 1.066869999999999985e+00 1.061970000000000081e+00 1.057150000000000034e+00 1.052419999999999911e+00 1.047760000000000025e+00 1.043209999999999971e+00 1.038790000000000102e+00 1.034550000000000081e+00 1.030550000000000077e+00 1.026839999999999975e+00 1.023439999999999905e+00
2.161560000000000148e+00 2.071110000000000007e+00 1.981859999999999955e+00 1.894079999999999986e+00 1.808079999999999909e+00 1.724129999999999940e+00 1.642249999999999988e+00 1.562179999999999902e+00 1.483279999999999932e+00 1.404910000000000103e+00 1.327139999999999986e+00 1.250739999999999963e+00 1.177659999999999929e+00 1.112069999999999892e+00 1.060249999999999915e+00 1.027249999999999996e+00
4.569689999999999586e+00 4.299769999999999648e+00 4.032250000000000334e+00 3.767520000000000202e+00 3.506390000000000118e+00 3.249509999999999899e+00 2.997510000000000119e+00 2.750649999999999817e+00 2.508579999999999810e+00 2.270059999999999967e+00 2.033920000000000172e+00 1.799369999999999914e+00 1.565960000000000019e+00 1.335250000000000048e+00 1.138179999999999970e+00 1.025849999999999929e+00
3.357540000000000191e+00 3.177649999999999864e+00 2.999540000000000095e+00 2.823630000000000084e+00 2.650450000000000195e+00 2.480490000000000084e+00 2.314000000000000057e+00 2.150900000000000034e+00 1.990490000000000093e+00 1.831630000000000091e+00 1.673620000000000108e+00 1.516480000000000050e+00 1.361169999999999991e+00 1.212069999999999981e+00 1.092969999999999997e+00 1.023050000000000015e+00
1.230620000000000047e+00 1.210800000000000098e+00 1.191759999999999931e+00 1.173550000000000093e+00 1.156260000000000066e+00 1.139860000000000095e+00 1.124279999999999946e+00 1.109459999999999891e+00 1.095329999999999915e+00 1.081809999999999938e+00 1.068940000000000001e+00 1.056759999999999922e+00 1.045330000000000092e+00 1.034669999999999979e+00 1.025360000000000049e+00 1.018410000000000037e+00
4.457150000000000389e+00 4.191379999999999661e+00 3.928170000000000162e+00 3.668060000000000098e+00 3.411779999999999813e+00 3.160120000000000040e+00 2.913730000000000153e+00 2.673029999999999795e+00 2.437650000000000095e+00 2.206539999999999946e+00 1.978890000000000038e+00 1.754380000000000051e+00 1.533109999999999973e+00 1.317930000000000046e+00 1.136319999999999997e+00 1.028010000000000090e+00
2.122300000000000075e+00 2.033040000000000180e+00 1.945419999999999927e+00 1.859509999999999996e+00 1.775279999999999969e+00 1.692649999999999988e+00 1.611350000000000060e+00 1.531039999999999957e+00 1.451480000000000103e+00 1.372659999999999991e+00 1.295160000000000089e+00 1.220720000000000027e+00 1.153459999999999930e+00 1.097900000000000098e+00 1.055190000000000072e+00 1.023590000000000000e+00
1.442609999999999948e+00 1.405480000000000063e+00 1.369280000000000053e+00 1.334149999999999947e+00 1.300210000000000088e+00 1.267500000000000071e+00 1.235950000000000104e+00 1.205370000000000053e+00 1.175650000000000084e+00 1.146849999999999925e+00 1.119350000000000067e+00 1.093800000000000106e+00 1.070689999999999920e+00 1.050070000000000059e+00 1.032620000000000093e+00 1.020180000000000087e+00
1.750960000000000072e+00 1.691449999999999898e+00 1.633180000000000076e+00 1.576140000000000096e+00 1.520229999999999970e+00 1.465289999999999981e+00 1.411070000000000046e+00 1.357369999999999965e+00 1.304130000000000011e+00 1.251670000000000060e+00 1.200839999999999907e+00 1.153180000000000094e+00 1.110710000000000086e+00 1.074829999999999952e+00 1.046359999999999957e+00 1.024790000000000090e+00
4.033039999999999736e+00 3.800069999999999837e+00 3.569420000000000037e+00 3.341610000000000191e+00 3.117290000000000116e+00 2.897170000000000023e+00 2.681760000000000144e+00 2.471239999999999881e+00 2.265050000000000008e+00 2.061990000000000212e+00 1.861150000000000082e+00 1.662279999999999980e+00 1.466029999999999944e+00 1.276310000000000056e+00 1.121059999999999945e+00 1.028389999999999915e+00
1.083960000000000035e+00 1.079059999999999908e+00 1.074349999999999916e+00 1.069819999999999993e+00 1.065439999999999943e+00 1.061190000000000078e+00 1.057029999999999914e+00 1.052929999999999922e+00 1.048890000000000100e+00 1.044899999999999940e+00 1.040990000000000082e+00 1.037190000000000056e+00 1.033530000000000060e+00 1.030049999999999910e+00 1.026810000000000000e+00 1.023840000000000083e+00
1.866300000000000070e+00 1.796869999999999967e+00 1.728699999999999903e+00 1.661909999999999998e+00 1.596659999999999968e+00 1.533020000000000049e+00 1.470890000000000031e+00 1.410060000000000091e+00 1.350240000000000107e+00 1.291299999999999892e+00 1.233530000000000015e+00 1.177969999999999962e+00 1.126609999999999889e+00 1.082379999999999898e+00 1.048229999999999995e+00 1.024280000000000079e+00
2.075380000000000003e+00 1.990620000000000056e+00 1.907310000000000061e+00 1.825569999999999915e+00 1.745509999999999895e+00 1.667059999999999986e+00 1.589979999999999949e+00 1.513910000000000089e+00 1.438509999999999955e+00 1.363650000000000029e+00 1.289679999999999938e+00 1.217819999999999903e+00 1.151589999999999892e+00 1.096160000000000023e+00 1.054370000000000029e+00 1.025139999999999940e+00
2.010619999999999852e+00 1.930369999999999919e+00 1.851560000000000095e+00 1.774280000000000079e+00 1.698509999999999964e+00 1.624120000000000008e+00 1.550869999999999971e+00 1.478460000000000107e+00 1.406649999999999956e+00 1.335450000000000026e+00 1.265439999999999898e+00 1.198199999999999932e+00 1.137590000000000101e+00 1.088030000000000053e+00 1.050659999999999927e+00 1.023309999999999942e+00
1.869359999999999911e+00 1.800079999999999902e+00 1.732059999999999933e+00 1.665380000000000082e+00 1.600039999999999907e+00 1.535889999999999977e+00 1.472730000000000095e+00 1.410309999999999953e+00 1.348479999999999901e+00 1.287330000000000085e+00 1.227440000000000087e+00 1.170309999999999961e+00 1.119129999999999958e+00 1.077099999999999946e+00 1.045309999999999961e+00 1.022059999999999969e+00
2.011379999999999946e+00 1.931110000000000104e+00 1.851939999999999920e+00 1.774100000000000010e+00 1.697820000000000107e+00 1.623329999999999940e+00 1.550629999999999953e+00 1.479489999999999972e+00 1.409499999999999975e+00 1.340289999999999981e+00 1.271980000000000111e+00 1.205610000000000070e+00 1.143799999999999928e+00 1.090859999999999941e+00 1.049770000000000092e+00 1.022699999999999942e+00
2.718929999999999847e+00 2.585449999999999804e+00 2.453629999999999978e+00 2.323770000000000113e+00 2.196169999999999956e+00 2.071099999999999941e+00 1.948569999999999913e+00 1.828370000000000051e+00 1.709959999999999924e+00 1.592770000000000019e+00 1.476529999999999898e+00 1.361509999999999998e+00 1.249489999999999990e+00 1.148719999999999963e+00 1.073679999999999968e+00 1.025470000000000104e+00
1.214329999999999909e+00 1.196600000000000108e+00 1.179559999999999942e+00 1.163219999999999921e+00 1.147599999999999953e+00 1.132649999999999935e+00 1.118330000000000046e+00 1.104610000000000092e+00 1.091480000000000006e+00 1.078989999999999894e+00 1.067129999999999912e+00 1.055909999999999904e+00 1.045360000000000067e+00 1.035609999999999919e+00 1.027330000000000076e+00 1.020850000000000035e+00
3.007559999999999789e+00 2.851949999999999985e+00 2.698409999999999975e+00 2.547260000000000080e+00 2.398839999999999861e+00 2.253400000000000070e+00 2.110869999999999802e+00 1.970970000000000111e+00 1.833059999999999912e+00 1.696609999999999951e+00 1.561260000000000092e+00 1.427210000000000090e+00 1.296059999999999990e+00 1.176700000000000079e+00 1.087269999999999959e+00 1.029360000000000053e+00
2.451490000000000169e+00 2.338159999999999794e+00 2.226280000000000037e+00 2.116099999999999870e+00 2.007929999999999993e+00 1.901999999999999913e+00 1.798370000000000024e+00 1.696779999999999955e+00 1.596689999999999943e+00 1.497430000000000039e+00 1.398900000000000032e+00 1.301639999999999908e+00 1.207710000000000061e+00 1.123439999999999994e+00 1.059569999999999901e+00 1.019519999999999982e+00
1.178439999999999932e+00 1.164309999999999956e+00 1.150789999999999980e+00 1.137880000000000003e+00 1.125539999999999985e+00 1.113739999999999952e+00 1.102409999999999890e+00 1.091550000000000020e+00 1.081129999999999924e+00 1.071120000000000072e+00 1.061560000000000059e+00 1.052459999999999951e+00 1.043870000000000076e+00 1.035860000000000003e+00 1.028890000000000082e+00 1.023179999999999978e+00
2.647699999999999942e+00 2.520140000000000047e+00 2.394670000000000076e+00 2.271520000000000206e+00 2.150739999999999874e+00 2.032220000000000137e+00 1.915610000000000035e+00 1.800389999999999935e+00 1.685929999999999929e+00 1.571809999999999929e+00 1.458020000000000094e+00 1.345290000000000097e+00 1.236790000000000056e+00 1.142209999999999948e+00 1.072149999999999936e+00 1.025279999999999969e+00
3.564189999999999969e+00 3.364889999999999937e+00 3.168699999999999850e+00 2.975989999999999913e+00 2.787059999999999871e+00 2.602020000000000000e+00 2.420609999999999928e+00 2.242309999999999803e+00 2.066260000000000208e+00 1.891629999999999923e+00 1.717840000000000034e+00 1.544720000000000093e+00 1.373520000000000074e+00 1.215039999999999898e+00 1.095050000000000079e+00 1.018820000000000059e+00
4.565000000000000391e+00 4.293389999999999596e+00 4.024189999999999934e+00 3.757950000000000124e+00 3.495280000000000165e+00 3.236950000000000216e+00 2.983449999999999935e+00 2.735149999999999970e+00 2.491690000000000182e+00 2.252120000000000122e+00 2.015670000000000073e+00 1.781879999999999908e+00 1.550680000000000058e+00 1.325290000000000079e+00 1.135939999999999950e+00 1.025419999999999998e+00
2.728489999999999860e+00 2.592530000000000001e+00 2.458460000000000090e+00 2.326639999999999819e+00 2.197459999999999969e+00 2.071279999999999788e+00 1.948139999999999983e+00 1.827839999999999909e+00 1.709689999999999932e+00 1.592850000000000099e+00 1.476949999999999985e+00 1.362440000000000095e+00 1.251419999999999977e+00 1.150719999999999965e+00 1.073159999999999892e+00 1.022809999999999997e+00
2.857800000000000118e+00 2.714109999999999800e+00 2.571989999999999998e+00 2.431729999999999947e+00 2.293759999999999799e+00 2.158469999999999889e+00 2.026029999999999998e+00 1.896369999999999889e+00 1.768920000000000048e+00 1.642789999999999973e+00 1.517449999999999966e+00 1.393029999999999990e+00 1.271190000000000042e+00 1.159140000000000059e+00 1.073250000000000037e+00 1.021050000000000013e+00
1.304079999999999906e+00 1.279979999999999896e+00 1.256559999999999899e+00 1.233800000000000008e+00 1.211619999999999919e+00 1.189990000000000103e+00 1.168830000000000036e+00 1.148130000000000095e+00 1.128069999999999906e+00 1.108919999999999906e+00 1.090840000000000032e+00 1.074040000000000106e+00 1.058720000000000105e+00 1.045220000000000038e+00 1.034149999999999903e+00 1.025470000000000104e+00
1.573530000000000095e+00 1.526629999999999932e+00 1.480839999999999934e+00 1.436280000000000001e+00 1.393029999999999990e+00 1.351050000000000084e+00 1.310210000000000097e+00 1.270250000000000101e+00 1.231009999999999938e+00 1.192620000000000013e+00 1.155759999999999899e+00 1.121539999999999981e+00 1.091010000000000035e+00 1.064529999999999976e+00 1.042499999999999982e+00 1.025859999999999994e+00
1.163859999999999895e+00 1.150770000000000071e+00 1.138290000000000024e+00 1.126449999999999951e+00 1.115259999999999918e+00 1.104689999999999950e+00 1.094649999999999901e+00 1.085059999999999913e+00 1.075790000000000024e+00 1.066799999999999971e+00 1.058089999999999975e+00 1.049670000000000103e+00 1.041590000000000016e+00 1.034000000000000030e+00 1.027640000000000109e+00 1.022860000000000102e+00
1.883920000000000039e+00 1.812489999999999934e+00 1.742369999999999974e+00 1.673729999999999940e+00 1.606680000000000108e+00 1.541269999999999918e+00 1.477349999999999941e+00 1.414630000000000054e+00 1.352889999999999926e+00 1.292089999999999961e+00 1.232839999999999936e+00 1.176590000000000025e+00 1.125939999999999941e+00 1.083439999999999959e+00 1.050170000000000048e+00 1.025900000000000034e+00
