3.333699999999999886e+00 1.888099999999999890e+00 2.838999999999999968e+00 2.050819999999999865e+00 2.925359999999999960e+00 2.777439999999999909e+00 2.770649999999999835e+00 2.683759999999999923e+00 2.308199999999999807e+00 2.019039999999999946e+00 2.327890000000000015e+00
1.687689999999999912e+00 1.340510000000000090e+00 1.641210000000000058e+00 1.318019999999999969e+00 1.618600000000000039e+00 1.616449999999999942e+00 1.571299999999999919e+00 1.622339999999999893e+00 1.634810000000000096e+00 1.400740000000000096e+00 1.564389999999999947e+00
3.271250000000000213e+00 2.792949999999999822e+00 3.175269999999999815e+00 2.420220000000000038e+00 4.160330000000000084e+00 3.866389999999999993e+00 2.526930000000000121e+00 4.577359999999999651e+00 3.480090000000000128e+00 2.582739999999999814e+00 3.022949999999999804e+00
2.564499999999999780e+00 1.605560000000000098e+00 2.354719999999999924e+00 1.630279999999999951e+00 2.446279999999999788e+00 2.590110000000000134e+00 2.254570000000000185e+00 2.210049999999999848e+00 2.122799999999999798e+00 1.795239999999999947e+00 2.032449999999999868e+00
2.164190000000000058e+00 1.272370000000000001e+00 1.919880000000000031e+00 1.499949999999999894e+00 2.000960000000000072e+00 2.018930000000000113e+00 1.851799999999999891e+00 1.856370000000000076e+00 1.846349999999999936e+00 1.518369999999999997e+00 1.723889999999999922e+00
4.343329999999999913e+00 3.005840000000000067e+00 2.904319999999999791e+00 2.221989999999999910e+00 3.581210000000000004e+00 5.132500000000000284e+00 3.406600000000000072e+00 3.196720000000000006e+00 3.059759999999999813e+00 1.837609999999999966e+00 2.907129999999999992e+00
5.234029999999999738e+00 3.251349999999999962e+00 3.987839999999999829e+00 2.934569999999999901e+00 3.289620000000000211e+00 4.848220000000000418e+00 4.337720000000000020e+00 4.767220000000000013e+00 3.678500000000000103e+00 2.790049999999999919e+00 3.514790000000000081e+00
4.157820000000000071e+00 2.266010000000000080e+00 2.575820000000000221e+00 2.583699999999999886e+00 3.427420000000000133e+00 3.514120000000000132e+00 3.342760000000000176e+00 3.159069999999999823e+00 2.871830000000000105e+00 2.218129999999999935e+00 2.720120000000000093e+00
2.130860000000000198e+00 1.600850000000000106e+00 2.038710000000000022e+00 1.272129999999999983e+00 2.080999999999999961e+00 2.042310000000000070e+00 1.914199999999999902e+00 1.939699999999999980e+00 1.853250000000000064e+00 1.594079999999999941e+00 1.762180000000000080e+00
4.980209999999999582e+00 3.298490000000000144e+00 3.614640000000000075e+00 2.996620000000000061e+00 3.336759999999999948e+00 4.785180000000000433e+00 2.913759999999999906e+00 2.585830000000000073e+00 3.696639999999999926e+00 2.539689999999999781e+00 3.418860000000000010e+00
3.214850000000000207e+00 1.764750000000000041e+00 2.717769999999999797e+00 1.673310000000000075e+00 2.825829999999999842e+00 2.730210000000000026e+00 2.642700000000000049e+00 2.463760000000000172e+00 2.466250000000000053e+00 1.789290000000000047e+00 2.199460000000000193e+00
2.520900000000000141e+00 1.479519999999999946e+00 2.170259999999999856e+00 1.673710000000000031e+00 2.208380000000000010e+00 2.333029999999999937e+00 2.075860000000000039e+00 2.055779999999999941e+00 2.043200000000000127e+00 1.675089999999999968e+00 1.903980000000000006e+00
2.605469999999999953e+00 1.502340000000000009e+00 2.309590000000000032e+00 1.685079999999999911e+00 2.317600000000000104e+00 2.287780000000000147e+00 2.182339999999999947e+00 2.102139999999999898e+00 2.130380000000000162e+00 1.697300000000000031e+00 1.932870000000000088e+00
4.841199999999999726e+00 2.946829999999999838e+00 3.424510000000000165e+00 2.704309999999999992e+00 3.070489999999999942e+00 2.831850000000000200e+00 4.018539999999999779e+00 4.021829999999999572e+00 2.425739999999999785e+00 2.654580000000000162e+00 3.334439999999999849e+00
1.882570000000000077e+00 1.377979999999999983e+00 1.763600000000000056e+00 1.369969999999999910e+00 1.791130000000000111e+00 1.776999999999999913e+00 1.649529999999999941e+00 1.680790000000000006e+00 1.678309999999999969e+00 1.431840000000000002e+00 1.607399999999999940e+00
2.218539999999999957e+00 1.387829999999999897e+00 2.174209999999999976e+00 1.327220000000000066e+00 2.225410000000000110e+00 2.108470000000000066e+00 1.968329999999999913e+00 2.079639999999999933e+00 1.966499999999999915e+00 1.625890000000000057e+00 1.817409999999999970e+00
2.552989999999999871e+00 2.023730000000000029e+00 2.569859999999999811e+00 1.893499999999999961e+00 3.034940000000000193e+00 2.987429999999999808e+00 2.744979999999999976e+00 2.821330000000000116e+00 2.771399999999999864e+00 2.083699999999999886e+00 2.440710000000000157e+00
2.775389999999999802e+00 1.575550000000000006e+00 2.502240000000000020e+00 1.489109999999999934e+00 2.485459999999999781e+00 2.346699999999999786e+00 2.314919999999999867e+00 2.248979999999999979e+00 2.190280000000000005e+00 1.743949999999999889e+00 1.950860000000000039e+00
3.287980000000000125e+00 1.915810000000000013e+00 2.852829999999999977e+00 1.793250000000000011e+00 3.060799999999999965e+00 2.886829999999999785e+00 2.772600000000000176e+00 2.679870000000000196e+00 2.611769999999999925e+00 1.989989999999999926e+00 2.314810000000000034e+00
2.296469999999999789e+00 1.807399999999999896e+00 2.552999999999999936e+00 1.920060000000000100e+00 2.684699999999999864e+00 3.028789999999999871e+00 2.546580000000000066e+00 2.389440000000000008e+00 2.434079999999999799e+00 1.825870000000000104e+00 2.284479999999999844e+00
4.133339999999999570e+00 2.402140000000000164e+00 3.840689999999999937e+00 2.219160000000000021e+00 4.024110000000000298e+00 3.742290000000000116e+00 3.197229999999999794e+00 3.520140000000000047e+00 3.166659999999999808e+00 2.297120000000000051e+00 2.881339999999999790e+00
1.784219999999999917e+00 1.377890000000000059e+00 1.750040000000000040e+00 1.346570000000000045e+00 1.758999999999999897e+00 1.718990000000000018e+00 1.638330000000000064e+00 1.683710000000000040e+00 1.657909999999999995e+00 1.435380000000000100e+00 1.594109999999999916e+00
3.058850000000000069e+00 3.398509999999999920e+00 5.084299999999999820e+00 2.873279999999999834e+00 4.625140000000000029e+00 2.977819999999999911e+00 2.677970000000000184e+00 5.163389999999999702e+00 3.878229999999999844e+00 2.321880000000000166e+00 3.546499999999999986e+00
3.415459999999999940e+00 2.176429999999999865e+00 3.254550000000000054e+00 2.001739999999999853e+00 3.330119999999999969e+00 3.526920000000000055e+00 2.493879999999999875e+00 3.028820000000000068e+00 2.843739999999999934e+00 2.131819999999999826e+00 2.659299999999999997e+00
2.000230000000000175e+00 1.468120000000000092e+00 1.884509999999999907e+00 1.333010000000000028e+00 1.867969999999999908e+00 1.827599999999999891e+00 1.735449999999999937e+00 1.783099999999999907e+00 1.782059999999999977e+00 1.491260000000000030e+00 1.663359999999999950e+00
5.488929999999999865e+00 3.944139999999999979e+00 4.223700000000000010e+00 2.793499999999999872e+00 4.225679999999999659e+00 2.845849999999999991e+00 3.884370000000000100e+00 2.750090000000000146e+00 3.832129999999999814e+00 2.225740000000000052e+00 2.048500000000000210e+00
4.316200000000000259e+00 4.680979999999999919e+00 4.361049999999999649e+00 3.376409999999999911e+00 3.635260000000000158e+00 3.306719999999999882e+00 3.086980000000000057e+00 2.977320000000000189e+00 4.324720000000000120e+00 2.519149999999999778e+00 3.821229999999999905e+00
3.930670000000000108e+00 3.682279999999999998e+00 4.104250000000000398e+00 3.296720000000000095e+00 5.045139999999999958e+00 4.823229999999999684e+00 4.505519999999999747e+00 3.043639999999999901e+00 2.803900000000000059e+00 3.089710000000000178e+00 3.823370000000000157e+00
4.192099999999999937e+00 2.629809999999999981e+00 3.883939999999999948e+00 2.423709999999999809e+00 4.065850000000000186e+00 2.524560000000000137e+00 3.780769999999999964e+00 2.428700000000000081e+00 2.206080000000000041e+00 1.995700000000000029e+00 3.087479999999999780e+00
3.386530000000000040e+00 2.666150000000000020e+00 3.723190000000000222e+00 3.008140000000000036e+00 4.246120000000000339e+00 4.020419999999999661e+00 2.636530000000000040e+00 3.632319999999999993e+00 3.276040000000000063e+00 2.482889999999999819e+00 2.998180000000000067e+00
1.589460000000000095e+00 1.248340000000000005e+00 1.534040000000000070e+00 1.240240000000000009e+00 1.561020000000000074e+00 1.548710000000000031e+00 1.482089999999999907e+00 1.526029999999999998e+00 1.529840000000000089e+00 1.345639999999999947e+00 1.500569999999999959e+00
2.050030000000000019e+00 1.172569999999999890e+00 1.826810000000000045e+00 1.321620000000000017e+00 1.868700000000000028e+00 1.852419999999999956e+00 1.736380000000000035e+00 1.781670000000000087e+00 1.706550000000000011e+00 1.487119999999999997e+00 1.653029999999999999e+00
1.826000000000000068e+00 1.390830000000000011e+00 1.767039999999999944e+00 1.362430000000000030e+00 1.785819999999999963e+00 1.708429999999999893e+00 1.657510000000000039e+00 1.729680000000000106e+00 1.576200000000000045e+00 1.435200000000000031e+00 1.599609999999999976e+00
3.235599999999999810e+00 1.836260000000000003e+00 2.797320000000000029e+00 1.738159999999999927e+00 2.876180000000000181e+00 2.778379999999999850e+00 2.626209999999999933e+00 2.572880000000000056e+00 2.438190000000000079e+00 1.956339999999999968e+00 2.284250000000000114e+00
2.591509999999999980e+00 1.993470000000000075e+00 3.073440000000000172e+00 1.872970000000000024e+00 3.215800000000000214e+00 3.380739999999999856e+00 2.762020000000000142e+00 3.025490000000000013e+00 2.771889999999999965e+00 1.953980000000000050e+00 2.432809999999999917e+00
2.399340000000000028e+00 1.459009999999999918e+00 2.251630000000000020e+00 1.534289999999999932e+00 2.398670000000000080e+00 2.280809999999999782e+00 1.998180000000000067e+00 2.186500000000000110e+00 2.130409999999999915e+00 1.715359999999999996e+00 1.837299999999999933e+00
3.805200000000000138e+00 2.395799999999999930e+00 3.908119999999999816e+00 2.215430000000000010e+00 4.016770000000000174e+00 3.889909999999999979e+00 3.186910000000000132e+00 3.620960000000000178e+00 3.253159999999999830e+00 2.369000000000000217e+00 2.803500000000000103e+00
3.002619999999999845e+00 1.864200000000000079e+00 2.831409999999999982e+00 1.755470000000000086e+00 2.656270000000000131e+00 1.930700000000000083e+00 2.854890000000000150e+00 2.598829999999999973e+00 2.333680000000000199e+00 1.894509999999999916e+00 2.333720000000000017e+00
1.588899999999999979e+00 1.243589999999999973e+00 1.533649999999999958e+00 1.232320000000000082e+00 1.558249999999999913e+00 1.557229999999999892e+00 1.489200000000000079e+00 1.527230000000000087e+00 1.532839999999999980e+00 1.341239999999999988e+00 1.503449999999999953e+00
3.374530000000000030e+00 1.956949999999999967e+00 3.232190000000000119e+00 1.843800000000000106e+00 2.966219999999999857e+00 2.036789999999999878e+00 2.929769999999999985e+00 2.887840000000000185e+00 2.582209999999999894e+00 2.023260000000000058e+00 2.405800000000000161e+00
8.428990000000000649e+00 4.940010000000000012e+00 6.285890000000000200e+00 4.283590000000000231e+00 6.105940000000000367e+00 6.869539999999999758e+00 4.086680000000000312e+00 6.486369999999999969e+00 4.809350000000000236e+00 3.063790000000000013e+00 2.679559999999999942e+00
4.808749999999999858e+00 2.960710000000000175e+00 4.386449999999999960e+00 2.570310000000000095e+00 3.449409999999999865e+00 4.732520000000000060e+00 3.528599999999999959e+00 4.911909999999999776e+00 3.673029999999999795e+00 2.110419999999999963e+00 3.306569999999999787e+00
2.412869999999999848e+00 1.432339999999999947e+00 2.311409999999999965e+00 1.454690000000000039e+00 2.247599999999999820e+00 2.210719999999999796e+00 2.066609999999999836e+00 2.164369999999999905e+00 1.975200000000000067e+00 1.608849999999999891e+00 1.855869999999999909e+00
4.413240000000000052e+00 3.358070000000000110e+00 4.182190000000000296e+00 3.041030000000000122e+00 3.423259999999999970e+00 5.077770000000000117e+00 4.496509999999999785e+00 2.932599999999999874e+00 2.546380000000000088e+00 2.343690000000000051e+00 3.434050000000000047e+00
2.485749999999999904e+00 1.518559999999999910e+00 2.298249999999999904e+00 1.538389999999999924e+00 2.426029999999999909e+00 2.306449999999999889e+00 2.128080000000000194e+00 2.119689999999999852e+00 2.153960000000000097e+00 1.710409999999999986e+00 1.916800000000000059e+00
1.839709999999999956e+00 1.626880000000000104e+00 2.474740000000000162e+00 1.804340000000000055e+00 2.389889999999999848e+00 2.586959999999999926e+00 2.434120000000000061e+00 2.392399999999999860e+00 2.123569999999999958e+00 1.787860000000000005e+00 2.040999999999999925e+00
2.319199999999999928e+00 1.707640000000000047e+00 2.283729999999999816e+00 1.636530000000000040e+00 2.347949999999999982e+00 2.260580000000000034e+00 2.064000000000000057e+00 2.115069999999999784e+00 2.095479999999999787e+00 1.657010000000000094e+00 1.859799999999999898e+00
6.010250000000000092e+00 3.614259999999999806e+00 5.468140000000000001e+00 3.161459999999999937e+00 5.290060000000000429e+00 5.261479999999999713e+00 4.644980000000000331e+00 5.553209999999999980e+00 4.070520000000000138e+00 2.912080000000000002e+00 4.785000000000000142e+00
1.725770000000000026e+00 1.310259999999999980e+00 1.653240000000000043e+00 1.290180000000000105e+00 1.648619999999999974e+00 1.651839999999999975e+00 1.565169999999999950e+00 1.623780000000000001e+00 1.597180000000000044e+00 1.381620000000000070e+00 1.548429999999999973e+00
2.440430000000000099e+00 1.398030000000000106e+00 2.209649999999999892e+00 1.428109999999999991e+00 2.261499999999999844e+00 2.154780000000000140e+00 1.994879999999999987e+00 2.123270000000000213e+00 1.967559999999999976e+00 1.641140000000000043e+00 1.816429999999999989e+00
3.606599999999999806e+00 2.665410000000000057e+00 3.473469999999999835e+00 2.002499999999999947e+00 3.668460000000000054e+00 3.509850000000000136e+00 2.996539999999999981e+00 3.153649999999999842e+00 2.966660000000000075e+00 2.111940000000000150e+00 2.540750000000000064e+00
2.961860000000000159e+00 1.914670000000000094e+00 2.952879999999999949e+00 1.790410000000000057e+00 3.187050000000000161e+00 2.941920000000000091e+00 2.608400000000000052e+00 2.746480000000000032e+00 2.657360000000000166e+00 1.909380000000000077e+00 2.336549999999999905e+00
3.338789999999999925e+00 1.950399999999999912e+00 2.862190000000000012e+00 1.824300000000000033e+00 3.141220000000000123e+00 2.983849999999999891e+00 2.664789999999999992e+00 2.805140000000000189e+00 2.702350000000000030e+00 2.043649999999999967e+00 2.345260000000000122e+00
2.663819999999999855e+00 1.583309999999999995e+00 2.418379999999999974e+00 1.628630000000000022e+00 2.346630000000000216e+00 2.546349999999999891e+00 2.348149999999999959e+00 2.299049999999999816e+00 2.067229999999999901e+00 1.633699999999999930e+00 2.001030000000000086e+00
4.100109999999999921e+00 2.421209999999999862e+00 3.664330000000000087e+00 2.237190000000000012e+00 4.146399999999999864e+00 2.452020000000000088e+00 3.391070000000000029e+00 4.667699999999999960e+00 2.073760000000000048e+00 2.283240000000000158e+00 2.865629999999999900e+00
2.285620000000000207e+00 1.353469999999999951e+00 2.151629999999999932e+00 1.561190000000000078e+00 2.189630000000000187e+00 2.112260000000000026e+00 1.945580000000000087e+00 2.067950000000000177e+00 1.954150000000000054e+00 1.604379999999999917e+00 1.777449999999999974e+00
5.151530000000000165e+00 3.171419999999999906e+00 4.805880000000000152e+00 2.701909999999999812e+00 4.695409999999999862e+00 4.472719999999999807e+00 3.848180000000000156e+00 5.234919999999999796e+00 3.798350000000000115e+00 2.220380000000000020e+00 3.313619999999999788e+00
4.003709999999999880e+00 2.173550000000000093e+00 3.339799999999999880e+00 2.025939999999999852e+00 3.280720000000000081e+00 2.263139999999999930e+00 3.203129999999999811e+00 2.610110000000000152e+00 2.702090000000000103e+00 1.751779999999999893e+00 2.676959999999999784e+00
2.165340000000000042e+00 1.351169999999999982e+00 2.119390000000000107e+00 1.395199999999999996e+00 2.218719999999999803e+00 2.095050000000000079e+00 1.902819999999999956e+00 2.009739999999999860e+00 1.988289999999999891e+00 1.621050000000000102e+00 1.760860000000000092e+00
3.956910000000000149e+00 3.253719999999999946e+00 3.612779999999999880e+00 3.479190000000000005e+00 4.751579999999999693e+00 3.036259999999999959e+00 2.845829999999999860e+00 4.003359999999999808e+00 3.858589999999999964e+00 2.292180000000000106e+00 3.351919999999999789e+00
5.092539999999999623e+00 4.169469999999999565e+00 6.138950000000000351e+00 3.682869999999999866e+00 6.013799999999999812e+00 5.319749999999999979e+00 3.277530000000000054e+00 5.836999999999999744e+00 4.261289999999999800e+00 3.082040000000000113e+00 2.367659999999999876e+00
7.513370000000000104e+00 4.403109999999999857e+00 5.052349999999999675e+00 3.868320000000000203e+00 4.471379999999999910e+00 6.163170000000000037e+00 5.468969999999999665e+00 3.161970000000000169e+00 3.091650000000000009e+00 3.329320000000000057e+00 4.177859999999999907e+00
3.026400000000000201e+00 2.301820000000000199e+00 3.772289999999999921e+00 2.129160000000000164e+00 3.636890000000000178e+00 3.848079999999999945e+00 3.180499999999999883e+00 2.722459999999999880e+00 3.066209999999999880e+00 1.794729999999999936e+00 4.682909999999999684e+00
4.864300000000000068e+00 2.736409999999999787e+00 3.367049999999999876e+00 2.503369999999999873e+00 4.561639999999999695e+00 4.361110000000000042e+00 2.998949999999999783e+00 4.786520000000000330e+00 3.488840000000000163e+00 2.555219999999999825e+00 3.098019999999999996e+00
1.863580000000000014e+00 1.442490000000000050e+00 1.842289999999999983e+00 1.402760000000000007e+00 1.895129999999999981e+00 1.820559999999999956e+00 1.696649999999999991e+00 1.746499999999999941e+00 1.753130000000000077e+00 1.477670000000000039e+00 1.630069999999999908e+00
1.477659999999999973e+00 1.188269999999999937e+00 1.443030000000000035e+00 1.185429999999999984e+00 1.462169999999999970e+00 1.479060000000000041e+00 1.417000000000000037e+00 1.467219999999999969e+00 1.472369999999999957e+00 1.306040000000000090e+00 1.463489999999999958e+00
1.448010000000000019e+00 1.176129999999999898e+00 1.416299999999999892e+00 1.174279999999999990e+00 1.455179999999999918e+00 1.459829999999999961e+00 1.404830000000000023e+00 1.448550000000000004e+00 1.461989999999999901e+00 1.299369999999999914e+00 1.455650000000000110e+00
2.303789999999999782e+00 1.395129999999999981e+00 2.165979999999999794e+00 1.334289999999999976e+00 2.246259999999999923e+00 2.179660000000000153e+00 2.013110000000000177e+00 2.117249999999999854e+00 1.953650000000000109e+00 1.640360000000000040e+00 1.796799999999999953e+00
