1.006979999999999986e+00 1.037509999999999932e+00 1.076740000000000030e+00 1.120479999999999920e+00 1.165319999999999911e+00 1.206779999999999964e+00 1.244869999999999921e+00 1.286049999999999915e+00 1.333599999999999897e+00 1.387669999999999959e+00 1.447210000000000107e+00
1.006399999999999961e+00 1.016799999999999926e+00 1.028810000000000002e+00 1.041209999999999969e+00 1.053530000000000078e+00 1.064680000000000071e+00 1.074179999999999913e+00 1.083010000000000028e+00 1.092540000000000067e+00 1.103520000000000056e+00 1.115720000000000045e+00
1.007600000000000051e+00 1.062170000000000059e+00 1.136779999999999902e+00 1.220509999999999984e+00 1.303520000000000012e+00 1.381459999999999910e+00 1.456730000000000080e+00 1.539449999999999985e+00 1.634940000000000060e+00 1.739970000000000017e+00 1.853849999999999998e+00
1.007949999999999902e+00 1.077660000000000062e+00 1.170050000000000034e+00 1.268170000000000019e+00 1.361629999999999896e+00 1.449980000000000047e+00 1.546829999999999927e+00 1.662420000000000009e+00 1.790769999999999973e+00 1.927340000000000053e+00 2.068970000000000198e+00
1.006329999999999947e+00 1.014259999999999939e+00 1.023339999999999916e+00 1.032810000000000006e+00 1.042210000000000081e+00 1.050810000000000022e+00 1.058149999999999924e+00 1.064759999999999929e+00 1.071490000000000054e+00 1.078559999999999963e+00 1.086519999999999930e+00
1.007630000000000026e+00 1.062769999999999992e+00 1.134789999999999965e+00 1.212749999999999995e+00 1.287730000000000041e+00 1.356239999999999890e+00 1.426590000000000025e+00 1.509640000000000093e+00 1.605460000000000109e+00 1.709719999999999906e+00 1.819369999999999932e+00
1.009449999999999958e+00 1.145729999999999915e+00 1.335139999999999993e+00 1.525619999999999976e+00 1.708409999999999984e+00 1.896099999999999897e+00 2.107120000000000104e+00 2.346070000000000100e+00 2.599619999999999820e+00 2.858200000000000074e+00 3.121399999999999952e+00
1.008189999999999920e+00 1.084610000000000074e+00 1.188150000000000039e+00 1.300759999999999916e+00 1.409990000000000077e+00 1.513970000000000038e+00 1.622579999999999911e+00 1.747549999999999937e+00 1.887960000000000083e+00 2.039089999999999847e+00 2.195699999999999985e+00
1.006620000000000070e+00 1.024899999999999922e+00 1.046629999999999949e+00 1.069209999999999994e+00 1.091320000000000068e+00 1.110630000000000006e+00 1.128020000000000023e+00 1.147569999999999979e+00 1.170909999999999895e+00 1.197889999999999899e+00 1.228120000000000100e+00
1.010049999999999892e+00 1.168160000000000087e+00 1.382260000000000044e+00 1.597069999999999990e+00 1.804619999999999891e+00 2.017329999999999846e+00 2.257880000000000109e+00 2.528280000000000083e+00 2.815189999999999859e+00 3.113379999999999814e+00 3.414410000000000167e+00
1.007390000000000008e+00 1.049919999999999964e+00 1.103320000000000078e+00 1.164660000000000029e+00 1.230010000000000048e+00 1.293860000000000010e+00 1.353390000000000093e+00 1.411790000000000100e+00 1.473530000000000006e+00 1.541309999999999958e+00 1.616079999999999961e+00
1.006499999999999950e+00 1.020939999999999959e+00 1.038089999999999957e+00 1.055579999999999963e+00 1.072440000000000060e+00 1.086689999999999934e+00 1.098850000000000104e+00 1.112449999999999939e+00 1.128940000000000055e+00 1.148560000000000025e+00 1.170919999999999961e+00
1.007120000000000015e+00 1.040280000000000094e+00 1.080920000000000103e+00 1.126560000000000006e+00 1.175070000000000059e+00 1.222769999999999913e+00 1.266990000000000061e+00 1.309970000000000079e+00 1.354919999999999902e+00 1.404260000000000064e+00 1.458399999999999919e+00
1.008420000000000094e+00 1.092750000000000110e+00 1.206520000000000037e+00 1.330089999999999995e+00 1.450550000000000006e+00 1.564969999999999972e+00 1.684160000000000101e+00 1.820959999999999912e+00 1.972949999999999982e+00 2.138139999999999930e+00 2.307749999999999968e+00
1.006299999999999972e+00 1.013540000000000108e+00 1.021740000000000093e+00 1.030080000000000107e+00 1.038010000000000099e+00 1.044740000000000002e+00 1.050040000000000084e+00 1.055139999999999967e+00 1.060740000000000016e+00 1.067010000000000014e+00 1.074210000000000109e+00
1.007190000000000030e+00 1.046089999999999964e+00 1.097040000000000015e+00 1.152779999999999916e+00 1.208220000000000072e+00 1.258760000000000101e+00 1.306899999999999951e+00 1.361809999999999965e+00 1.426749999999999963e+00 1.500250000000000083e+00 1.579290000000000083e+00
1.007730000000000015e+00 1.065760000000000041e+00 1.143839999999999968e+00 1.232050000000000090e+00 1.320189999999999975e+00 1.403319999999999901e+00 1.483759999999999968e+00 1.570500000000000007e+00 1.670549999999999979e+00 1.781830000000000025e+00 1.899270000000000014e+00
1.006879999999999997e+00 1.032580000000000053e+00 1.064419999999999922e+00 1.100670000000000037e+00 1.139559999999999906e+00 1.178139999999999965e+00 1.213959999999999928e+00 1.247689999999999966e+00 1.282270000000000021e+00 1.320780000000000065e+00 1.363620000000000054e+00
1.007430000000000048e+00 1.052149999999999919e+00 1.109979999999999967e+00 1.176260000000000083e+00 1.245249999999999968e+00 1.311299999999999910e+00 1.372999999999999998e+00 1.435189999999999966e+00 1.504440000000000000e+00 1.581970000000000098e+00 1.667489999999999917e+00
1.007160000000000055e+00 1.043889999999999985e+00 1.090219999999999967e+00 1.140670000000000073e+00 1.190460000000000074e+00 1.234830000000000094e+00 1.279249999999999998e+00 1.332379999999999898e+00 1.395229999999999970e+00 1.464569999999999927e+00 1.539469999999999894e+00
1.007989999999999942e+00 1.079010000000000025e+00 1.177280000000000104e+00 1.283490000000000020e+00 1.386160000000000059e+00 1.483910000000000062e+00 1.585949999999999971e+00 1.703549999999999898e+00 1.836370000000000058e+00 1.979230000000000045e+00 2.126069999999999904e+00
1.006359999999999921e+00 1.015749999999999931e+00 1.026650000000000063e+00 1.037690000000000001e+00 1.048280000000000101e+00 1.057299999999999907e+00 1.064429999999999987e+00 1.071199999999999930e+00 1.078869999999999996e+00 1.088060000000000027e+00 1.098729999999999984e+00
1.009370000000000100e+00 1.131629999999999914e+00 1.299989999999999979e+00 1.476830000000000087e+00 1.648290000000000033e+00 1.817020000000000080e+00 1.995770000000000044e+00 2.198780000000000179e+00 2.421829999999999927e+00 2.658980000000000121e+00 2.902899999999999814e+00
1.007840000000000069e+00 1.071839999999999904e+00 1.154560000000000031e+00 1.241770000000000040e+00 1.324330000000000007e+00 1.400509999999999922e+00 1.483009999999999939e+00 1.581239999999999979e+00 1.691990000000000105e+00 1.811539999999999928e+00 1.936770000000000103e+00
1.006559999999999899e+00 1.022410000000000041e+00 1.041080000000000005e+00 1.061120000000000063e+00 1.081960000000000033e+00 1.102230000000000043e+00 1.120710000000000095e+00 1.138020000000000032e+00 1.156120000000000037e+00 1.175880000000000036e+00 1.197650000000000103e+00
1.008389999999999898e+00 1.091259999999999897e+00 1.204190000000000094e+00 1.328799999999999981e+00 1.451570000000000027e+00 1.568310000000000093e+00 1.683610000000000051e+00 1.808999999999999941e+00 1.951640000000000041e+00 2.106889999999999930e+00 2.272180000000000089e+00
1.009800000000000031e+00 1.150390000000000024e+00 1.342500000000000027e+00 1.542059999999999986e+00 1.734429999999999916e+00 1.920900000000000052e+00 2.115029999999999966e+00 2.333079999999999821e+00 2.575520000000000032e+00 2.833380000000000010e+00 3.102090000000000014e+00
1.011330000000000062e+00 1.225260000000000016e+00 1.510699999999999932e+00 1.794580000000000064e+00 2.073179999999999801e+00 2.366899999999999782e+00 2.697509999999999852e+00 3.063959999999999795e+00 3.452090000000000103e+00 3.847129999999999939e+00 4.245910000000000295e+00
1.008150000000000102e+00 1.079590000000000050e+00 1.172020000000000062e+00 1.273660000000000014e+00 1.373839999999999950e+00 1.467910000000000048e+00 1.561739999999999906e+00 1.664500000000000091e+00 1.781339999999999923e+00 1.909459999999999935e+00 2.045519999999999783e+00
1.008359999999999923e+00 1.093509999999999982e+00 1.210579999999999989e+00 1.335390000000000077e+00 1.455119999999999969e+00 1.571460000000000079e+00 1.697049999999999947e+00 1.841229999999999922e+00 2.001129999999999853e+00 2.170830000000000037e+00 2.345130000000000159e+00
1.006450000000000067e+00 1.018729999999999913e+00 1.033390000000000031e+00 1.048920000000000075e+00 1.064659999999999940e+00 1.079479999999999995e+00 1.092359999999999998e+00 1.103979999999999961e+00 1.116090000000000027e+00 1.129790000000000072e+00 1.145299999999999985e+00
1.006610000000000005e+00 1.024100000000000010e+00 1.045199999999999907e+00 1.067809999999999926e+00 1.090780000000000083e+00 1.112419999999999964e+00 1.131729999999999903e+00 1.150590000000000002e+00 1.171210000000000084e+00 1.194239999999999968e+00 1.220439999999999969e+00
1.006490000000000107e+00 1.020380000000000065e+00 1.037570000000000103e+00 1.056119999999999948e+00 1.074910000000000032e+00 1.092410000000000103e+00 1.107509999999999994e+00 1.121729999999999894e+00 1.136789999999999967e+00 1.153659999999999908e+00 1.172979999999999912e+00
1.007719999999999949e+00 1.063879999999999937e+00 1.137080000000000091e+00 1.219289999999999985e+00 1.301960000000000006e+00 1.379510000000000014e+00 1.454020000000000090e+00 1.534129999999999994e+00 1.624130000000000074e+00 1.724269999999999969e+00 1.832789999999999919e+00
1.007319999999999993e+00 1.052440000000000042e+00 1.110840000000000050e+00 1.172679999999999945e+00 1.229899999999999993e+00 1.283250000000000002e+00 1.347949999999999982e+00 1.426020000000000065e+00 1.513160000000000061e+00 1.606170000000000098e+00 1.702499999999999902e+00
1.006389999999999896e+00 1.017509999999999915e+00 1.030489999999999906e+00 1.043500000000000094e+00 1.055989999999999984e+00 1.066769999999999996e+00 1.075579999999999981e+00 1.083939999999999904e+00 1.093380000000000019e+00 1.104889999999999928e+00 1.118360000000000021e+00
1.007700000000000040e+00 1.066889999999999894e+00 1.148279999999999967e+00 1.237910000000000066e+00 1.324859999999999927e+00 1.406549999999999967e+00 1.489170000000000105e+00 1.582349999999999923e+00 1.690630000000000077e+00 1.806869999999999976e+00 1.930900000000000061e+00
1.008699999999999930e+00 1.111750000000000016e+00 1.249840000000000062e+00 1.388730000000000020e+00 1.520389999999999908e+00 1.659859999999999891e+00 1.828160000000000007e+00 2.016169999999999796e+00 2.215170000000000083e+00 2.416760000000000019e+00 2.623060000000000169e+00
1.006289999999999907e+00 1.012909999999999977e+00 1.020080000000000098e+00 1.027519999999999989e+00 1.034939999999999971e+00 1.041809999999999903e+00 1.048240000000000061e+00 1.054459999999999953e+00 1.060699999999999976e+00 1.067110000000000003e+00 1.073830000000000062e+00
1.007759999999999989e+00 1.071329999999999893e+00 1.154619999999999980e+00 1.240080000000000071e+00 1.318489999999999940e+00 1.397710000000000008e+00 1.496189999999999909e+00 1.611220000000000097e+00 1.735139999999999905e+00 1.863310000000000022e+00 1.994909999999999961e+00
1.011130000000000084e+00 1.229729999999999990e+00 1.517660000000000009e+00 1.796750000000000069e+00 2.077630000000000088e+00 2.392809999999999881e+00 2.753629999999999800e+00 3.136470000000000091e+00 3.525720000000000187e+00 3.923220000000000152e+00 4.318830000000000169e+00
1.009439999999999893e+00 1.145559999999999912e+00 1.328940000000000010e+00 1.509540000000000104e+00 1.683999999999999941e+00 1.874500000000000055e+00 2.099489999999999856e+00 2.345639999999999947e+00 2.601789999999999825e+00 2.861079999999999846e+00 3.124260000000000037e+00
1.006490000000000107e+00 1.020669999999999966e+00 1.036850000000000049e+00 1.052349999999999897e+00 1.065430000000000099e+00 1.075199999999999934e+00 1.085690000000000044e+00 1.099529999999999896e+00 1.116759999999999975e+00 1.136929999999999996e+00 1.159359999999999946e+00
1.011160000000000059e+00 1.222450000000000037e+00 1.496439999999999992e+00 1.764199999999999990e+00 2.031919999999999948e+00 2.332380000000000120e+00 2.680590000000000028e+00 3.050419999999999909e+00 3.433499999999999996e+00 3.820370000000000044e+00 4.213009999999999700e+00
1.007889999999999953e+00 1.070149999999999935e+00 1.151720000000000077e+00 1.244620000000000060e+00 1.337539999999999951e+00 1.425780000000000047e+00 1.512389999999999901e+00 1.605390000000000095e+00 1.708700000000000108e+00 1.823080000000000034e+00 1.946150000000000047e+00
1.006769999999999943e+00 1.031600000000000072e+00 1.061199999999999921e+00 1.090910000000000046e+00 1.117380000000000040e+00 1.139329999999999954e+00 1.166560000000000041e+00 1.201589999999999936e+00 1.243160000000000043e+00 1.289439999999999920e+00 1.338980000000000059e+00
1.007360000000000033e+00 1.049930000000000030e+00 1.104270000000000085e+00 1.165440000000000031e+00 1.228439999999999976e+00 1.287830000000000030e+00 1.343259999999999899e+00 1.399520000000000097e+00 1.462169999999999970e+00 1.532869999999999955e+00 1.610309999999999908e+00
1.010520000000000085e+00 1.191799999999999971e+00 1.432160000000000100e+00 1.668949999999999934e+00 1.902090000000000058e+00 2.159670000000000201e+00 2.457860000000000156e+00 2.781940000000000079e+00 3.117329999999999934e+00 3.457640000000000047e+00 3.799549999999999983e+00
1.006259999999999932e+00 1.012000000000000011e+00 1.018189999999999928e+00 1.024520000000000097e+00 1.030739999999999990e+00 1.036429999999999962e+00 1.041789999999999994e+00 1.047080000000000011e+00 1.052450000000000108e+00 1.057970000000000077e+00 1.063730000000000064e+00
1.007430000000000048e+00 1.054880000000000040e+00 1.116340000000000110e+00 1.182569999999999899e+00 1.246170000000000000e+00 1.304769999999999985e+00 1.367240000000000011e+00 1.441019999999999968e+00 1.526119999999999921e+00 1.618689999999999962e+00 1.716080000000000050e+00
1.007730000000000015e+00 1.066440000000000055e+00 1.145389999999999908e+00 1.233000000000000096e+00 1.318510000000000071e+00 1.399340000000000028e+00 1.481090000000000018e+00 1.574300000000000033e+00 1.679680000000000062e+00 1.795840000000000103e+00 1.917289999999999939e+00
1.007700000000000040e+00 1.062720000000000109e+00 1.135559999999999903e+00 1.219039999999999901e+00 1.302899999999999947e+00 1.381869999999999932e+00 1.459130000000000038e+00 1.541570000000000107e+00 1.633850000000000025e+00 1.736760000000000081e+00 1.848060000000000036e+00
1.007449999999999957e+00 1.054040000000000088e+00 1.115410000000000013e+00 1.185119999999999951e+00 1.255209999999999937e+00 1.321090000000000098e+00 1.384660000000000002e+00 1.453049999999999953e+00 1.531400000000000095e+00 1.619070000000000009e+00 1.714909999999999934e+00
1.007540000000000102e+00 1.061960000000000015e+00 1.132789999999999964e+00 1.206569999999999920e+00 1.274319999999999897e+00 1.340829999999999966e+00 1.423410000000000064e+00 1.521940000000000071e+00 1.629529999999999923e+00 1.741260000000000030e+00 1.856160000000000032e+00
1.008610000000000007e+00 1.103879999999999972e+00 1.234690000000000065e+00 1.370560000000000000e+00 1.500059999999999949e+00 1.630079999999999973e+00 1.778469999999999995e+00 1.948260000000000103e+00 2.131339999999999790e+00 2.321390000000000065e+00 2.517659999999999787e+00
1.006459999999999910e+00 1.019470000000000098e+00 1.034880000000000022e+00 1.050410000000000066e+00 1.065059999999999896e+00 1.077360000000000095e+00 1.087739999999999929e+00 1.098700000000000010e+00 1.111850000000000005e+00 1.127839999999999954e+00 1.146449999999999969e+00
1.009090000000000042e+00 1.122370000000000090e+00 1.278759999999999897e+00 1.441400000000000015e+00 1.597529999999999895e+00 1.753370000000000095e+00 1.925030000000000019e+00 2.119699999999999918e+00 2.332679999999999865e+00 2.555569999999999897e+00 2.784009999999999874e+00
1.008219999999999894e+00 1.090170000000000083e+00 1.199300000000000033e+00 1.310840000000000005e+00 1.414809999999999901e+00 1.520040000000000058e+00 1.646030000000000104e+00 1.790240000000000054e+00 1.945049999999999946e+00 2.108000000000000096e+00 2.272349999999999870e+00
1.006429999999999936e+00 1.018040000000000056e+00 1.031479999999999952e+00 1.045420000000000016e+00 1.059180000000000010e+00 1.071720000000000006e+00 1.082529999999999992e+00 1.092750000000000110e+00 1.103639999999999954e+00 1.116039999999999921e+00 1.130249999999999977e+00
1.008639999999999981e+00 1.102309999999999901e+00 1.231489999999999974e+00 1.371739999999999959e+00 1.507540000000000102e+00 1.637320000000000109e+00 1.770299999999999985e+00 1.916840000000000099e+00 2.081760000000000055e+00 2.260780000000000012e+00 2.446480000000000210e+00
1.010140000000000038e+00 1.164420000000000011e+00 1.374139999999999917e+00 1.589380000000000015e+00 1.796829999999999927e+00 2.000989999999999824e+00 2.217859999999999943e+00 2.460010000000000030e+00 2.729870000000000019e+00 3.014740000000000197e+00 3.307929999999999815e+00
1.011209999999999942e+00 1.227449999999999930e+00 1.510550000000000059e+00 1.787099999999999911e+00 2.062619999999999898e+00 2.372720000000000162e+00 2.725589999999999957e+00 3.106619999999999937e+00 3.495210000000000150e+00 3.893009999999999859e+00 4.288579999999999615e+00
1.008760000000000101e+00 1.108919999999999906e+00 1.240850000000000009e+00 1.375969999999999915e+00 1.502289999999999903e+00 1.629310000000000036e+00 1.777719999999999967e+00 1.948970000000000091e+00 2.133220000000000116e+00 2.324749999999999872e+00 2.522749999999999826e+00
1.008769999999999945e+00 1.113930000000000087e+00 1.256520000000000081e+00 1.400970000000000049e+00 1.538869999999999960e+00 1.684059999999999890e+00 1.856230000000000047e+00 2.047689999999999788e+00 2.250179999999999847e+00 2.459140000000000104e+00 2.670009999999999994e+00
1.006590000000000096e+00 1.023579999999999934e+00 1.044440000000000035e+00 1.066889999999999894e+00 1.089709999999999956e+00 1.111329999999999929e+00 1.130489999999999995e+00 1.148479999999999945e+00 1.168009999999999993e+00 1.190630000000000077e+00 1.216779999999999973e+00
1.007060000000000066e+00 1.039760000000000018e+00 1.079550000000000010e+00 1.122139999999999915e+00 1.162900000000000045e+00 1.198949999999999960e+00 1.237649999999999917e+00 1.282909999999999995e+00 1.334649999999999892e+00 1.392169999999999908e+00 1.454280000000000017e+00
1.006350000000000078e+00 1.016040000000000054e+00 1.027490000000000014e+00 1.038610000000000033e+00 1.048059999999999992e+00 1.054410000000000069e+00 1.059889999999999999e+00 1.066680000000000073e+00 1.075380000000000003e+00 1.086160000000000014e+00 1.098629999999999995e+00
1.007489999999999997e+00 1.055790000000000006e+00 1.117839999999999945e+00 1.186849999999999961e+00 1.254380000000000051e+00 1.316780000000000062e+00 1.382800000000000029e+00 1.458029999999999937e+00 1.542890000000000095e+00 1.635780000000000012e+00 1.733749999999999902e+00
