1.694479999999999986e+00 2.627400000000000180e+00 2.482940000000000147e+00 2.585560000000000080e+00 2.309390000000000054e+00 2.413790000000000102e+00 2.238589999999999858e+00 2.303960000000000008e+00 2.290989999999999860e+00 2.185270000000000046e+00 2.018429999999999946e+00
1.318319999999999936e+00 2.036080000000000112e+00 1.997770000000000046e+00 2.015410000000000146e+00 1.819309999999999983e+00 1.884980000000000100e+00 1.876020000000000021e+00 1.792750000000000066e+00 1.881299999999999972e+00 1.802049999999999930e+00 1.775900000000000034e+00
2.518139999999999823e+00 3.420059999999999878e+00 3.739110000000000156e+00 3.477360000000000007e+00 2.806700000000000195e+00 3.397790000000000088e+00 2.389780000000000015e+00 2.830789999999999917e+00 3.289359999999999840e+00 2.926210000000000200e+00 2.891570000000000196e+00
3.279609999999999914e+00 4.019319999999999560e+00 3.903490000000000126e+00 4.087439999999999962e+00 3.522190000000000154e+00 2.877839999999999954e+00 3.209299999999999820e+00 3.063489999999999824e+00 1.988860000000000072e+00 3.074440000000000062e+00 2.916030000000000122e+00
1.338039999999999896e+00 1.690690000000000026e+00 1.608489999999999975e+00 1.663739999999999997e+00 1.569020000000000081e+00 1.590060000000000029e+00 1.566899999999999959e+00 1.576349999999999918e+00 1.623429999999999929e+00 1.576980000000000048e+00 1.560110000000000108e+00
2.431039999999999868e+00 3.849499999999999922e+00 3.711609999999999854e+00 3.518969999999999931e+00 3.255580000000000140e+00 3.019849999999999923e+00 3.184810000000000141e+00 3.072760000000000158e+00 3.375490000000000101e+00 2.738020000000000120e+00 2.776440000000000019e+00
3.215040000000000120e+00 4.668809999999999683e+00 3.342719999999999914e+00 3.473500000000000032e+00 3.947709999999999830e+00 3.727170000000000094e+00 3.663609999999999811e+00 3.566230000000000011e+00 2.212229999999999919e+00 3.455109999999999904e+00 3.273169999999999913e+00
3.509759999999999991e+00 4.594850000000000101e+00 3.250789999999999846e+00 4.165070000000000050e+00 3.163580000000000059e+00 2.751780000000000115e+00 3.570590000000000153e+00 3.647279999999999855e+00 3.700619999999999798e+00 2.077920000000000211e+00 2.973019999999999996e+00
1.253460000000000019e+00 1.965279999999999916e+00 1.869920000000000027e+00 1.887350000000000083e+00 1.797350000000000003e+00 1.862370000000000081e+00 1.790089999999999959e+00 1.760780000000000012e+00 1.808149999999999924e+00 1.749239999999999906e+00 1.701899999999999968e+00
3.764100000000000001e+00 4.173199999999999577e+00 4.681989999999999874e+00 3.614489999999999981e+00 4.076660000000000394e+00 3.369470000000000187e+00 2.967060000000000031e+00 2.701239999999999863e+00 4.418090000000000295e+00 2.503649999999999931e+00 3.599650000000000016e+00
2.125290000000000123e+00 3.443259999999999987e+00 3.133859999999999868e+00 3.115950000000000220e+00 2.805079999999999796e+00 2.789019999999999833e+00 2.868170000000000108e+00 2.663819999999999855e+00 2.834979999999999833e+00 2.498190000000000133e+00 2.450380000000000003e+00
1.982669999999999932e+00 3.164670000000000094e+00 3.245420000000000194e+00 2.982130000000000170e+00 2.738799999999999901e+00 2.503379999999999939e+00 2.620600000000000041e+00 2.530250000000000110e+00 2.672120000000000051e+00 2.351100000000000190e+00 2.283700000000000063e+00
1.725950000000000095e+00 2.602219999999999978e+00 2.544500000000000206e+00 2.571359999999999868e+00 2.338429999999999787e+00 2.413650000000000073e+00 2.420539999999999914e+00 2.225179999999999936e+00 2.389949999999999797e+00 2.206869999999999887e+00 2.081479999999999997e+00
2.761750000000000149e+00 3.953409999999999869e+00 3.973409999999999886e+00 4.250700000000000145e+00 3.583400000000000141e+00 3.576600000000000001e+00 2.541690000000000005e+00 3.461409999999999876e+00 2.077259999999999884e+00 3.030699999999999950e+00 3.034079999999999888e+00
1.323069999999999968e+00 1.659790000000000099e+00 1.581919999999999993e+00 1.636540000000000106e+00 1.547020000000000062e+00 1.574100000000000055e+00 1.548000000000000043e+00 1.559379999999999988e+00 1.606519999999999948e+00 1.564880000000000049e+00 1.548389999999999933e+00
3.085129999999999928e+00 3.936970000000000081e+00 3.341070000000000206e+00 3.852409999999999890e+00 3.293719999999999981e+00 2.893029999999999990e+00 3.539820000000000189e+00 2.045560000000000045e+00 3.197560000000000180e+00 2.964649999999999785e+00 2.818620000000000125e+00
2.182360000000000078e+00 3.504599999999999937e+00 2.864819999999999922e+00 3.257010000000000183e+00 2.892419999999999991e+00 2.594510000000000094e+00 2.924539999999999917e+00 2.689080000000000137e+00 2.973520000000000163e+00 2.632420000000000204e+00 2.522429999999999950e+00
2.068979999999999819e+00 2.711409999999999876e+00 2.655679999999999819e+00 2.715790000000000148e+00 2.491120000000000001e+00 2.554269999999999818e+00 2.363849999999999785e+00 2.299840000000000106e+00 2.409100000000000019e+00 2.189900000000000180e+00 2.107099999999999973e+00
2.139959999999999862e+00 2.635019999999999918e+00 3.016119999999999912e+00 3.158349999999999991e+00 2.837709999999999955e+00 2.798740000000000006e+00 2.005079999999999973e+00 2.634999999999999787e+00 2.854940000000000033e+00 2.526749999999999829e+00 2.474990000000000023e+00
2.217480000000000118e+00 3.548379999999999868e+00 3.561119999999999841e+00 3.375020000000000131e+00 3.033539999999999903e+00 2.076389999999999958e+00 2.901479999999999837e+00 2.744639999999999969e+00 2.978400000000000158e+00 2.639879999999999782e+00 2.529420000000000002e+00
1.920190000000000063e+00 3.013939999999999841e+00 2.521689999999999987e+00 2.819119999999999848e+00 2.619730000000000114e+00 2.640950000000000131e+00 2.599439999999999973e+00 2.343890000000000029e+00 2.552420000000000133e+00 2.477489999999999970e+00 2.251809999999999867e+00
1.504380000000000051e+00 1.975209999999999910e+00 1.810580000000000078e+00 1.914069999999999938e+00 1.776289999999999925e+00 1.816750000000000087e+00 1.778920000000000057e+00 1.723840000000000039e+00 1.788489999999999913e+00 1.725530000000000008e+00 1.690369999999999928e+00
3.761239999999999917e+00 4.739110000000000156e+00 3.705119999999999969e+00 3.738150000000000084e+00 4.036900000000000155e+00 3.750410000000000021e+00 4.308539999999999814e+00 2.692629999999999857e+00 2.457759999999999945e+00 3.896700000000000053e+00 3.499849999999999905e+00
2.399169999999999803e+00 3.735349999999999948e+00 3.828679999999999861e+00 3.477539999999999853e+00 2.746780000000000221e+00 3.183209999999999873e+00 3.021290000000000031e+00 2.916349999999999998e+00 3.357299999999999951e+00 2.999800000000000022e+00 2.781649999999999956e+00
1.357359999999999900e+00 2.110920000000000130e+00 2.003579999999999917e+00 2.028840000000000199e+00 1.935189999999999966e+00 1.988289999999999891e+00 1.922009999999999996e+00 1.835369999999999946e+00 1.904479999999999951e+00 1.820680000000000076e+00 1.782929999999999904e+00
3.619139999999999802e+00 5.019409999999999705e+00 3.618770000000000042e+00 3.904860000000000220e+00 3.644940000000000069e+00 3.782189999999999941e+00 3.014559999999999906e+00 2.886429999999999829e+00 2.447709999999999830e+00 2.402499999999999858e+00 3.615299999999999958e+00
4.803420000000000023e+00 5.472279999999999589e+00 4.653489999999999682e+00 4.901349999999999874e+00 4.620980000000000310e+00 4.094339999999999868e+00 5.489060000000000272e+00 3.269359999999999822e+00 5.431770000000000209e+00 4.449699999999999989e+00 4.124259999999999593e+00
4.562439999999999607e+00 5.332440000000000069e+00 4.737390000000000434e+00 4.374950000000000117e+00 4.430810000000000137e+00 5.061650000000000205e+00 3.508599999999999941e+00 3.334529999999999994e+00 5.167819999999999858e+00 4.827890000000000015e+00 3.911610000000000031e+00
2.284670000000000201e+00 3.758199999999999985e+00 2.566559999999999953e+00 3.424009999999999998e+00 2.768549999999999844e+00 2.957829999999999959e+00 2.866740000000000066e+00 2.980919999999999792e+00 3.101140000000000008e+00 2.799259999999999859e+00 2.636000000000000121e+00
2.682160000000000100e+00 4.101740000000000386e+00 3.882140000000000146e+00 3.737899999999999778e+00 3.082759999999999945e+00 3.184600000000000097e+00 2.470590000000000064e+00 3.193639999999999812e+00 3.550870000000000193e+00 3.975429999999999797e+00 2.961860000000000159e+00
1.628360000000000030e+00 2.167040000000000077e+00 1.983349999999999946e+00 2.069139999999999979e+00 1.932190000000000074e+00 1.990890000000000049e+00 1.896339999999999915e+00 1.847669999999999924e+00 1.882710000000000106e+00 1.808699999999999974e+00 1.777530000000000054e+00
1.579369999999999941e+00 2.504160000000000164e+00 2.374359999999999804e+00 2.427160000000000206e+00 2.227840000000000042e+00 2.123639999999999972e+00 2.140229999999999855e+00 2.159759999999999902e+00 2.128820000000000157e+00 1.980069999999999997e+00 1.941279999999999895e+00
1.449740000000000029e+00 1.876160000000000050e+00 1.724320000000000075e+00 1.832459999999999978e+00 1.708129999999999926e+00 1.763050000000000006e+00 1.698260000000000103e+00 1.697710000000000052e+00 1.715680000000000094e+00 1.669880000000000031e+00 1.625199999999999978e+00
1.749970000000000026e+00 2.689189999999999969e+00 2.600769999999999804e+00 2.587270000000000181e+00 2.361180000000000057e+00 2.465930000000000177e+00 2.344300000000000050e+00 2.233890000000000153e+00 2.360910000000000064e+00 2.204320000000000057e+00 2.078980000000000050e+00
1.897820000000000062e+00 3.049020000000000064e+00 2.812310000000000088e+00 2.828009999999999913e+00 2.642459999999999809e+00 2.726119999999999877e+00 2.634590000000000209e+00 2.402709999999999901e+00 2.552509999999999835e+00 2.230729999999999880e+00 2.251459999999999795e+00
1.397370000000000001e+00 2.109900000000000109e+00 2.006759999999999877e+00 2.187609999999999832e+00 1.992709999999999981e+00 2.051860000000000017e+00 2.007899999999999796e+00 1.957300000000000040e+00 1.905180000000000096e+00 1.812049999999999939e+00 1.822940000000000005e+00
2.558370000000000033e+00 4.177010000000000112e+00 3.815240000000000187e+00 3.016939999999999955e+00 3.385520000000000085e+00 3.170009999999999994e+00 3.354420000000000179e+00 3.224040000000000017e+00 3.366470000000000073e+00 2.988809999999999967e+00 2.887529999999999930e+00
2.320050000000000168e+00 3.290259999999999962e+00 3.668070000000000164e+00 2.689830000000000165e+00 2.887189999999999923e+00 3.132340000000000124e+00 2.953310000000000102e+00 3.017240000000000144e+00 3.090349999999999930e+00 2.805109999999999992e+00 2.525079999999999991e+00
1.417159999999999975e+00 1.860910000000000064e+00 1.743090000000000028e+00 1.787730000000000041e+00 1.701429999999999998e+00 1.749589999999999979e+00 1.693929999999999936e+00 1.687349999999999905e+00 1.736350000000000060e+00 1.652900000000000036e+00 1.639669999999999961e+00
2.882319999999999993e+00 4.057120000000000282e+00 2.669599999999999973e+00 3.020970000000000155e+00 3.453539999999999832e+00 3.348199999999999843e+00 3.483649999999999913e+00 3.506600000000000161e+00 3.796040000000000081e+00 2.949710000000000054e+00 2.914140000000000175e+00
4.569359999999999644e+00 5.055959999999999788e+00 4.524820000000000064e+00 4.289509999999999934e+00 4.708109999999999573e+00 5.223849999999999660e+00 3.435709999999999820e+00 4.149549999999999628e+00 5.086529999999999774e+00 2.648089999999999833e+00 3.888090000000000046e+00
3.143889999999999851e+00 3.824440000000000062e+00 2.909240000000000048e+00 3.820619999999999905e+00 3.427509999999999835e+00 3.790000000000000036e+00 3.726259999999999906e+00 3.701119999999999965e+00 4.023200000000000109e+00 1.888710000000000111e+00 3.176730000000000054e+00
1.433359999999999967e+00 1.849450000000000038e+00 1.787530000000000063e+00 1.807109999999999994e+00 1.718849999999999989e+00 1.765989999999999949e+00 1.688420000000000032e+00 1.686029999999999918e+00 1.724550000000000027e+00 1.664849999999999941e+00 1.643289999999999917e+00
4.524530000000000385e+00 4.909690000000000332e+00 4.510030000000000427e+00 4.227669999999999817e+00 5.066679999999999851e+00 2.904840000000000089e+00 3.415570000000000217e+00 4.853620000000000267e+00 5.256540000000000212e+00 4.175790000000000113e+00 2.256069999999999798e+00
2.072849999999999859e+00 2.468609999999999971e+00 3.251570000000000071e+00 3.206010000000000026e+00 2.760720000000000063e+00 2.878330000000000055e+00 2.954200000000000159e+00 2.760569999999999968e+00 2.800009999999999888e+00 2.474670000000000147e+00 2.376959999999999962e+00
1.983540000000000081e+00 2.247599999999999820e+00 2.992649999999999810e+00 2.886649999999999938e+00 2.775490000000000013e+00 2.594520000000000159e+00 2.607680000000000220e+00 2.714770000000000127e+00 2.705909999999999815e+00 2.439849999999999852e+00 2.276619999999999866e+00
1.690460000000000074e+00 2.453349999999999920e+00 2.479470000000000063e+00 3.470089999999999897e+00 2.351360000000000117e+00 2.391640000000000210e+00 2.402680000000000149e+00 2.278439999999999799e+00 2.253589999999999982e+00 2.088709999999999845e+00 2.018819999999999837e+00
3.723489999999999966e+00 5.151720000000000077e+00 3.796539999999999804e+00 3.628699999999999815e+00 3.606120000000000214e+00 3.621680000000000010e+00 3.840500000000000025e+00 2.969980000000000064e+00 4.655389999999999695e+00 4.681600000000000428e+00 3.465100000000000069e+00
1.250040000000000040e+00 1.947419999999999929e+00 1.809940000000000104e+00 1.850309999999999899e+00 1.829820000000000002e+00 1.868130000000000068e+00 1.784040000000000070e+00 1.787719999999999976e+00 1.834089999999999998e+00 1.730180000000000051e+00 1.716229999999999922e+00
2.069199999999999928e+00 2.802869999999999973e+00 5.520400000000000418e+00 3.155670000000000197e+00 2.849330000000000140e+00 2.908279999999999976e+00 2.951960000000000139e+00 2.547120000000000051e+00 2.786690000000000111e+00 2.636379999999999946e+00 2.397870000000000168e+00
2.222119999999999873e+00 2.922600000000000087e+00 2.839309999999999778e+00 2.945240000000000080e+00 2.413539999999999797e+00 2.702710000000000168e+00 2.757490000000000219e+00 2.565230000000000121e+00 2.575009999999999799e+00 2.354359999999999786e+00 2.259669999999999845e+00
2.068369999999999820e+00 2.672379999999999978e+00 2.652489999999999792e+00 2.649680000000000035e+00 2.435220000000000162e+00 2.557150000000000034e+00 2.554390000000000160e+00 2.388119999999999798e+00 2.377250000000000085e+00 2.221340000000000092e+00 2.104789999999999939e+00
1.905810000000000004e+00 2.217550000000000132e+00 2.741249999999999964e+00 2.842560000000000198e+00 2.555689999999999795e+00 2.656639999999999890e+00 2.659400000000000208e+00 2.544010000000000105e+00 2.509189999999999809e+00 2.294020000000000170e+00 2.225010000000000154e+00
2.118910000000000071e+00 2.695040000000000102e+00 3.208099999999999952e+00 2.982990000000000030e+00 2.951769999999999783e+00 2.862649999999999917e+00 2.084239999999999871e+00 2.857279999999999820e+00 2.859329999999999927e+00 2.591340000000000199e+00 2.370270000000000099e+00
1.951489999999999947e+00 2.555759999999999810e+00 3.080849999999999866e+00 3.033630000000000049e+00 2.804769999999999985e+00 2.704860000000000042e+00 2.581150000000000055e+00 2.394480000000000164e+00 2.584459999999999980e+00 2.459670000000000023e+00 2.315879999999999939e+00
1.271009999999999973e+00 1.947570000000000023e+00 1.911950000000000038e+00 1.921329999999999982e+00 1.841299999999999937e+00 1.898419999999999996e+00 1.816009999999999902e+00 1.788229999999999986e+00 1.813970000000000082e+00 1.747489999999999988e+00 1.716139999999999999e+00
3.030159999999999965e+00 4.381590000000000096e+00 3.848739999999999828e+00 3.899509999999999810e+00 3.686129999999999907e+00 3.625890000000000057e+00 3.975029999999999841e+00 2.674859999999999793e+00 3.966990000000000016e+00 4.018849999999999589e+00 3.101830000000000087e+00
2.308580000000000076e+00 3.471830000000000194e+00 3.314369999999999816e+00 3.113680000000000003e+00 2.933629999999999960e+00 3.167510000000000048e+00 3.034980000000000011e+00 2.891379999999999839e+00 3.120610000000000106e+00 2.763009999999999966e+00 2.627740000000000187e+00
1.370929999999999982e+00 1.716460000000000097e+00 1.658460000000000045e+00 1.725959999999999939e+00 1.613159999999999927e+00 1.681990000000000096e+00 1.623129999999999962e+00 1.623879999999999990e+00 1.624670000000000059e+00 1.589159999999999906e+00 1.584829999999999961e+00
3.303030000000000133e+00 4.762789999999999857e+00 3.457599999999999785e+00 3.727590000000000181e+00 3.652759999999999785e+00 4.123280000000000278e+00 4.198959999999999582e+00 3.873749999999999805e+00 2.327630000000000088e+00 3.504239999999999799e+00 3.339789999999999814e+00
3.866880000000000095e+00 3.400209999999999955e+00 3.948760000000000048e+00 5.071069999999999744e+00 3.972280000000000033e+00 4.792740000000000222e+00 4.913409999999999833e+00 4.226740000000000386e+00 2.576550000000000118e+00 2.574289999999999967e+00 3.775980000000000114e+00
4.870289999999999786e+00 5.295230000000000103e+00 6.361489999999999867e+00 5.517949999999999910e+00 5.335980000000000167e+00 4.742600000000000371e+00 3.394690000000000207e+00 3.666059999999999874e+00 2.955319999999999947e+00 3.962839999999999918e+00 2.903799999999999937e+00
2.561539999999999928e+00 4.009759999999999991e+00 2.663580000000000059e+00 3.597259999999999902e+00 3.104769999999999808e+00 3.347469999999999946e+00 3.261489999999999778e+00 3.183300000000000018e+00 3.518440000000000012e+00 2.841050000000000075e+00 2.811209999999999987e+00
2.742220000000000102e+00 3.632789999999999964e+00 4.203649999999999665e+00 3.534730000000000150e+00 3.463870000000000005e+00 3.630970000000000031e+00 2.580760000000000165e+00 2.386309999999999931e+00 2.061170000000000169e+00 3.006899999999999906e+00 2.829289999999999861e+00
1.906789999999999985e+00 2.476570000000000160e+00 2.473910000000000053e+00 2.485209999999999919e+00 2.220849999999999991e+00 2.269730000000000025e+00 2.328260000000000218e+00 2.226210000000000022e+00 2.190040000000000209e+00 2.054720000000000102e+00 1.976059999999999928e+00
1.581250000000000044e+00 2.418130000000000113e+00 2.187969999999999970e+00 2.329909999999999926e+00 2.219160000000000021e+00 2.253579999999999917e+00 2.278309999999999835e+00 2.122479999999999922e+00 2.218160000000000132e+00 1.895629999999999926e+00 1.970739999999999936e+00
1.295099999999999918e+00 1.839979999999999949e+00 1.700239999999999974e+00 1.796599999999999975e+00 1.696560000000000068e+00 1.749290000000000012e+00 1.680970000000000075e+00 1.656390000000000029e+00 1.691100000000000048e+00 1.629359999999999919e+00 1.624489999999999990e+00
1.841839999999999922e+00 2.757390000000000008e+00 2.721490000000000187e+00 2.888450000000000184e+00 2.497090000000000032e+00 2.613469999999999960e+00 2.585570000000000146e+00 2.430099999999999927e+00 2.454689999999999817e+00 2.250480000000000036e+00 2.151409999999999823e+00
