1.725170000000000092e+00 1.668970000000000065e+00 1.613669999999999938e+00 1.559129999999999905e+00 1.505220000000000002e+00 1.451759999999999939e+00 1.398619999999999974e+00 1.345800000000000107e+00 1.293490000000000029e+00 1.242159999999999931e+00 1.192679999999999962e+00 1.146619999999999973e+00 1.106209999999999916e+00 1.073110000000000008e+00 1.047539999999999916e+00 1.028089999999999948e+00
1.138710000000000111e+00 1.129229999999999956e+00 1.120030000000000081e+00 1.111089999999999911e+00 1.102379999999999916e+00 1.093869999999999898e+00 1.085579999999999989e+00 1.077539999999999942e+00 1.069779999999999953e+00 1.062310000000000088e+00 1.055139999999999967e+00 1.048280000000000101e+00 1.041760000000000019e+00 1.035630000000000051e+00 1.030259999999999954e+00 1.025930000000000009e+00
1.972520000000000051e+00 1.899529999999999941e+00 1.827460000000000084e+00 1.756170000000000009e+00 1.685440000000000049e+00 1.615029999999999966e+00 1.544740000000000002e+00 1.474439999999999973e+00 1.404190000000000049e+00 1.334279999999999911e+00 1.265309999999999935e+00 1.198630000000000084e+00 1.137480000000000047e+00 1.086740000000000039e+00 1.049239999999999950e+00 1.023479999999999945e+00
2.130520000000000191e+00 2.044560000000000155e+00 1.959840000000000027e+00 1.876349999999999962e+00 1.794030000000000014e+00 1.712620000000000031e+00 1.631760000000000099e+00 1.551190000000000069e+00 1.470779999999999976e+00 1.390640000000000098e+00 1.311229999999999896e+00 1.233759999999999968e+00 1.161350000000000104e+00 1.099849999999999994e+00 1.054429999999999978e+00 1.023700000000000054e+00
1.107599999999999918e+00 1.100899999999999990e+00 1.094419999999999948e+00 1.088109999999999911e+00 1.081960000000000033e+00 1.075930000000000053e+00 1.070019999999999971e+00 1.064240000000000075e+00 1.058589999999999920e+00 1.053080000000000016e+00 1.047719999999999985e+00 1.042589999999999906e+00 1.037760000000000016e+00 1.033379999999999965e+00 1.029519999999999991e+00 1.026110000000000078e+00
1.861690000000000067e+00 1.794769999999999976e+00 1.728920000000000012e+00 1.664060000000000095e+00 1.600049999999999972e+00 1.536650000000000071e+00 1.473710000000000075e+00 1.411159999999999970e+00 1.349150000000000071e+00 1.287970000000000059e+00 1.228310000000000013e+00 1.171769999999999978e+00 1.121280000000000054e+00 1.079169999999999963e+00 1.046869999999999967e+00 1.023099999999999898e+00
2.729519999999999946e+00 2.599400000000000155e+00 2.471029999999999838e+00 2.344440000000000079e+00 2.219559999999999977e+00 2.096130000000000049e+00 1.973729999999999984e+00 1.851949999999999985e+00 1.730520000000000058e+00 1.609339999999999993e+00 1.488580000000000014e+00 1.368770000000000042e+00 1.252389999999999892e+00 1.149340000000000028e+00 1.074019999999999975e+00 1.025409999999999933e+00
2.205169999999999852e+00 2.112299999999999844e+00 2.020869999999999944e+00 1.930809999999999915e+00 1.841979999999999951e+00 1.754119999999999902e+00 1.666959999999999997e+00 1.580289999999999973e+00 1.494099999999999984e+00 1.408549999999999969e+00 1.324079999999999924e+00 1.242040000000000033e+00 1.166560000000000041e+00 1.104020000000000001e+00 1.057209999999999983e+00 1.023800000000000043e+00
1.287730000000000041e+00 1.264639999999999986e+00 1.242070000000000007e+00 1.219999999999999973e+00 1.198369999999999935e+00 1.177159999999999984e+00 1.156439999999999912e+00 1.136349999999999971e+00 1.117119999999999891e+00 1.098959999999999937e+00 1.082079999999999931e+00 1.066449999999999898e+00 1.052130000000000010e+00 1.039230000000000098e+00 1.028480000000000061e+00 1.020040000000000058e+00
3.347599999999999909e+00 3.168989999999999974e+00 2.992949999999999999e+00 2.819669999999999899e+00 2.649179999999999868e+00 2.481279999999999930e+00 2.315549999999999997e+00 2.151479999999999837e+00 1.988760000000000083e+00 1.827199999999999935e+00 1.666719999999999979e+00 1.507509999999999906e+00 1.351450000000000040e+00 1.208599999999999897e+00 1.100260000000000016e+00 1.029609999999999914e+00
2.054840000000000000e+00 1.974020000000000108e+00 1.894470000000000098e+00 1.816019999999999968e+00 1.738429999999999920e+00 1.661389999999999922e+00 1.584750000000000103e+00 1.508469999999999978e+00 1.432760000000000034e+00 1.358039999999999914e+00 1.285109999999999975e+00 1.215529999999999999e+00 1.152190000000000047e+00 1.098649999999999904e+00 1.056920000000000082e+00 1.025679999999999925e+00
1.656649999999999956e+00 1.604440000000000088e+00 1.553069999999999951e+00 1.502520000000000078e+00 1.452669999999999906e+00 1.403389999999999915e+00 1.354589999999999961e+00 1.306249999999999911e+00 1.258569999999999967e+00 1.211969999999999992e+00 1.167359999999999953e+00 1.126370000000000093e+00 1.090700000000000003e+00 1.061050000000000049e+00 1.037800000000000056e+00 1.020310000000000050e+00
1.342850000000000099e+00 1.315690000000000026e+00 1.288939999999999975e+00 1.262580000000000036e+00 1.236560000000000104e+00 1.210939999999999905e+00 1.185869999999999980e+00 1.161599999999999966e+00 1.138409999999999922e+00 1.116579999999999906e+00 1.096309999999999896e+00 1.077709999999999946e+00 1.060929999999999929e+00 1.046119999999999939e+00 1.033609999999999918e+00 1.023260000000000058e+00
2.328590000000000160e+00 2.226150000000000073e+00 2.125329999999999941e+00 2.026079999999999881e+00 1.928250000000000020e+00 1.831539999999999946e+00 1.735670000000000046e+00 1.640339999999999909e+00 1.545449999999999990e+00 1.451109999999999900e+00 1.357799999999999896e+00 1.266979999999999995e+00 1.183300000000000018e+00 1.113960000000000061e+00 1.061949999999999950e+00 1.024529999999999941e+00
1.051979999999999915e+00 1.050119999999999942e+00 1.048270000000000035e+00 1.046429999999999971e+00 1.044589999999999907e+00 1.042729999999999935e+00 1.040859999999999896e+00 1.038980000000000015e+00 1.037109999999999976e+00 1.035250000000000004e+00 1.033409999999999940e+00 1.031609999999999916e+00 1.029870000000000063e+00 1.028240000000000043e+00 1.026769999999999960e+00 1.025460000000000038e+00
1.571970000000000089e+00 1.527770000000000072e+00 1.484310000000000018e+00 1.441489999999999938e+00 1.399129999999999985e+00 1.357080000000000064e+00 1.315280000000000005e+00 1.273789999999999978e+00 1.232890000000000041e+00 1.193009999999999904e+00 1.154919999999999947e+00 1.119720000000000049e+00 1.088410000000000100e+00 1.061600000000000099e+00 1.040389999999999926e+00 1.024780000000000024e+00
1.590009999999999923e+00 1.544650000000000079e+00 1.499989999999999934e+00 1.455910000000000037e+00 1.412250000000000005e+00 1.368859999999999966e+00 1.325700000000000101e+00 1.282839999999999980e+00 1.240520000000000067e+00 1.199200000000000044e+00 1.159659999999999913e+00 1.123080000000000078e+00 1.090740000000000043e+00 1.063499999999999890e+00 1.042049999999999921e+00 1.026159999999999961e+00
1.651410000000000045e+00 1.601269999999999971e+00 1.551779999999999937e+00 1.502820000000000045e+00 1.454210000000000003e+00 1.405850000000000044e+00 1.357650000000000023e+00 1.309630000000000072e+00 1.262019999999999920e+00 1.215330000000000021e+00 1.170490000000000030e+00 1.128940000000000055e+00 1.092419999999999947e+00 1.062179999999999902e+00 1.038839999999999986e+00 1.021549999999999958e+00
1.903110000000000079e+00 1.834149999999999947e+00 1.766170000000000018e+00 1.699030000000000040e+00 1.632519999999999971e+00 1.566410000000000080e+00 1.500539999999999985e+00 1.434860000000000024e+00 1.369499999999999940e+00 1.304840000000000000e+00 1.241759999999999975e+00 1.181969999999999965e+00 1.128430000000000044e+00 1.083900000000000086e+00 1.049770000000000092e+00 1.024850000000000039e+00
1.943349999999999911e+00 1.870009999999999950e+00 1.797830000000000039e+00 1.726769999999999916e+00 1.656749999999999945e+00 1.587539999999999951e+00 1.518920000000000048e+00 1.450760000000000050e+00 1.383059999999999956e+00 1.316109999999999891e+00 1.250620000000000065e+00 1.188330000000000108e+00 1.132549999999999946e+00 1.086249999999999938e+00 1.050789999999999891e+00 1.025160000000000071e+00
2.128210000000000157e+00 2.041679999999999939e+00 1.956450000000000022e+00 1.872419999999999973e+00 1.789469999999999894e+00 1.707340000000000080e+00 1.625790000000000068e+00 1.544599999999999973e+00 1.463740000000000041e+00 1.383459999999999912e+00 1.304389999999999938e+00 1.228129999999999944e+00 1.158199999999999896e+00 1.099890000000000034e+00 1.056049999999999933e+00 1.024750000000000050e+00
1.307460000000000067e+00 1.283109999999999973e+00 1.259309999999999929e+00 1.235959999999999948e+00 1.213049999999999962e+00 1.190560000000000063e+00 1.168600000000000083e+00 1.147340000000000027e+00 1.127019999999999911e+00 1.107830000000000092e+00 1.089979999999999949e+00 1.073490000000000055e+00 1.058440000000000047e+00 1.044960000000000111e+00 1.033549999999999969e+00 1.024359999999999937e+00
2.779319999999999791e+00 2.645300000000000207e+00 2.513170000000000126e+00 2.382859999999999978e+00 2.254210000000000047e+00 2.126879999999999882e+00 2.000509999999999788e+00 1.874659999999999993e+00 1.749139999999999917e+00 1.623960000000000070e+00 1.499400000000000066e+00 1.376360000000000028e+00 1.258259999999999934e+00 1.155149999999999899e+00 1.078659999999999952e+00 1.027369999999999894e+00
1.690099999999999936e+00 1.636339999999999906e+00 1.583499999999999908e+00 1.531490000000000018e+00 1.480189999999999895e+00 1.429429999999999978e+00 1.379080000000000084e+00 1.329139999999999988e+00 1.279840000000000089e+00 1.231640000000000068e+00 1.185349999999999904e+00 1.142060000000000075e+00 1.103089999999999904e+00 1.069630000000000081e+00 1.043129999999999891e+00 1.023419999999999996e+00
1.228669999999999929e+00 1.210469999999999935e+00 1.192669999999999897e+00 1.175270000000000037e+00 1.158269999999999911e+00 1.141739999999999977e+00 1.125780000000000003e+00 1.110519999999999952e+00 1.096070000000000100e+00 1.082519999999999927e+00 1.069870000000000099e+00 1.058110000000000106e+00 1.047260000000000080e+00 1.037449999999999983e+00 1.028939999999999966e+00 1.021760000000000002e+00
2.776889999999999858e+00 2.644140000000000157e+00 2.513279999999999959e+00 2.384170000000000122e+00 2.256520000000000081e+00 2.129939999999999944e+00 2.003989999999999938e+00 1.878239999999999910e+00 1.752499999999999947e+00 1.626810000000000089e+00 1.501519999999999966e+00 1.377660000000000107e+00 1.258769999999999945e+00 1.154760000000000009e+00 1.076910000000000034e+00 1.025209999999999955e+00
3.796040000000000081e+00 3.582959999999999923e+00 3.373349999999999849e+00 3.167300000000000004e+00 2.964669999999999916e+00 2.765140000000000153e+00 2.568239999999999856e+00 2.373380000000000045e+00 2.180140000000000189e+00 1.988329999999999931e+00 1.797849999999999948e+00 1.608819999999999917e+00 1.423040000000000083e+00 1.250930000000000097e+00 1.116209999999999924e+00 1.027039999999999953e+00
3.458750000000000213e+00 3.272370000000000001e+00 3.088560000000000194e+00 2.907410000000000050e+00 2.729060000000000041e+00 2.553310000000000191e+00 2.379700000000000149e+00 2.207780000000000076e+00 2.037180000000000213e+00 1.867660000000000098e+00 1.699149999999999938e+00 1.531760000000000010e+00 1.367150000000000087e+00 1.215689999999999937e+00 1.101140000000000008e+00 1.027600000000000069e+00
2.086969999999999992e+00 2.002120000000000122e+00 1.918709999999999916e+00 1.836640000000000050e+00 1.755700000000000038e+00 1.675650000000000084e+00 1.596200000000000063e+00 1.517190000000000039e+00 1.438639999999999919e+00 1.360840000000000050e+00 1.284580000000000055e+00 1.211870000000000003e+00 1.146819999999999951e+00 1.093180000000000041e+00 1.051560000000000050e+00 1.020070000000000032e+00
2.092210000000000125e+00 2.008239999999999803e+00 1.925610000000000044e+00 1.844279999999999919e+00 1.764110000000000067e+00 1.684849999999999959e+00 1.606260000000000021e+00 1.528119999999999923e+00 1.450420000000000043e+00 1.373359999999999914e+00 1.297539999999999916e+00 1.224399999999999933e+00 1.157489999999999908e+00 1.101790000000000047e+00 1.059600000000000097e+00 1.028999999999999915e+00
1.173240000000000061e+00 1.160840000000000094e+00 1.148770000000000069e+00 1.136980000000000102e+00 1.125469999999999970e+00 1.114190000000000014e+00 1.103159999999999918e+00 1.092430000000000012e+00 1.082070000000000087e+00 1.072149999999999936e+00 1.062710000000000043e+00 1.053749999999999964e+00 1.045339999999999936e+00 1.037639999999999896e+00 1.031139999999999946e+00 1.026000000000000023e+00
1.342770000000000019e+00 1.315469999999999917e+00 1.288689999999999891e+00 1.262380000000000058e+00 1.236469999999999958e+00 1.210939999999999905e+00 1.185869999999999980e+00 1.161440000000000028e+00 1.137909999999999977e+00 1.115629999999999900e+00 1.094919999999999893e+00 1.075949999999999962e+00 1.058959999999999901e+00 1.044370000000000021e+00 1.032399999999999984e+00 1.022599999999999953e+00
1.199049999999999949e+00 1.183980000000000032e+00 1.169310000000000072e+00 1.155000000000000027e+00 1.141029999999999989e+00 1.127410000000000023e+00 1.114170000000000105e+00 1.101390000000000091e+00 1.089110000000000023e+00 1.077380000000000004e+00 1.066249999999999920e+00 1.055730000000000057e+00 1.046059999999999990e+00 1.037649999999999961e+00 1.030699999999999950e+00 1.025050000000000017e+00
1.600289999999999990e+00 1.553290000000000060e+00 1.507030000000000092e+00 1.461419999999999941e+00 1.416309999999999958e+00 1.371569999999999956e+00 1.327139999999999986e+00 1.283099999999999907e+00 1.239700000000000024e+00 1.197510000000000074e+00 1.157459999999999933e+00 1.120829999999999993e+00 1.088659999999999961e+00 1.061500000000000110e+00 1.039749999999999952e+00 1.022809999999999997e+00
1.507149999999999990e+00 1.466949999999999976e+00 1.427559999999999940e+00 1.388940000000000063e+00 1.351029999999999953e+00 1.313649999999999984e+00 1.276690000000000103e+00 1.240129999999999955e+00 1.204110000000000014e+00 1.169079999999999897e+00 1.135699999999999932e+00 1.104910000000000059e+00 1.077399999999999913e+00 1.053639999999999910e+00 1.035130000000000106e+00 1.021600000000000064e+00
1.229570000000000052e+00 1.211610000000000076e+00 1.194110000000000005e+00 1.177030000000000021e+00 1.160339999999999927e+00 1.143999999999999906e+00 1.128009999999999957e+00 1.112470000000000070e+00 1.097499999999999920e+00 1.083269999999999955e+00 1.069849999999999968e+00 1.057269999999999932e+00 1.045530000000000070e+00 1.034769999999999968e+00 1.025859999999999994e+00 1.019190000000000040e+00
1.831530000000000102e+00 1.767660000000000009e+00 1.704809999999999937e+00 1.642889999999999961e+00 1.581739999999999924e+00 1.521109999999999962e+00 1.460730000000000084e+00 1.400449999999999973e+00 1.340319999999999956e+00 1.280669999999999975e+00 1.222259999999999902e+00 1.166719999999999979e+00 1.116929999999999978e+00 1.075530000000000097e+00 1.044180000000000108e+00 1.022000000000000020e+00
2.160620000000000207e+00 2.071180000000000021e+00 1.983119999999999994e+00 1.896509999999999918e+00 1.811309999999999976e+00 1.727289999999999992e+00 1.644150000000000000e+00 1.561560000000000059e+00 1.479330000000000034e+00 1.397540000000000004e+00 1.316529999999999978e+00 1.237370000000000081e+00 1.163100000000000023e+00 1.099849999999999994e+00 1.053209999999999980e+00 1.022159999999999958e+00
1.055430000000000090e+00 1.053220000000000045e+00 1.051050000000000040e+00 1.048899999999999944e+00 1.046750000000000069e+00 1.044569999999999999e+00 1.042350000000000110e+00 1.040089999999999959e+00 1.037809999999999899e+00 1.035519999999999996e+00 1.033239999999999936e+00 1.030980000000000008e+00 1.028810000000000002e+00 1.026769999999999960e+00 1.024950000000000028e+00 1.023349999999999982e+00
2.108379999999999921e+00 2.023909999999999876e+00 1.940940000000000110e+00 1.859469999999999956e+00 1.779449999999999976e+00 1.700560000000000072e+00 1.622349999999999959e+00 1.544480000000000075e+00 1.466790000000000038e+00 1.389459999999999917e+00 1.312929999999999930e+00 1.238140000000000018e+00 1.167289999999999939e+00 1.105329999999999924e+00 1.058689999999999909e+00 1.027260000000000062e+00
3.306220000000000159e+00 3.132400000000000073e+00 2.960910000000000153e+00 2.791970000000000063e+00 2.625680000000000014e+00 2.461889999999999912e+00 2.300219999999999931e+00 2.140010000000000190e+00 1.980690000000000062e+00 1.821960000000000024e+00 1.663610000000000033e+00 1.505579999999999918e+00 1.348570000000000046e+00 1.201130000000000031e+00 1.091450000000000031e+00 1.024569999999999981e+00
2.712029999999999941e+00 2.581710000000000171e+00 2.453349999999999920e+00 2.327030000000000154e+00 2.202739999999999920e+00 2.080239999999999867e+00 1.959039999999999893e+00 1.838659999999999961e+00 1.718739999999999934e+00 1.599229999999999929e+00 1.480280000000000040e+00 1.362430000000000030e+00 1.247649999999999926e+00 1.145359999999999934e+00 1.070710000000000051e+00 1.022429999999999950e+00
1.204369999999999941e+00 1.187799999999999967e+00 1.171820000000000084e+00 1.156390000000000029e+00 1.141469999999999985e+00 1.127010000000000067e+00 1.113059999999999938e+00 1.099609999999999976e+00 1.086729999999999974e+00 1.074459999999999971e+00 1.062850000000000072e+00 1.051940000000000097e+00 1.041719999999999979e+00 1.032329999999999970e+00 1.024469999999999992e+00 1.018380000000000063e+00
3.571200000000000152e+00 3.373790000000000067e+00 3.179170000000000051e+00 2.987629999999999786e+00 2.799459999999999837e+00 2.614599999999999813e+00 2.432669999999999888e+00 2.253159999999999830e+00 2.075649999999999995e+00 1.899909999999999988e+00 1.725800000000000001e+00 1.553330000000000100e+00 1.383429999999999938e+00 1.224509999999999987e+00 1.103669999999999929e+00 1.027130000000000098e+00
1.848030000000000062e+00 1.782459999999999933e+00 1.717880000000000074e+00 1.654160000000000075e+00 1.591139999999999999e+00 1.528550000000000075e+00 1.466229999999999922e+00 1.404209999999999958e+00 1.342659999999999965e+00 1.282110000000000083e+00 1.223570000000000046e+00 1.168779999999999930e+00 1.120000000000000107e+00 1.079039999999999999e+00 1.047069999999999945e+00 1.023260000000000058e+00
1.536110000000000086e+00 1.493020000000000014e+00 1.450900000000000079e+00 1.409699999999999953e+00 1.369310000000000027e+00 1.329579999999999984e+00 1.290380000000000082e+00 1.251670000000000060e+00 1.213580000000000103e+00 1.176520000000000010e+00 1.141189999999999927e+00 1.108579999999999899e+00 1.079599999999999893e+00 1.054720000000000102e+00 1.034990000000000077e+00 1.020299999999999985e+00
1.234420000000000073e+00 1.216409999999999991e+00 1.198819999999999997e+00 1.181610000000000049e+00 1.164779999999999927e+00 1.148330000000000073e+00 1.132339999999999902e+00 1.116900000000000004e+00 1.102109999999999923e+00 1.088090000000000002e+00 1.074899999999999967e+00 1.062540000000000040e+00 1.050969999999999960e+00 1.040340000000000042e+00 1.031300000000000106e+00 1.024170000000000025e+00
2.984669999999999934e+00 2.831430000000000113e+00 2.680689999999999795e+00 2.532610000000000028e+00 2.387249999999999872e+00 2.244409999999999794e+00 2.103629999999999889e+00 1.964409999999999989e+00 1.826359999999999983e+00 1.689429999999999987e+00 1.553809999999999913e+00 1.420050000000000034e+00 1.290049999999999919e+00 1.173070000000000057e+00 1.085460000000000091e+00 1.027379999999999960e+00
1.060750000000000082e+00 1.058130000000000015e+00 1.055590000000000028e+00 1.053099999999999925e+00 1.050610000000000044e+00 1.048110000000000097e+00 1.045570000000000110e+00 1.042999999999999927e+00 1.040399999999999991e+00 1.037800000000000056e+00 1.035209999999999964e+00 1.032650000000000068e+00 1.030119999999999925e+00 1.027709999999999901e+00 1.025590000000000002e+00 1.023779999999999912e+00
1.657759999999999900e+00 1.606880000000000086e+00 1.556910000000000016e+00 1.507749999999999924e+00 1.459270000000000067e+00 1.411249999999999893e+00 1.363560000000000105e+00 1.316130000000000022e+00 1.269099999999999895e+00 1.222849999999999993e+00 1.178109999999999991e+00 1.136050000000000004e+00 1.098260000000000014e+00 1.066359999999999975e+00 1.041809999999999903e+00 1.024040000000000061e+00
1.601820000000000022e+00 1.555279999999999996e+00 1.509560000000000013e+00 1.464530000000000109e+00 1.420039999999999969e+00 1.375879999999999992e+00 1.331919999999999993e+00 1.288170000000000037e+00 1.244830000000000103e+00 1.202390000000000070e+00 1.161799999999999944e+00 1.124339999999999895e+00 1.091190000000000104e+00 1.062969999999999970e+00 1.040799999999999947e+00 1.024610000000000021e+00
1.482850000000000001e+00 1.444649999999999990e+00 1.407040000000000068e+00 1.369950000000000001e+00 1.333280000000000021e+00 1.296920000000000073e+00 1.260880000000000001e+00 1.225319999999999965e+00 1.190590000000000037e+00 1.157240000000000046e+00 1.126069999999999904e+00 1.097890000000000033e+00 1.073239999999999972e+00 1.052459999999999951e+00 1.035789999999999988e+00 1.022720000000000073e+00
1.526620000000000088e+00 1.485300000000000065e+00 1.444669999999999899e+00 1.404619999999999980e+00 1.365040000000000031e+00 1.325769999999999893e+00 1.286759999999999904e+00 1.248099999999999987e+00 1.210069999999999979e+00 1.173189999999999955e+00 1.138330000000000064e+00 1.106459999999999999e+00 1.078379999999999894e+00 1.054589999999999916e+00 1.035770000000000080e+00 1.021670000000000078e+00
2.106840000000000046e+00 2.020119999999999916e+00 1.934860000000000024e+00 1.851129999999999942e+00 1.768890000000000073e+00 1.687899999999999956e+00 1.607909999999999950e+00 1.528629999999999933e+00 1.449940000000000007e+00 1.371990000000000043e+00 1.295320000000000027e+00 1.221370000000000067e+00 1.153480000000000061e+00 1.096270000000000078e+00 1.053020000000000067e+00 1.022880000000000011e+00
1.961719999999999908e+00 1.887539999999999996e+00 1.814580000000000082e+00 1.742769999999999930e+00 1.671959999999999891e+00 1.601939999999999920e+00 1.532440000000000024e+00 1.463260000000000005e+00 1.394400000000000084e+00 1.326079999999999925e+00 1.258899999999999908e+00 1.194320000000000048e+00 1.135639999999999983e+00 1.086969999999999992e+00 1.050550000000000095e+00 1.024669999999999970e+00
1.234660000000000091e+00 1.215889999999999915e+00 1.197629999999999972e+00 1.179850000000000065e+00 1.162519999999999998e+00 1.145629999999999926e+00 1.129219999999999891e+00 1.113410000000000011e+00 1.098330000000000028e+00 1.084119999999999973e+00 1.070759999999999934e+00 1.058300000000000018e+00 1.046780000000000044e+00 1.036440000000000028e+00 1.027779999999999916e+00 1.020880000000000010e+00
2.747119999999999784e+00 2.613879999999999981e+00 2.482740000000000169e+00 2.353699999999999903e+00 2.226609999999999978e+00 2.101129999999999942e+00 1.976890000000000036e+00 1.853480000000000016e+00 1.730650000000000022e+00 1.608430000000000026e+00 1.487160000000000037e+00 1.367869999999999919e+00 1.253919999999999924e+00 1.154409999999999936e+00 1.079809999999999937e+00 1.029130000000000100e+00
1.885709999999999997e+00 1.816640000000000033e+00 1.748739999999999961e+00 1.681999999999999940e+00 1.616340000000000110e+00 1.551500000000000101e+00 1.487239999999999895e+00 1.423370000000000024e+00 1.359900000000000109e+00 1.297109999999999985e+00 1.235589999999999966e+00 1.176630000000000065e+00 1.122770000000000046e+00 1.077220000000000066e+00 1.042750000000000066e+00 1.018960000000000088e+00
1.179040000000000088e+00 1.165350000000000108e+00 1.152060000000000084e+00 1.139189999999999925e+00 1.126700000000000035e+00 1.114600000000000035e+00 1.102919999999999900e+00 1.091749999999999998e+00 1.081069999999999975e+00 1.070920000000000094e+00 1.061290000000000067e+00 1.052179999999999893e+00 1.043619999999999992e+00 1.035719999999999974e+00 1.028869999999999951e+00 1.023190000000000044e+00
2.274070000000000036e+00 2.177979999999999805e+00 2.083349999999999813e+00 1.990059999999999940e+00 1.897869999999999946e+00 1.806370000000000031e+00 1.715179999999999927e+00 1.623990000000000045e+00 1.532750000000000057e+00 1.441710000000000047e+00 1.351539999999999964e+00 1.263749999999999929e+00 1.181929999999999925e+00 1.112549999999999928e+00 1.060610000000000053e+00 1.024860000000000104e+00
3.629700000000000149e+00 3.426750000000000185e+00 3.227329999999999810e+00 3.031519999999999992e+00 2.839240000000000208e+00 2.650209999999999955e+00 2.463909999999999823e+00 2.279809999999999892e+00 2.097399999999999931e+00 1.916460000000000052e+00 1.736869999999999914e+00 1.558959999999999901e+00 1.384970000000000034e+00 1.225079999999999947e+00 1.100919999999999899e+00 1.019069999999999920e+00
3.648260000000000058e+00 3.445180000000000131e+00 3.244889999999999830e+00 3.047600000000000087e+00 2.853540000000000187e+00 2.662609999999999921e+00 2.474499999999999922e+00 2.288780000000000037e+00 2.105090000000000128e+00 1.923210000000000086e+00 1.742979999999999974e+00 1.564459999999999962e+00 1.389070000000000027e+00 1.226239999999999997e+00 1.102659999999999973e+00 1.024569999999999981e+00
2.049209999999999976e+00 1.967209999999999903e+00 1.886779999999999902e+00 1.807879999999999932e+00 1.730369999999999964e+00 1.653950000000000031e+00 1.578319999999999945e+00 1.503190000000000026e+00 1.428490000000000038e+00 1.354430000000000023e+00 1.281600000000000072e+00 1.211440000000000072e+00 1.147189999999999932e+00 1.093199999999999950e+00 1.051989999999999981e+00 1.022110000000000074e+00
2.582230000000000025e+00 2.459929999999999950e+00 2.339580000000000215e+00 2.221280000000000143e+00 2.105030000000000179e+00 1.990629999999999900e+00 1.877639999999999976e+00 1.765619999999999967e+00 1.654220000000000024e+00 1.543379999999999974e+00 1.433370000000000033e+00 1.325090000000000101e+00 1.221780000000000088e+00 1.131899999999999906e+00 1.065269999999999939e+00 1.020880000000000010e+00
1.249330000000000052e+00 1.230539999999999967e+00 1.212120000000000086e+00 1.194029999999999925e+00 1.176239999999999952e+00 1.158719999999999972e+00 1.141550000000000065e+00 1.124880000000000102e+00 1.108859999999999957e+00 1.093579999999999997e+00 1.079159999999999897e+00 1.065669999999999895e+00 1.053209999999999980e+00 1.041979999999999906e+00 1.032640000000000002e+00 1.025400000000000089e+00
1.414060000000000095e+00 1.381129999999999969e+00 1.348970000000000002e+00 1.317499999999999893e+00 1.286599999999999966e+00 1.256150000000000100e+00 1.226110000000000033e+00 1.196579999999999977e+00 1.167859999999999898e+00 1.140419999999999989e+00 1.114859999999999962e+00 1.091620000000000035e+00 1.070799999999999974e+00 1.052459999999999951e+00 1.037420000000000009e+00 1.025670000000000082e+00
1.112409999999999899e+00 1.104789999999999939e+00 1.097480000000000011e+00 1.090440000000000076e+00 1.083660000000000068e+00 1.077039999999999997e+00 1.070559999999999956e+00 1.064219999999999944e+00 1.058019999999999960e+00 1.051960000000000006e+00 1.046070000000000055e+00 1.040380000000000082e+00 1.034980000000000011e+00 1.030149999999999899e+00 1.026119999999999921e+00 1.022809999999999997e+00
1.712909999999999933e+00 1.657089999999999952e+00 1.602309999999999901e+00 1.548470000000000013e+00 1.495400000000000063e+00 1.442890000000000006e+00 1.390770000000000062e+00 1.339080000000000048e+00 1.287970000000000059e+00 1.237989999999999924e+00 1.190020000000000078e+00 1.145410000000000039e+00 1.105739999999999945e+00 1.072249999999999925e+00 1.045849999999999946e+00 1.025749999999999940e+00
