1.656749999999999945e+00 1.604870000000000019e+00 1.554079999999999906e+00 1.504359999999999919e+00 1.455589999999999939e+00 1.407580000000000053e+00 1.360119999999999996e+00 1.313090000000000090e+00 1.266599999999999948e+00 1.221000000000000085e+00 1.177089999999999970e+00 1.136130000000000084e+00 1.099750000000000005e+00 1.069339999999999957e+00 1.045730000000000048e+00 1.028010000000000090e+00
1.088109999999999911e+00 1.083210000000000006e+00 1.078489999999999949e+00 1.073919999999999986e+00 1.069450000000000012e+00 1.065029999999999921e+00 1.060640000000000027e+00 1.056270000000000042e+00 1.051940000000000097e+00 1.047660000000000036e+00 1.043479999999999963e+00 1.039420000000000011e+00 1.035519999999999996e+00 1.031830000000000025e+00 1.028589999999999893e+00 1.025859999999999994e+00
1.939950000000000063e+00 1.866910000000000069e+00 1.795099999999999918e+00 1.724529999999999896e+00 1.655140000000000056e+00 1.586689999999999934e+00 1.518950000000000022e+00 1.451650000000000107e+00 1.384679999999999911e+00 1.318170000000000064e+00 1.252650000000000041e+00 1.189480000000000093e+00 1.131780000000000008e+00 1.083979999999999944e+00 1.048429999999999973e+00 1.023460000000000036e+00
2.260400000000000187e+00 2.163289999999999935e+00 2.067699999999999871e+00 1.973719999999999919e+00 1.881369999999999987e+00 1.790589999999999904e+00 1.701230000000000020e+00 1.612819999999999920e+00 1.524939999999999962e+00 1.437319999999999931e+00 1.350139999999999896e+00 1.264219999999999899e+00 1.182190000000000074e+00 1.111110000000000042e+00 1.058499999999999996e+00 1.023840000000000083e+00
1.080889999999999906e+00 1.076670000000000016e+00 1.072580000000000089e+00 1.068589999999999929e+00 1.064680000000000071e+00 1.060820000000000096e+00 1.056969999999999965e+00 1.053139999999999965e+00 1.049320000000000030e+00 1.045539999999999914e+00 1.041819999999999968e+00 1.038210000000000077e+00 1.034759999999999902e+00 1.031549999999999967e+00 1.028650000000000064e+00 1.026070000000000038e+00
2.165560000000000151e+00 2.074899999999999967e+00 1.985689999999999955e+00 1.898020000000000040e+00 1.811819999999999986e+00 1.726960000000000051e+00 1.643199999999999994e+00 1.560179999999999900e+00 1.477689999999999948e+00 1.395769999999999955e+00 1.314780000000000060e+00 1.235789999999999944e+00 1.162300000000000111e+00 1.100770000000000026e+00 1.055010000000000003e+00 1.023390000000000022e+00
3.067180000000000017e+00 2.910039999999999960e+00 2.755059999999999842e+00 2.602430000000000021e+00 2.452259999999999884e+00 2.304539999999999811e+00 2.159100000000000019e+00 2.015400000000000080e+00 1.872819999999999929e+00 1.730790000000000051e+00 1.589080000000000048e+00 1.447850000000000081e+00 1.308619999999999894e+00 1.180679999999999952e+00 1.085299999999999931e+00 1.025770000000000071e+00
2.261420000000000208e+00 2.163030000000000008e+00 2.066329999999999778e+00 1.971379999999999910e+00 1.878060000000000063e+00 1.786200000000000010e+00 1.695519999999999916e+00 1.605669999999999931e+00 1.516389999999999905e+00 1.427629999999999955e+00 1.339739999999999931e+00 1.253900000000000015e+00 1.174060000000000104e+00 1.107799999999999896e+00 1.058610000000000051e+00 1.023849999999999927e+00
1.159070000000000045e+00 1.146579999999999933e+00 1.134649999999999936e+00 1.123259999999999925e+00 1.112370000000000081e+00 1.101930000000000076e+00 1.091869999999999896e+00 1.082179999999999920e+00 1.072799999999999976e+00 1.063739999999999908e+00 1.055060000000000109e+00 1.046750000000000069e+00 1.038839999999999986e+00 1.031479999999999952e+00 1.025090000000000057e+00 1.019900000000000029e+00
3.263380000000000170e+00 3.090310000000000112e+00 2.919659999999999922e+00 2.751710000000000100e+00 2.586619999999999919e+00 2.424479999999999968e+00 2.265169999999999906e+00 2.108140000000000125e+00 1.952749999999999986e+00 1.798459999999999948e+00 1.644940000000000069e+00 1.492210000000000036e+00 1.341630000000000100e+00 1.202290000000000081e+00 1.096519999999999939e+00 1.029430000000000067e+00
1.866519999999999957e+00 1.798359999999999959e+00 1.731510000000000105e+00 1.665880000000000027e+00 1.601310000000000011e+00 1.537490000000000023e+00 1.474220000000000086e+00 1.411340000000000039e+00 1.348959999999999937e+00 1.287619999999999987e+00 1.228369999999999962e+00 1.173140000000000072e+00 1.124239999999999906e+00 1.083229999999999915e+00 1.050680000000000058e+00 1.025439999999999907e+00
1.823900000000000077e+00 1.758270000000000000e+00 1.693829999999999947e+00 1.630609999999999893e+00 1.568519999999999914e+00 1.507500000000000062e+00 1.447370000000000045e+00 1.387899999999999912e+00 1.329020000000000090e+00 1.270899999999999919e+00 1.214150000000000063e+00 1.160260000000000069e+00 1.112139999999999906e+00 1.072480000000000100e+00 1.042249999999999899e+00 1.020480000000000054e+00
1.461710000000000065e+00 1.425359999999999960e+00 1.389799999999999924e+00 1.354959999999999942e+00 1.320719999999999894e+00 1.286909999999999998e+00 1.253470000000000084e+00 1.220439999999999969e+00 1.188109999999999999e+00 1.156940000000000079e+00 1.127529999999999921e+00 1.100470000000000059e+00 1.076200000000000045e+00 1.055029999999999912e+00 1.037490000000000023e+00 1.023419999999999996e+00
2.605799999999999894e+00 2.480449999999999822e+00 2.357310000000000016e+00 2.236479999999999801e+00 2.117919999999999803e+00 2.001409999999999911e+00 1.886660000000000004e+00 1.773200000000000109e+00 1.660609999999999919e+00 1.548610000000000042e+00 1.437410000000000077e+00 1.328070000000000084e+00 1.224679999999999991e+00 1.136800000000000033e+00 1.071010000000000018e+00 1.024860000000000104e+00
1.071639999999999926e+00 1.068159999999999998e+00 1.064780000000000060e+00 1.061479999999999979e+00 1.058240000000000069e+00 1.055029999999999912e+00 1.051819999999999977e+00 1.048599999999999977e+00 1.045390000000000041e+00 1.042189999999999950e+00 1.039039999999999964e+00 1.035959999999999992e+00 1.032980000000000009e+00 1.030189999999999939e+00 1.027689999999999992e+00 1.025500000000000078e+00
1.748269999999999991e+00 1.689159999999999995e+00 1.631289999999999907e+00 1.574680000000000080e+00 1.519260000000000055e+00 1.464839999999999920e+00 1.411180000000000101e+00 1.358009999999999939e+00 1.305279999999999996e+00 1.253279999999999950e+00 1.202620000000000022e+00 1.154590000000000005e+00 1.111259999999999915e+00 1.074500000000000011e+00 1.045900000000000052e+00 1.024999999999999911e+00
1.769479999999999942e+00 1.708909999999999929e+00 1.649520000000000097e+00 1.591280000000000028e+00 1.534089999999999954e+00 1.477719999999999922e+00 1.421950000000000047e+00 1.366619999999999946e+00 1.311760000000000037e+00 1.257649999999999935e+00 1.205079999999999929e+00 1.155610000000000026e+00 1.111660000000000093e+00 1.075280000000000014e+00 1.047220000000000040e+00 1.026380000000000070e+00
1.421450000000000102e+00 1.387699999999999934e+00 1.354640000000000066e+00 1.322219999999999951e+00 1.290310000000000068e+00 1.258780000000000010e+00 1.227610000000000090e+00 1.196900000000000075e+00 1.166909999999999892e+00 1.138179999999999970e+00 1.111339999999999995e+00 1.087029999999999941e+00 1.065700000000000092e+00 1.047569999999999890e+00 1.032939999999999969e+00 1.021330000000000071e+00
1.834459999999999980e+00 1.769039999999999946e+00 1.704860000000000042e+00 1.641869999999999941e+00 1.579890000000000017e+00 1.518669999999999964e+00 1.457950000000000079e+00 1.397569999999999979e+00 1.337579999999999991e+00 1.278389999999999915e+00 1.220960000000000045e+00 1.167100000000000026e+00 1.119280000000000053e+00 1.079399999999999915e+00 1.048319999999999919e+00 1.024809999999999999e+00
2.243549999999999933e+00 2.146430000000000060e+00 2.050910000000000011e+00 1.957060000000000022e+00 1.864900000000000002e+00 1.774380000000000068e+00 1.685310000000000086e+00 1.597290000000000099e+00 1.510000000000000009e+00 1.423300000000000010e+00 1.337480000000000002e+00 1.253679999999999906e+00 1.175219999999999931e+00 1.109040000000000026e+00 1.059520000000000017e+00 1.025470000000000104e+00
1.950059999999999905e+00 1.875729999999999897e+00 1.802750000000000075e+00 1.731109999999999927e+00 1.660800000000000054e+00 1.591630000000000100e+00 1.523339999999999916e+00 1.455650000000000110e+00 1.388379999999999947e+00 1.321590000000000042e+00 1.255900000000000016e+00 1.192839999999999900e+00 1.135299999999999976e+00 1.087089999999999890e+00 1.050529999999999964e+00 1.024520000000000097e+00
1.125229999999999952e+00 1.116409999999999902e+00 1.108060000000000045e+00 1.100119999999999987e+00 1.092530000000000001e+00 1.085229999999999917e+00 1.078130000000000033e+00 1.071190000000000087e+00 1.064359999999999973e+00 1.057690000000000019e+00 1.051190000000000069e+00 1.044890000000000096e+00 1.038850000000000051e+00 1.033220000000000027e+00 1.028280000000000083e+00 1.024129999999999985e+00
2.763300000000000090e+00 2.626910000000000078e+00 2.492690000000000072e+00 2.360780000000000101e+00 2.231230000000000047e+00 2.103930000000000078e+00 1.978550000000000031e+00 1.854649999999999910e+00 1.731740000000000057e+00 1.609509999999999996e+00 1.488120000000000109e+00 1.368449999999999944e+00 1.253689999999999971e+00 1.153210000000000068e+00 1.078310000000000102e+00 1.027379999999999960e+00
1.742860000000000076e+00 1.684649999999999981e+00 1.627639999999999976e+00 1.571849999999999969e+00 1.517220000000000013e+00 1.463629999999999987e+00 1.410849999999999937e+00 1.358619999999999939e+00 1.306780000000000053e+00 1.255439999999999889e+00 1.205170000000000075e+00 1.157070000000000043e+00 1.112810000000000077e+00 1.074440000000000062e+00 1.044419999999999904e+00 1.023430000000000062e+00
1.100589999999999957e+00 1.094000000000000083e+00 1.087679999999999980e+00 1.081590000000000051e+00 1.075700000000000101e+00 1.069939999999999891e+00 1.064279999999999893e+00 1.058729999999999949e+00 1.053279999999999994e+00 1.047960000000000003e+00 1.042810000000000015e+00 1.037860000000000005e+00 1.033169999999999922e+00 1.028799999999999937e+00 1.024920000000000053e+00 1.021589999999999998e+00
2.910800000000000054e+00 2.763840000000000074e+00 2.619359999999999911e+00 2.477489999999999970e+00 2.338169999999999860e+00 2.201159999999999783e+00 2.066019999999999968e+00 1.932169999999999943e+00 1.799069999999999947e+00 1.666360000000000063e+00 1.534219999999999917e+00 1.403610000000000024e+00 1.277600000000000069e+00 1.165980000000000016e+00 1.081900000000000084e+00 1.025419999999999998e+00
3.150250000000000217e+00 2.985050000000000203e+00 2.822729999999999961e+00 2.663510000000000044e+00 2.507400000000000073e+00 2.354179999999999939e+00 2.203440000000000065e+00 2.054479999999999862e+00 1.906549999999999967e+00 1.759079999999999977e+00 1.611930000000000085e+00 1.465529999999999999e+00 1.321890000000000009e+00 1.191009999999999902e+00 1.091839999999999922e+00 1.026189999999999936e+00
4.035239999999999938e+00 3.802230000000000221e+00 3.572319999999999940e+00 3.345899999999999874e+00 3.123270000000000213e+00 2.904700000000000060e+00 2.690240000000000187e+00 2.479470000000000063e+00 2.271739999999999871e+00 2.066320000000000157e+00 1.862719999999999931e+00 1.660649999999999959e+00 1.460579999999999989e+00 1.270869999999999944e+00 1.121979999999999977e+00 1.028280000000000083e+00
1.986669999999999936e+00 1.909070000000000045e+00 1.833010000000000028e+00 1.758459999999999912e+00 1.685249999999999915e+00 1.613120000000000109e+00 1.541740000000000110e+00 1.470800000000000107e+00 1.400139999999999940e+00 1.329879999999999951e+00 1.260720000000000063e+00 1.194479999999999986e+00 1.134800000000000031e+00 1.085509999999999975e+00 1.047789999999999999e+00 1.019900000000000029e+00
2.386439999999999895e+00 2.279329999999999856e+00 2.174030000000000129e+00 2.070629999999999971e+00 1.969160000000000021e+00 1.869450000000000056e+00 1.771209999999999951e+00 1.673999999999999932e+00 1.577399999999999913e+00 1.481160000000000032e+00 1.385550000000000059e+00 1.291600000000000081e+00 1.202599999999999891e+00 1.126120000000000010e+00 1.068780000000000063e+00 1.029320000000000013e+00
1.089020000000000099e+00 1.084119999999999973e+00 1.079390000000000072e+00 1.074810000000000043e+00 1.070319999999999938e+00 1.065870000000000095e+00 1.061450000000000005e+00 1.057020000000000071e+00 1.052580000000000071e+00 1.048189999999999955e+00 1.043870000000000076e+00 1.039670000000000094e+00 1.035619999999999985e+00 1.031819999999999959e+00 1.028550000000000075e+00 1.025889999999999969e+00
1.595350000000000046e+00 1.548159999999999981e+00 1.501980000000000093e+00 1.456720000000000015e+00 1.412239999999999940e+00 1.368370000000000086e+00 1.324959999999999916e+00 1.281949999999999923e+00 1.239460000000000006e+00 1.197910000000000030e+00 1.158109999999999973e+00 1.121310000000000029e+00 1.088700000000000001e+00 1.061369999999999925e+00 1.039760000000000018e+00 1.022909999999999986e+00
1.110910000000000064e+00 1.103690000000000060e+00 1.096799999999999997e+00 1.090200000000000058e+00 1.083839999999999915e+00 1.077639999999999931e+00 1.071539999999999937e+00 1.065530000000000088e+00 1.059590000000000032e+00 1.053749999999999964e+00 1.048030000000000017e+00 1.042459999999999942e+00 1.037150000000000016e+00 1.032370000000000010e+00 1.028310000000000057e+00 1.024950000000000028e+00
1.582600000000000007e+00 1.535959999999999992e+00 1.490299999999999958e+00 1.445529999999999982e+00 1.401559999999999917e+00 1.358209999999999917e+00 1.315350000000000019e+00 1.272939999999999960e+00 1.231130000000000058e+00 1.190439999999999943e+00 1.151860000000000106e+00 1.116740000000000066e+00 1.086060000000000025e+00 1.060100000000000042e+00 1.039199999999999902e+00 1.022790000000000088e+00
1.971640000000000059e+00 1.895999999999999908e+00 1.821450000000000014e+00 1.748199999999999976e+00 1.676330000000000098e+00 1.605860000000000065e+00 1.536610000000000031e+00 1.468259999999999899e+00 1.400409999999999933e+00 1.332980000000000054e+00 1.266289999999999916e+00 1.201400000000000023e+00 1.140810000000000102e+00 1.088570000000000038e+00 1.048219999999999930e+00 1.022040000000000060e+00
1.185589999999999922e+00 1.170479999999999965e+00 1.155990000000000073e+00 1.142120000000000024e+00 1.128840000000000066e+00 1.116100000000000092e+00 1.103849999999999998e+00 1.092030000000000056e+00 1.080699999999999994e+00 1.069860000000000033e+00 1.059569999999999901e+00 1.049830000000000041e+00 1.040629999999999944e+00 1.032059999999999977e+00 1.024829999999999908e+00 1.019160000000000066e+00
1.986210000000000031e+00 1.909729999999999928e+00 1.834430000000000005e+00 1.760450000000000070e+00 1.687869999999999981e+00 1.616610000000000102e+00 1.546429999999999971e+00 1.476990000000000025e+00 1.407929999999999904e+00 1.339129999999999932e+00 1.270880000000000010e+00 1.204239999999999977e+00 1.141820000000000057e+00 1.088640000000000052e+00 1.048599999999999977e+00 1.022119999999999918e+00
2.263720000000000176e+00 2.165150000000000130e+00 2.067950000000000177e+00 1.972350000000000048e+00 1.878470000000000084e+00 1.786410000000000053e+00 1.695990000000000109e+00 1.606889999999999930e+00 1.518690000000000095e+00 1.431140000000000079e+00 1.344410000000000105e+00 1.259390000000000009e+00 1.178949999999999942e+00 1.109369999999999967e+00 1.056629999999999958e+00 1.022259999999999946e+00
1.179980000000000029e+00 1.165839999999999987e+00 1.152330000000000076e+00 1.139440000000000008e+00 1.127150000000000096e+00 1.115399999999999947e+00 1.104130000000000056e+00 1.093269999999999964e+00 1.082810000000000050e+00 1.072710000000000052e+00 1.062999999999999945e+00 1.053760000000000030e+00 1.045029999999999903e+00 1.036960000000000104e+00 1.029779999999999918e+00 1.023570000000000091e+00
2.077220000000000066e+00 1.992799999999999905e+00 1.909869999999999957e+00 1.828659999999999952e+00 1.749309999999999921e+00 1.671839999999999993e+00 1.595970000000000111e+00 1.521230000000000082e+00 1.447140000000000093e+00 1.373550000000000049e+00 1.300829999999999931e+00 1.229919999999999902e+00 1.162919999999999954e+00 1.104070000000000107e+00 1.058189999999999964e+00 1.027230000000000087e+00
5.193839999999999790e+00 4.876360000000000028e+00 4.562050000000000161e+00 4.251529999999999809e+00 3.945440000000000058e+00 3.644390000000000018e+00 3.348780000000000090e+00 3.058699999999999974e+00 2.773569999999999869e+00 2.492490000000000094e+00 2.214519999999999822e+00 1.939040000000000097e+00 1.665219999999999922e+00 1.395119999999999916e+00 1.163089999999999957e+00 1.026639999999999997e+00
2.959130000000000038e+00 2.808920000000000083e+00 2.660569999999999879e+00 2.514409999999999812e+00 2.370719999999999938e+00 2.229680000000000106e+00 2.091159999999999908e+00 1.954739999999999922e+00 1.819709999999999939e+00 1.685540000000000038e+00 1.552110000000000101e+00 1.419810000000000016e+00 1.290240000000000054e+00 1.170469999999999899e+00 1.079099999999999948e+00 1.022659999999999902e+00
1.102929999999999966e+00 1.095399999999999929e+00 1.088289999999999980e+00 1.081579999999999986e+00 1.075209999999999999e+00 1.069120000000000070e+00 1.063239999999999963e+00 1.057509999999999950e+00 1.051909999999999901e+00 1.046440000000000037e+00 1.041090000000000071e+00 1.035889999999999977e+00 1.030839999999999979e+00 1.026029999999999998e+00 1.021740000000000093e+00 1.018270000000000008e+00
3.593980000000000175e+00 3.395459999999999923e+00 3.199199999999999822e+00 3.005630000000000024e+00 2.815189999999999859e+00 2.628260000000000041e+00 2.444929999999999826e+00 2.264969999999999928e+00 2.087680000000000202e+00 1.912330000000000085e+00 1.738480000000000025e+00 1.566149999999999931e+00 1.396379999999999955e+00 1.234920000000000018e+00 1.105410000000000004e+00 1.027039999999999953e+00
2.077749999999999986e+00 1.992490000000000094e+00 1.908770000000000078e+00 1.826670000000000016e+00 1.746170000000000000e+00 1.667119999999999935e+00 1.589259999999999895e+00 1.512280000000000069e+00 1.436010000000000009e+00 1.360570000000000057e+00 1.286580000000000057e+00 1.215479999999999894e+00 1.150400000000000089e+00 1.095609999999999973e+00 1.053760000000000030e+00 1.023519999999999985e+00
1.462660000000000071e+00 1.424279999999999990e+00 1.386870000000000047e+00 1.350510000000000099e+00 1.315220000000000056e+00 1.280950000000000033e+00 1.247540000000000093e+00 1.214890000000000025e+00 1.183009999999999895e+00 1.152160000000000073e+00 1.122870000000000035e+00 1.095879999999999965e+00 1.071679999999999966e+00 1.050480000000000080e+00 1.033029999999999893e+00 1.020210000000000061e+00
1.498660000000000103e+00 1.458539999999999948e+00 1.419329999999999981e+00 1.380980000000000096e+00 1.343429999999999902e+00 1.306559999999999944e+00 1.270319999999999894e+00 1.234750000000000014e+00 1.200080000000000036e+00 1.166779999999999928e+00 1.135469999999999979e+00 1.106759999999999966e+00 1.081050000000000066e+00 1.058470000000000022e+00 1.039639999999999898e+00 1.024529999999999941e+00
3.477419999999999956e+00 3.287760000000000016e+00 3.100340000000000096e+00 2.915570000000000217e+00 2.733919999999999906e+00 2.555719999999999992e+00 2.380980000000000096e+00 2.209420000000000162e+00 2.040220000000000145e+00 1.872640000000000082e+00 1.706309999999999993e+00 1.541360000000000063e+00 1.378840000000000066e+00 1.224630000000000107e+00 1.102289999999999992e+00 1.027789999999999981e+00
1.095699999999999896e+00 1.089560000000000084e+00 1.083669999999999911e+00 1.078030000000000044e+00 1.072599999999999998e+00 1.067360000000000086e+00 1.062259999999999982e+00 1.057290000000000063e+00 1.052450000000000108e+00 1.047760000000000025e+00 1.043220000000000036e+00 1.038859999999999895e+00 1.034690000000000110e+00 1.030750000000000055e+00 1.027130000000000098e+00 1.023859999999999992e+00
1.449200000000000044e+00 1.412740000000000107e+00 1.377210000000000045e+00 1.342640000000000056e+00 1.308999999999999941e+00 1.276210000000000067e+00 1.244150000000000089e+00 1.212720000000000020e+00 1.181999999999999940e+00 1.152279999999999971e+00 1.124039999999999928e+00 1.097860000000000058e+00 1.074140000000000095e+00 1.053230000000000111e+00 1.036419999999999897e+00 1.023830000000000018e+00
1.942190000000000083e+00 1.868270000000000097e+00 1.795619999999999994e+00 1.724350000000000049e+00 1.654460000000000042e+00 1.585860000000000047e+00 1.518270000000000008e+00 1.451419999999999932e+00 1.385070000000000023e+00 1.319229999999999903e+00 1.254410000000000025e+00 1.191889999999999894e+00 1.134660000000000002e+00 1.086670000000000025e+00 1.050300000000000011e+00 1.024969999999999937e+00
2.197299999999999809e+00 2.103959999999999830e+00 2.012100000000000222e+00 1.921850000000000058e+00 1.833199999999999941e+00 1.746019999999999905e+00 1.660050000000000026e+00 1.574950000000000072e+00 1.490450000000000053e+00 1.406420000000000003e+00 1.323290000000000077e+00 1.242240000000000011e+00 1.166339999999999932e+00 1.102340000000000098e+00 1.055509999999999948e+00 1.023460000000000036e+00
2.492869999999999919e+00 2.376729999999999787e+00 2.262340000000000018e+00 2.149900000000000144e+00 2.039429999999999854e+00 1.930849999999999955e+00 1.823900000000000077e+00 1.718259999999999899e+00 1.613480000000000025e+00 1.509360000000000035e+00 1.406069999999999931e+00 1.304529999999999967e+00 1.207810000000000050e+00 1.124779999999999891e+00 1.063879999999999937e+00 1.022739999999999982e+00
2.064630000000000187e+00 1.979829999999999979e+00 1.896400000000000086e+00 1.814519999999999911e+00 1.734310000000000018e+00 1.655799999999999939e+00 1.578810000000000047e+00 1.503069999999999906e+00 1.428269999999999929e+00 1.354340000000000099e+00 1.281630000000000047e+00 1.211470000000000047e+00 1.146989999999999954e+00 1.092840000000000034e+00 1.051469999999999905e+00 1.022809999999999997e+00
2.371519999999999850e+00 2.265629999999999811e+00 2.161230000000000206e+00 2.058549999999999880e+00 1.957699999999999996e+00 1.858680000000000110e+00 1.761290000000000022e+00 1.665119999999999933e+00 1.569700000000000095e+00 1.474809999999999954e+00 1.380519999999999969e+00 1.287509999999999932e+00 1.198209999999999997e+00 1.120470000000000077e+00 1.062950000000000061e+00 1.025090000000000057e+00
1.211840000000000028e+00 1.194560000000000066e+00 1.177920000000000078e+00 1.161939999999999973e+00 1.146579999999999933e+00 1.131809999999999983e+00 1.117590000000000083e+00 1.103930000000000078e+00 1.090870000000000006e+00 1.078470000000000040e+00 1.066729999999999956e+00 1.055660000000000043e+00 1.045279999999999987e+00 1.035670000000000091e+00 1.027460000000000040e+00 1.020860000000000101e+00
3.078629999999999978e+00 2.917190000000000172e+00 2.758080000000000087e+00 2.601640000000000175e+00 2.448150000000000048e+00 2.297709999999999919e+00 2.150160000000000071e+00 2.005069999999999908e+00 1.861909999999999954e+00 1.720229999999999926e+00 1.579930000000000057e+00 1.441359999999999975e+00 1.306329999999999991e+00 1.184050000000000047e+00 1.091040000000000010e+00 1.029509999999999925e+00
2.360149999999999970e+00 2.255269999999999886e+00 2.151829999999999909e+00 2.050060000000000215e+00 1.950110000000000010e+00 1.852020000000000000e+00 1.755570000000000075e+00 1.660420000000000007e+00 1.566030000000000033e+00 1.472040000000000015e+00 1.378549999999999942e+00 1.286350000000000104e+00 1.197529999999999983e+00 1.118030000000000079e+00 1.057330000000000103e+00 1.019419999999999993e+00
1.194320000000000048e+00 1.178809999999999913e+00 1.163829999999999920e+00 1.149370000000000003e+00 1.135450000000000070e+00 1.122020000000000017e+00 1.109099999999999975e+00 1.096749999999999892e+00 1.084999999999999964e+00 1.073870000000000102e+00 1.063390000000000057e+00 1.053620000000000001e+00 1.044599999999999973e+00 1.036399999999999988e+00 1.029260000000000064e+00 1.023209999999999953e+00
3.408739999999999881e+00 3.223320000000000185e+00 3.040579999999999838e+00 2.860840000000000050e+00 2.684359999999999857e+00 2.511150000000000215e+00 2.341029999999999944e+00 2.173500000000000210e+00 2.007839999999999847e+00 1.843409999999999993e+00 1.679920000000000080e+00 1.517430000000000057e+00 1.357410000000000005e+00 1.209829999999999961e+00 1.097820000000000018e+00 1.026149999999999896e+00
2.988480000000000025e+00 2.834340000000000082e+00 2.682720000000000216e+00 2.533859999999999779e+00 2.387880000000000003e+00 2.244679999999999787e+00 2.103899999999999881e+00 1.964979999999999949e+00 1.827280000000000015e+00 1.690290000000000070e+00 1.553909999999999902e+00 1.418479999999999963e+00 1.285660000000000025e+00 1.165079999999999893e+00 1.075679999999999970e+00 1.018150000000000110e+00
4.576030000000000264e+00 4.304809999999999803e+00 4.036319999999999908e+00 3.771119999999999806e+00 3.509689999999999976e+00 3.252520000000000078e+00 2.999830000000000219e+00 2.751590000000000202e+00 2.507179999999999964e+00 2.265950000000000131e+00 2.027309999999999945e+00 1.790929999999999911e+00 1.556840000000000002e+00 1.329099999999999948e+00 1.137939999999999952e+00 1.025460000000000038e+00
1.914660000000000029e+00 1.841520000000000046e+00 1.769770000000000065e+00 1.699570000000000025e+00 1.631000000000000005e+00 1.563979999999999926e+00 1.498280000000000056e+00 1.433550000000000102e+00 1.369499999999999940e+00 1.306140000000000079e+00 1.243959999999999955e+00 1.184279999999999999e+00 1.129860000000000086e+00 1.083869999999999889e+00 1.047749999999999959e+00 1.021919999999999940e+00
2.365270000000000206e+00 2.258929999999999882e+00 2.154079999999999995e+00 2.050940000000000207e+00 1.949699999999999989e+00 1.850400000000000045e+00 1.752939999999999943e+00 1.656940000000000079e+00 1.561890000000000001e+00 1.467410000000000103e+00 1.373539999999999983e+00 1.281079999999999997e+00 1.192809999999999926e+00 1.116090000000000027e+00 1.058170000000000055e+00 1.020559999999999912e+00
1.126379999999999937e+00 1.117729999999999890e+00 1.109499999999999931e+00 1.101660000000000084e+00 1.094130000000000047e+00 1.086829999999999963e+00 1.079690000000000039e+00 1.072670000000000012e+00 1.065749999999999975e+00 1.058969999999999967e+00 1.052370000000000028e+00 1.045989999999999975e+00 1.039849999999999941e+00 1.034049999999999914e+00 1.029099999999999904e+00 1.025249999999999995e+00
1.380160000000000053e+00 1.348950000000000093e+00 1.318599999999999994e+00 1.289139999999999953e+00 1.260550000000000059e+00 1.232750000000000012e+00 1.205629999999999979e+00 1.179179999999999895e+00 1.153559999999999919e+00 1.129119999999999902e+00 1.106389999999999985e+00 1.085660000000000069e+00 1.067029999999999923e+00 1.050529999999999964e+00 1.036569999999999991e+00 1.025630000000000042e+00
1.117750000000000021e+00 1.109240000000000004e+00 1.101150000000000073e+00 1.093469999999999942e+00 1.086179999999999923e+00 1.079220000000000068e+00 1.072500000000000009e+00 1.065960000000000019e+00 1.059560000000000057e+00 1.053309999999999969e+00 1.047220000000000040e+00 1.041330000000000089e+00 1.035749999999999948e+00 1.030690000000000106e+00 1.026389999999999914e+00 1.022820000000000062e+00
1.771549999999999958e+00 1.709000000000000075e+00 1.647790000000000088e+00 1.588009999999999922e+00 1.529630000000000045e+00 1.472529999999999895e+00 1.416500000000000092e+00 1.361329999999999929e+00 1.307029999999999914e+00 1.253949999999999898e+00 1.202960000000000029e+00 1.155329999999999968e+00 1.112770000000000037e+00 1.076659999999999950e+00 1.047849999999999948e+00 1.025830000000000020e+00
