1.369550000000000045e+00 1.340829999999999966e+00 1.312559999999999949e+00 1.284659999999999913e+00 1.257069999999999910e+00 1.229780000000000095e+00 1.202900000000000080e+00 1.176649999999999974e+00 1.151310000000000056e+00 1.127250000000000085e+00 1.104840000000000044e+00 1.084340000000000082e+00 1.066000000000000059e+00 1.050359999999999960e+00 1.037740000000000107e+00 1.027700000000000058e+00
1.136759999999999993e+00 1.127329999999999943e+00 1.118209999999999926e+00 1.109350000000000058e+00 1.100759999999999961e+00 1.092379999999999907e+00 1.084240000000000093e+00 1.076340000000000074e+00 1.068699999999999983e+00 1.061339999999999950e+00 1.054280000000000106e+00 1.047560000000000047e+00 1.041209999999999969e+00 1.035330000000000084e+00 1.030210000000000070e+00 1.025930000000000009e+00
2.142240000000000144e+00 2.055930000000000035e+00 1.970779999999999976e+00 1.886619999999999964e+00 1.803279999999999994e+00 1.720529999999999893e+00 1.638109999999999955e+00 1.555849999999999955e+00 1.473740000000000050e+00 1.391950000000000021e+00 1.310969999999999969e+00 1.232069999999999999e+00 1.159070000000000045e+00 1.098700000000000010e+00 1.054419999999999913e+00 1.023689999999999989e+00
1.299069999999999947e+00 1.275330000000000075e+00 1.252110000000000056e+00 1.229370000000000074e+00 1.207070000000000087e+00 1.185200000000000031e+00 1.163829999999999920e+00 1.143129999999999979e+00 1.123329999999999940e+00 1.104659999999999975e+00 1.087229999999999919e+00 1.071090000000000098e+00 1.056249999999999911e+00 1.042910000000000004e+00 1.031789999999999985e+00 1.022850000000000037e+00
1.144230000000000080e+00 1.134149999999999991e+00 1.124390000000000001e+00 1.114940000000000042e+00 1.105760000000000076e+00 1.096859999999999946e+00 1.088230000000000031e+00 1.079870000000000108e+00 1.071830000000000060e+00 1.064070000000000071e+00 1.056619999999999893e+00 1.049490000000000034e+00 1.042750000000000066e+00 1.036569999999999991e+00 1.031069999999999931e+00 1.026180000000000092e+00
2.111069999999999780e+00 2.026060000000000194e+00 1.942220000000000057e+00 1.859439999999999982e+00 1.777470000000000105e+00 1.696110000000000007e+00 1.615189999999999904e+00 1.534669999999999979e+00 1.454709999999999948e+00 1.375580000000000025e+00 1.297879999999999923e+00 1.222879999999999967e+00 1.154179999999999984e+00 1.097269999999999968e+00 1.054510000000000058e+00 1.023409999999999931e+00
2.749969999999999803e+00 2.618430000000000035e+00 2.488589999999999858e+00 2.360419999999999963e+00 2.233690000000000175e+00 2.108140000000000125e+00 1.983370000000000077e+00 1.859070000000000000e+00 1.735100000000000087e+00 1.611520000000000064e+00 1.488580000000000014e+00 1.366940000000000044e+00 1.249589999999999979e+00 1.148209999999999953e+00 1.074589999999999934e+00 1.025470000000000104e+00
2.055219999999999825e+00 1.974299999999999944e+00 1.894479999999999942e+00 1.815639999999999921e+00 1.737579999999999902e+00 1.660060000000000091e+00 1.582940000000000014e+00 1.506159999999999943e+00 1.429850000000000065e+00 1.354270000000000085e+00 1.280089999999999950e+00 1.208890000000000020e+00 1.144549999999999956e+00 1.091979999999999951e+00 1.052510000000000057e+00 1.023630000000000040e+00
1.469570000000000043e+00 1.432290000000000063e+00 1.395529999999999937e+00 1.359199999999999964e+00 1.323190000000000088e+00 1.287479999999999958e+00 1.252110000000000056e+00 1.217279999999999918e+00 1.183410000000000073e+00 1.151110000000000078e+00 1.121170000000000000e+00 1.094249999999999945e+00 1.070549999999999891e+00 1.050319999999999920e+00 1.033709999999999907e+00 1.020280000000000076e+00
2.542899999999999938e+00 2.426109999999999989e+00 2.310989999999999878e+00 2.197499999999999787e+00 2.085350000000000037e+00 1.974320000000000075e+00 1.864020000000000010e+00 1.754269999999999996e+00 1.645019999999999927e+00 1.536429999999999962e+00 1.428809999999999913e+00 1.323010000000000019e+00 1.222310000000000008e+00 1.136360000000000037e+00 1.072799999999999976e+00 1.028669999999999973e+00
1.551439999999999930e+00 1.507980000000000098e+00 1.465140000000000109e+00 1.422819999999999974e+00 1.380900000000000016e+00 1.339339999999999975e+00 1.298179999999999890e+00 1.257630000000000026e+00 1.218089999999999895e+00 1.180209999999999981e+00 1.144849999999999923e+00 1.112849999999999895e+00 1.084699999999999998e+00 1.060780000000000056e+00 1.041109999999999980e+00 1.025060000000000082e+00
1.272080000000000100e+00 1.249849999999999905e+00 1.228069999999999995e+00 1.206730000000000080e+00 1.185829999999999940e+00 1.165419999999999900e+00 1.145629999999999926e+00 1.126679999999999904e+00 1.108759999999999968e+00 1.092009999999999925e+00 1.076529999999999987e+00 1.062279999999999891e+00 1.049220000000000041e+00 1.037619999999999987e+00 1.027910000000000101e+00 1.019919999999999938e+00
1.462159999999999904e+00 1.425620000000000109e+00 1.389629999999999921e+00 1.354130000000000056e+00 1.319029999999999925e+00 1.284319999999999906e+00 1.250089999999999923e+00 1.216569999999999929e+00 1.184180000000000010e+00 1.153399999999999981e+00 1.124770000000000048e+00 1.098719999999999919e+00 1.075460000000000083e+00 1.055069999999999952e+00 1.037800000000000056e+00 1.023449999999999971e+00
2.272159999999999958e+00 2.174720000000000208e+00 2.078689999999999927e+00 1.983980000000000077e+00 1.890360000000000040e+00 1.797560000000000047e+00 1.705330000000000013e+00 1.613520000000000065e+00 1.522149999999999892e+00 1.431440000000000046e+00 1.341949999999999976e+00 1.255169999999999897e+00 1.175459999999999949e+00 1.109569999999999945e+00 1.060230000000000006e+00 1.024459999999999926e+00
1.108870000000000022e+00 1.101839999999999931e+00 1.095040000000000013e+00 1.088440000000000074e+00 1.082019999999999982e+00 1.075769999999999893e+00 1.069700000000000095e+00 1.063819999999999988e+00 1.058140000000000081e+00 1.052659999999999929e+00 1.047400000000000109e+00 1.042370000000000019e+00 1.037609999999999921e+00 1.033199999999999896e+00 1.029199999999999893e+00 1.025570000000000093e+00
1.543479999999999963e+00 1.500820000000000043e+00 1.458930000000000060e+00 1.417729999999999935e+00 1.377050000000000107e+00 1.336759999999999948e+00 1.296829999999999927e+00 1.257360000000000033e+00 1.218590000000000062e+00 1.181070000000000064e+00 1.145650000000000057e+00 1.113339999999999996e+00 1.084670000000000023e+00 1.059849999999999959e+00 1.039900000000000047e+00 1.024769999999999959e+00
1.889480000000000048e+00 1.821190000000000087e+00 1.753919999999999924e+00 1.687550000000000106e+00 1.621920000000000028e+00 1.556859999999999911e+00 1.492180000000000062e+00 1.427820000000000089e+00 1.363850000000000007e+00 1.300640000000000018e+00 1.238850000000000007e+00 1.180010000000000003e+00 1.127099999999999991e+00 1.083499999999999908e+00 1.050459999999999949e+00 1.026499999999999968e+00
1.253330000000000055e+00 1.233190000000000008e+00 1.213459999999999983e+00 1.194099999999999939e+00 1.175089999999999968e+00 1.156470000000000109e+00 1.138319999999999999e+00 1.120780000000000109e+00 1.104049999999999976e+00 1.088289999999999980e+00 1.073660000000000059e+00 1.060200000000000031e+00 1.047960000000000003e+00 1.037269999999999914e+00 1.028399999999999981e+00 1.021139999999999937e+00
1.838600000000000012e+00 1.773789999999999978e+00 1.710010000000000030e+00 1.647110000000000074e+00 1.584920000000000107e+00 1.523249999999999993e+00 1.461940000000000017e+00 1.400959999999999983e+00 1.340470000000000050e+00 1.280899999999999928e+00 1.223079999999999945e+00 1.168579999999999952e+00 1.119879999999999987e+00 1.079439999999999955e+00 1.048219999999999930e+00 1.024799999999999933e+00
1.119499999999999940e+00 1.111339999999999995e+00 1.103490000000000082e+00 1.095949999999999980e+00 1.088629999999999987e+00 1.081509999999999971e+00 1.074589999999999934e+00 1.067849999999999966e+00 1.061339999999999950e+00 1.055060000000000109e+00 1.049020000000000064e+00 1.043230000000000102e+00 1.037690000000000001e+00 1.032540000000000013e+00 1.028049999999999908e+00 1.024250000000000105e+00
2.223180000000000156e+00 2.131209999999999827e+00 2.040449999999999875e+00 1.950830000000000064e+00 1.862179999999999946e+00 1.774240000000000039e+00 1.686709999999999932e+00 1.599310000000000009e+00 1.511980000000000102e+00 1.424889999999999990e+00 1.338540000000000063e+00 1.254219999999999891e+00 1.175200000000000022e+00 1.108030000000000070e+00 1.058440000000000047e+00 1.024799999999999933e+00
1.486199999999999966e+00 1.447840000000000016e+00 1.410130000000000106e+00 1.373010000000000064e+00 1.336340000000000083e+00 1.300030000000000019e+00 1.264110000000000067e+00 1.228750000000000009e+00 1.194309999999999983e+00 1.161389999999999922e+00 1.130700000000000038e+00 1.102859999999999951e+00 1.078089999999999993e+00 1.056499999999999995e+00 1.038699999999999957e+00 1.024569999999999981e+00
3.322259999999999991e+00 3.146830000000000016e+00 2.973819999999999908e+00 2.803319999999999812e+00 2.635219999999999896e+00 2.469269999999999854e+00 2.304990000000000094e+00 2.141950000000000021e+00 1.979810000000000070e+00 1.818480000000000096e+00 1.658050000000000024e+00 1.499000000000000110e+00 1.343630000000000102e+00 1.203130000000000033e+00 1.097380000000000022e+00 1.028029999999999999e+00
1.803309999999999969e+00 1.740830000000000100e+00 1.679280000000000106e+00 1.618530000000000024e+00 1.558400000000000007e+00 1.498699999999999921e+00 1.439310000000000089e+00 1.380279999999999951e+00 1.321879999999999944e+00 1.264769999999999950e+00 1.210099999999999953e+00 1.159510000000000041e+00 1.114579999999999904e+00 1.076629999999999976e+00 1.046610000000000040e+00 1.023579999999999934e+00
1.135780000000000012e+00 1.125909999999999966e+00 1.116360000000000019e+00 1.107110000000000039e+00 1.098139999999999894e+00 1.089429999999999898e+00 1.080989999999999895e+00 1.072829999999999950e+00 1.064980000000000038e+00 1.057460000000000067e+00 1.050289999999999946e+00 1.043520000000000003e+00 1.037139999999999951e+00 1.031220000000000026e+00 1.026019999999999932e+00 1.021630000000000038e+00
2.335039999999999782e+00 2.233260000000000023e+00 2.133049999999999891e+00 2.034260000000000179e+00 1.936709999999999932e+00 1.840090000000000003e+00 1.744119999999999893e+00 1.648530000000000051e+00 1.553269999999999929e+00 1.458550000000000013e+00 1.364900000000000002e+00 1.273660000000000014e+00 1.188679999999999959e+00 1.116889999999999938e+00 1.062889999999999890e+00 1.024750000000000050e+00
3.357409999999999783e+00 3.178160000000000096e+00 3.001790000000000180e+00 2.828329999999999789e+00 2.657649999999999846e+00 2.489450000000000163e+00 2.323230000000000128e+00 2.158430000000000071e+00 1.994669999999999943e+00 1.831760000000000055e+00 1.669729999999999936e+00 1.508920000000000039e+00 1.351399999999999935e+00 1.208180000000000032e+00 1.098959999999999937e+00 1.026440000000000019e+00
3.032810000000000006e+00 2.878649999999999931e+00 2.726710000000000189e+00 2.576999999999999957e+00 2.429339999999999833e+00 2.283469999999999889e+00 2.139009999999999856e+00 1.995610000000000106e+00 1.853110000000000035e+00 1.711529999999999996e+00 1.570999999999999952e+00 1.432029999999999914e+00 1.296839999999999993e+00 1.176690000000000014e+00 1.087280000000000024e+00 1.027169999999999916e+00
2.073519999999999808e+00 1.990169999999999995e+00 1.908150000000000013e+00 1.827339999999999964e+00 1.747509999999999897e+00 1.668379999999999974e+00 1.589749999999999996e+00 1.511540000000000106e+00 1.433850000000000069e+00 1.357059999999999933e+00 1.282000000000000028e+00 1.210569999999999924e+00 1.146339999999999915e+00 1.093069999999999986e+00 1.051609999999999934e+00 1.020080000000000098e+00
2.034260000000000179e+00 1.955580000000000096e+00 1.878030000000000088e+00 1.801530000000000076e+00 1.725880000000000081e+00 1.650870000000000060e+00 1.576249999999999929e+00 1.501900000000000013e+00 1.427880000000000038e+00 1.354489999999999972e+00 1.282370000000000010e+00 1.212949999999999973e+00 1.149559999999999915e+00 1.096989999999999910e+00 1.057469999999999910e+00 1.028920000000000057e+00
1.153929999999999900e+00 1.142819999999999947e+00 1.132009999999999961e+00 1.121469999999999967e+00 1.111180000000000057e+00 1.101159999999999917e+00 1.091429999999999900e+00 1.082030000000000047e+00 1.073029999999999928e+00 1.064480000000000093e+00 1.056429999999999980e+00 1.048980000000000024e+00 1.042170000000000041e+00 1.036049999999999915e+00 1.030680000000000041e+00 1.025989999999999958e+00
1.345900000000000096e+00 1.318319999999999936e+00 1.291209999999999969e+00 1.264510000000000023e+00 1.238189999999999902e+00 1.212229999999999919e+00 1.186749999999999972e+00 1.161939999999999973e+00 1.138099999999999890e+00 1.115569999999999951e+00 1.094689999999999941e+00 1.075630000000000086e+00 1.058629999999999960e+00 1.044119999999999937e+00 1.032270000000000021e+00 1.022599999999999953e+00
1.168909999999999894e+00 1.156619999999999981e+00 1.144619999999999971e+00 1.132900000000000018e+00 1.121459999999999901e+00 1.110279999999999934e+00 1.099399999999999933e+00 1.088850000000000096e+00 1.078689999999999927e+00 1.068950000000000067e+00 1.059639999999999915e+00 1.050810000000000022e+00 1.042659999999999920e+00 1.035590000000000011e+00 1.029760000000000009e+00 1.025009999999999977e+00
1.761130000000000084e+00 1.701959999999999917e+00 1.643669999999999964e+00 1.586179999999999923e+00 1.529290000000000038e+00 1.472860000000000058e+00 1.416740000000000110e+00 1.360940000000000039e+00 1.305700000000000083e+00 1.251530000000000031e+00 1.199449999999999905e+00 1.151140000000000052e+00 1.108519999999999950e+00 1.072699999999999987e+00 1.044480000000000075e+00 1.022999999999999909e+00
1.466720000000000024e+00 1.429179999999999895e+00 1.392479999999999940e+00 1.356619999999999937e+00 1.321499999999999897e+00 1.286999999999999922e+00 1.253020000000000023e+00 1.219549999999999912e+00 1.186739999999999906e+00 1.155000000000000027e+00 1.124919999999999920e+00 1.097280000000000033e+00 1.072529999999999983e+00 1.050959999999999894e+00 1.033959999999999990e+00 1.021560000000000024e+00
1.332829999999999959e+00 1.305639999999999912e+00 1.279120000000000035e+00 1.253209999999999935e+00 1.227829999999999977e+00 1.202939999999999898e+00 1.178560000000000052e+00 1.154809999999999892e+00 1.131950000000000012e+00 1.110309999999999908e+00 1.090249999999999941e+00 1.071900000000000075e+00 1.055320000000000036e+00 1.040629999999999944e+00 1.028659999999999908e+00 1.019320000000000004e+00
1.904309999999999947e+00 1.834270000000000067e+00 1.765500000000000069e+00 1.697920000000000096e+00 1.631369999999999987e+00 1.565609999999999946e+00 1.500350000000000072e+00 1.435380000000000100e+00 1.370610000000000106e+00 1.306230000000000002e+00 1.242799999999999905e+00 1.181699999999999973e+00 1.126179999999999959e+00 1.080289999999999973e+00 1.046119999999999939e+00 1.022080000000000100e+00
1.326680000000000081e+00 1.299809999999999910e+00 1.273649999999999949e+00 1.248150000000000093e+00 1.223249999999999948e+00 1.198939999999999895e+00 1.175259999999999971e+00 1.152369999999999894e+00 1.130500000000000060e+00 1.109930000000000083e+00 1.090870000000000006e+00 1.073460000000000081e+00 1.057590000000000030e+00 1.043179999999999996e+00 1.030950000000000033e+00 1.021339999999999915e+00
1.357189999999999896e+00 1.328449999999999909e+00 1.300470000000000015e+00 1.273200000000000109e+00 1.246510000000000007e+00 1.220329999999999915e+00 1.194649999999999990e+00 1.169650000000000079e+00 1.145540000000000003e+00 1.122670000000000057e+00 1.101369999999999960e+00 1.081809999999999938e+00 1.063960000000000017e+00 1.047989999999999977e+00 1.034580000000000055e+00 1.023760000000000003e+00
2.462559999999999860e+00 2.350439999999999863e+00 2.240369999999999973e+00 2.132379999999999942e+00 2.026320000000000121e+00 1.921820000000000084e+00 1.818319999999999936e+00 1.715489999999999959e+00 1.613129999999999953e+00 1.511379999999999946e+00 1.410800000000000054e+00 1.312370000000000037e+00 1.218069999999999986e+00 1.133879999999999999e+00 1.070429999999999993e+00 1.027709999999999901e+00
3.630030000000000090e+00 3.431379999999999875e+00 3.235399999999999832e+00 3.042359999999999953e+00 2.852279999999999927e+00 2.665029999999999788e+00 2.480210000000000026e+00 2.297320000000000029e+00 2.115689999999999849e+00 1.935000000000000053e+00 1.755169999999999897e+00 1.576230000000000020e+00 1.398700000000000054e+00 1.230040000000000022e+00 1.102489999999999970e+00 1.024950000000000028e+00
3.161799999999999944e+00 2.997390000000000221e+00 2.835389999999999855e+00 2.675980000000000025e+00 2.519080000000000208e+00 2.364459999999999784e+00 2.211619999999999919e+00 2.060099999999999820e+00 1.909489999999999910e+00 1.759679999999999911e+00 1.610870000000000024e+00 1.463570000000000038e+00 1.318990000000000107e+00 1.185140000000000082e+00 1.085579999999999989e+00 1.022939999999999960e+00
1.480269999999999975e+00 1.441149999999999931e+00 1.402859999999999996e+00 1.365320000000000089e+00 1.328379999999999894e+00 1.291970000000000063e+00 1.256059999999999954e+00 1.220720000000000027e+00 1.186250000000000027e+00 1.153159999999999963e+00 1.122270000000000101e+00 1.094249999999999945e+00 1.069669999999999899e+00 1.048710000000000031e+00 1.031779999999999919e+00 1.018690000000000095e+00
2.859539999999999971e+00 2.716950000000000198e+00 2.576639999999999819e+00 2.438779999999999948e+00 2.303329999999999878e+00 2.170040000000000191e+00 2.038419999999999899e+00 1.908090000000000064e+00 1.778659999999999908e+00 1.650109999999999966e+00 1.522720000000000073e+00 1.397149999999999892e+00 1.274939999999999962e+00 1.163529999999999953e+00 1.080179999999999918e+00 1.026319999999999899e+00
1.966660000000000075e+00 1.890239999999999920e+00 1.815250000000000030e+00 1.741600000000000037e+00 1.669100000000000028e+00 1.597529999999999895e+00 1.526669999999999972e+00 1.456420000000000048e+00 1.386840000000000073e+00 1.318330000000000002e+00 1.251759999999999984e+00 1.189030000000000031e+00 1.133310000000000040e+00 1.087120000000000086e+00 1.051069999999999949e+00 1.023449999999999971e+00
1.476860000000000062e+00 1.438499999999999890e+00 1.401029999999999998e+00 1.364379999999999926e+00 1.328400000000000025e+00 1.292950000000000044e+00 1.257980000000000098e+00 1.223530000000000006e+00 1.189840000000000009e+00 1.157389999999999919e+00 1.126840000000000064e+00 1.098870000000000013e+00 1.073809999999999931e+00 1.051690000000000014e+00 1.033730000000000038e+00 1.020250000000000101e+00
1.559080000000000021e+00 1.514880000000000004e+00 1.471519999999999939e+00 1.428889999999999993e+00 1.386840000000000073e+00 1.345259999999999900e+00 1.304089999999999971e+00 1.263419999999999987e+00 1.223579999999999890e+00 1.185159999999999991e+00 1.148970000000000047e+00 1.115890000000000049e+00 1.086589999999999945e+00 1.061369999999999925e+00 1.040829999999999922e+00 1.024580000000000046e+00
3.153469999999999995e+00 2.988989999999999814e+00 2.826960000000000139e+00 2.667600000000000193e+00 2.510930000000000106e+00 2.356770000000000032e+00 2.204629999999999868e+00 2.054079999999999906e+00 1.904660000000000020e+00 1.756219999999999892e+00 1.608940000000000037e+00 1.463200000000000056e+00 1.320219999999999949e+00 1.188330000000000108e+00 1.089830000000000076e+00 1.027470000000000105e+00
1.148789999999999978e+00 1.137790000000000079e+00 1.127210000000000045e+00 1.117010000000000058e+00 1.107159999999999922e+00 1.097609999999999975e+00 1.088359999999999994e+00 1.079409999999999981e+00 1.070820000000000105e+00 1.062610000000000054e+00 1.054820000000000091e+00 1.047460000000000058e+00 1.040580000000000060e+00 1.034240000000000048e+00 1.028669999999999973e+00 1.023919999999999941e+00
1.822889999999999899e+00 1.758839999999999959e+00 1.695950000000000069e+00 1.634179999999999966e+00 1.573380000000000001e+00 1.513339999999999907e+00 1.453819999999999890e+00 1.394700000000000051e+00 1.335960000000000036e+00 1.277919999999999945e+00 1.221330000000000027e+00 1.167669999999999986e+00 1.119019999999999904e+00 1.077839999999999909e+00 1.046599999999999975e+00 1.024229999999999974e+00
2.023540000000000116e+00 1.944010000000000016e+00 1.865899999999999892e+00 1.789190000000000058e+00 1.713710000000000067e+00 1.639189999999999925e+00 1.565390000000000059e+00 1.492059999999999942e+00 1.419100000000000028e+00 1.346680000000000099e+00 1.275360000000000049e+00 1.206520000000000037e+00 1.143820000000000059e+00 1.091909999999999936e+00 1.052939999999999987e+00 1.025090000000000057e+00
1.825180000000000025e+00 1.760520000000000085e+00 1.697019999999999973e+00 1.634589999999999987e+00 1.573050000000000059e+00 1.512199999999999989e+00 1.451840000000000019e+00 1.391860000000000097e+00 1.332270000000000065e+00 1.273449999999999971e+00 1.216180000000000039e+00 1.162069999999999936e+00 1.113960000000000061e+00 1.074710000000000054e+00 1.045080000000000009e+00 1.023090000000000055e+00
2.332570000000000032e+00 2.229569999999999830e+00 2.128270000000000106e+00 2.028640000000000221e+00 1.930549999999999988e+00 1.833749999999999991e+00 1.737929999999999975e+00 1.642730000000000024e+00 1.547930000000000028e+00 1.453589999999999938e+00 1.360060000000000047e+00 1.268450000000000077e+00 1.182630000000000070e+00 1.111140000000000017e+00 1.058929999999999927e+00 1.022569999999999979e+00
1.259209999999999940e+00 1.237689999999999957e+00 1.216860000000000053e+00 1.196679999999999966e+00 1.177140000000000075e+00 1.158190000000000053e+00 1.139909999999999979e+00 1.122500000000000053e+00 1.106009999999999938e+00 1.090580000000000105e+00 1.076279999999999903e+00 1.063109999999999999e+00 1.050910000000000011e+00 1.039619999999999989e+00 1.029859999999999998e+00 1.021989999999999954e+00
2.236050000000000093e+00 2.141539999999999999e+00 2.048480000000000079e+00 1.956919999999999993e+00 1.866770000000000040e+00 1.777770000000000072e+00 1.689589999999999925e+00 1.601979999999999960e+00 1.514710000000000001e+00 1.427820000000000089e+00 1.341590000000000060e+00 1.256909999999999972e+00 1.176630000000000065e+00 1.108170000000000099e+00 1.058230000000000004e+00 1.024929999999999897e+00
1.493339999999999890e+00 1.453480000000000105e+00 1.414439999999999920e+00 1.376130000000000075e+00 1.338440000000000074e+00 1.301250000000000018e+00 1.264550000000000063e+00 1.228420000000000067e+00 1.193140000000000089e+00 1.159280000000000088e+00 1.127650000000000041e+00 1.099110000000000031e+00 1.073970000000000091e+00 1.052419999999999911e+00 1.034980000000000011e+00 1.021179999999999977e+00
3.102959999999999940e+00 2.941460000000000186e+00 2.782449999999999868e+00 2.626139999999999919e+00 2.472469999999999946e+00 2.321219999999999839e+00 2.172039999999999971e+00 2.024519999999999875e+00 1.878220000000000001e+00 1.732969999999999899e+00 1.588840000000000030e+00 1.446329999999999893e+00 1.307679999999999954e+00 1.183529999999999971e+00 1.090910000000000046e+00 1.029519999999999991e+00
1.891089999999999938e+00 1.820119999999999960e+00 1.750469999999999970e+00 1.682060000000000111e+00 1.614719999999999933e+00 1.548259999999999970e+00 1.482469999999999954e+00 1.417240000000000055e+00 1.352659999999999973e+00 1.289179999999999993e+00 1.227819999999999911e+00 1.170430000000000081e+00 1.119480000000000031e+00 1.076820000000000110e+00 1.043579999999999952e+00 1.019039999999999946e+00
1.247139999999999915e+00 1.227379999999999916e+00 1.208139999999999992e+00 1.189389999999999947e+00 1.171100000000000030e+00 1.153289999999999926e+00 1.135999999999999899e+00 1.119359999999999911e+00 1.103529999999999900e+00 1.088680000000000092e+00 1.074840000000000018e+00 1.062019999999999964e+00 1.050219999999999931e+00 1.039590000000000014e+00 1.030599999999999961e+00 1.023260000000000058e+00
2.615880000000000205e+00 2.491179999999999950e+00 2.368619999999999948e+00 2.248260000000000147e+00 2.129910000000000192e+00 2.013310000000000155e+00 1.898069999999999924e+00 1.783770000000000078e+00 1.670090000000000074e+00 1.556939999999999991e+00 1.444530000000000092e+00 1.333720000000000017e+00 1.228159999999999918e+00 1.138050000000000006e+00 1.071390000000000065e+00 1.025290000000000035e+00
3.128400000000000070e+00 2.963470000000000049e+00 2.801309999999999967e+00 2.642009999999999970e+00 2.485489999999999977e+00 2.331539999999999946e+00 2.179790000000000116e+00 2.029729999999999812e+00 1.880889999999999951e+00 1.733090000000000019e+00 1.586359999999999992e+00 1.441089999999999982e+00 1.299690000000000012e+00 1.173789999999999889e+00 1.080200000000000049e+00 1.018350000000000088e+00
3.509059999999999846e+00 3.316250000000000142e+00 3.126290000000000013e+00 2.939439999999999831e+00 2.755739999999999856e+00 2.575070000000000192e+00 2.397050000000000125e+00 2.221330000000000027e+00 2.047489999999999810e+00 1.875380000000000047e+00 1.705039999999999889e+00 1.536759999999999904e+00 1.371709999999999985e+00 1.217359999999999998e+00 1.099359999999999893e+00 1.024459999999999926e+00
2.270189999999999930e+00 2.171570000000000000e+00 2.074679999999999858e+00 1.979570000000000052e+00 1.886120000000000019e+00 1.794059999999999988e+00 1.703049999999999953e+00 1.612770000000000037e+00 1.522980000000000000e+00 1.433769999999999989e+00 1.345590000000000064e+00 1.259540000000000104e+00 1.178590000000000027e+00 1.109410000000000007e+00 1.057879999999999932e+00 1.022310000000000052e+00
2.497520000000000184e+00 2.381819999999999826e+00 2.267949999999999910e+00 2.156019999999999825e+00 2.045999999999999819e+00 1.937659999999999938e+00 1.830670000000000019e+00 1.724630000000000107e+00 1.619210000000000038e+00 1.514340000000000019e+00 1.410230000000000095e+00 1.307679999999999954e+00 1.209470000000000045e+00 1.124300000000000077e+00 1.061930000000000041e+00 1.020750000000000046e+00
1.281369999999999898e+00 1.259489999999999998e+00 1.238120000000000109e+00 1.217200000000000060e+00 1.196669999999999900e+00 1.176479999999999970e+00 1.156679999999999930e+00 1.137399999999999967e+00 1.118889999999999940e+00 1.101299999999999946e+00 1.084799999999999986e+00 1.069520000000000026e+00 1.055679999999999952e+00 1.043560000000000043e+00 1.033560000000000034e+00 1.025449999999999973e+00
1.512150000000000105e+00 1.471479999999999899e+00 1.431729999999999947e+00 1.392859999999999987e+00 1.354710000000000081e+00 1.317080000000000028e+00 1.279870000000000063e+00 1.243090000000000028e+00 1.206970000000000098e+00 1.171999999999999931e+00 1.138949999999999907e+00 1.108770000000000033e+00 1.082000000000000073e+00 1.058650000000000091e+00 1.039809999999999901e+00 1.025749999999999940e+00
1.081260000000000110e+00 1.076610000000000067e+00 1.072170000000000067e+00 1.067909999999999915e+00 1.063770000000000104e+00 1.059700000000000086e+00 1.055649999999999977e+00 1.051609999999999934e+00 1.047569999999999890e+00 1.043549999999999978e+00 1.039560000000000040e+00 1.035619999999999985e+00 1.031770000000000076e+00 1.028170000000000028e+00 1.025160000000000071e+00 1.022759999999999891e+00
1.876840000000000064e+00 1.807620000000000005e+00 1.739710000000000090e+00 1.673100000000000032e+00 1.607620000000000049e+00 1.543029999999999902e+00 1.479130000000000056e+00 1.415820000000000078e+00 1.353150000000000075e+00 1.291469999999999896e+00 1.231610000000000094e+00 1.175130000000000008e+00 1.124589999999999979e+00 1.082500000000000018e+00 1.050070000000000059e+00 1.025910000000000100e+00
