1.897489999999999899e+00 1.828170000000000073e+00 1.760099999999999998e+00 1.693230000000000013e+00 1.627380000000000049e+00 1.562370000000000037e+00 1.497870000000000035e+00 1.433699999999999974e+00 1.369799999999999907e+00 1.306429999999999980e+00 1.244259999999999922e+00 1.184700000000000086e+00 1.130570000000000075e+00 1.085650000000000004e+00 1.052089999999999970e+00 1.028250000000000108e+00
1.145559999999999912e+00 1.135310000000000041e+00 1.125490000000000101e+00 1.116030000000000078e+00 1.106889999999999930e+00 1.098030000000000062e+00 1.089369999999999949e+00 1.080950000000000077e+00 1.072759999999999936e+00 1.064840000000000009e+00 1.057209999999999983e+00 1.049849999999999950e+00 1.042810000000000015e+00 1.036210000000000075e+00 1.030540000000000012e+00 1.025949999999999918e+00
1.976809999999999956e+00 1.901860000000000106e+00 1.828119999999999967e+00 1.755579999999999918e+00 1.684090000000000087e+00 1.613399999999999945e+00 1.543239999999999945e+00 1.473370000000000068e+00 1.403690000000000104e+00 1.334370000000000056e+00 1.265919999999999934e+00 1.199529999999999985e+00 1.138179999999999970e+00 1.087029999999999941e+00 1.049350000000000005e+00 1.023479999999999945e+00
2.149290000000000145e+00 2.059759999999999813e+00 1.971810000000000063e+00 1.885499999999999954e+00 1.800729999999999942e+00 1.717340000000000089e+00 1.634940000000000060e+00 1.553129999999999900e+00 1.471759999999999957e+00 1.391049999999999898e+00 1.311739999999999906e+00 1.235239999999999894e+00 1.164120000000000044e+00 1.102919999999999900e+00 1.056380000000000097e+00 1.023810000000000109e+00
1.160919999999999952e+00 1.149250000000000105e+00 1.137999999999999901e+00 1.127140000000000031e+00 1.116630000000000011e+00 1.106449999999999934e+00 1.096559999999999979e+00 1.086980000000000057e+00 1.077720000000000011e+00 1.068820000000000103e+00 1.060289999999999955e+00 1.052159999999999984e+00 1.044540000000000024e+00 1.037619999999999987e+00 1.031539999999999901e+00 1.026200000000000001e+00
1.616230000000000055e+00 1.567269999999999941e+00 1.519320000000000004e+00 1.472320000000000073e+00 1.426109999999999989e+00 1.380570000000000075e+00 1.335480000000000000e+00 1.290799999999999947e+00 1.246779999999999999e+00 1.203910000000000036e+00 1.163070000000000048e+00 1.125429999999999930e+00 1.091860000000000053e+00 1.062990000000000101e+00 1.040100000000000025e+00 1.022829999999999906e+00
3.482419999999999849e+00 3.294610000000000039e+00 3.109350000000000058e+00 2.926860000000000017e+00 2.747209999999999930e+00 2.570419999999999927e+00 2.396049999999999791e+00 2.223440000000000083e+00 2.051909999999999901e+00 1.881050000000000111e+00 1.710830000000000073e+00 1.541390000000000038e+00 1.373820000000000041e+00 1.217279999999999918e+00 1.099290000000000100e+00 1.026250000000000107e+00
2.186799999999999855e+00 2.095610000000000195e+00 2.005949999999999900e+00 1.917790000000000106e+00 1.830999999999999961e+00 1.745370000000000088e+00 1.660469999999999891e+00 1.575949999999999962e+00 1.491630000000000011e+00 1.407680000000000042e+00 1.324629999999999974e+00 1.243670000000000053e+00 1.167929999999999913e+00 1.103690000000000060e+00 1.056149999999999922e+00 1.023719999999999963e+00
1.269849999999999923e+00 1.247819999999999929e+00 1.226469999999999949e+00 1.205759999999999943e+00 1.185619999999999896e+00 1.166039999999999965e+00 1.146980000000000111e+00 1.128519999999999968e+00 1.110810000000000075e+00 1.094049999999999967e+00 1.078400000000000025e+00 1.063849999999999962e+00 1.050419999999999909e+00 1.038210000000000077e+00 1.027989999999999959e+00 1.020019999999999927e+00
3.275669999999999860e+00 3.102180000000000160e+00 2.931319999999999926e+00 2.763300000000000090e+00 2.598170000000000091e+00 2.435919999999999863e+00 2.276089999999999947e+00 2.117989999999999817e+00 1.961019999999999985e+00 1.805020000000000069e+00 1.650090000000000057e+00 1.496620000000000061e+00 1.345809999999999951e+00 1.205189999999999984e+00 1.097820000000000018e+00 1.029479999999999951e+00
1.520359999999999934e+00 1.479020000000000001e+00 1.438520000000000021e+00 1.398709999999999898e+00 1.359459999999999891e+00 1.320619999999999905e+00 1.282159999999999966e+00 1.244199999999999973e+00 1.207070000000000087e+00 1.171419999999999906e+00 1.138090000000000046e+00 1.107890000000000041e+00 1.081239999999999979e+00 1.058470000000000022e+00 1.039919999999999956e+00 1.024999999999999911e+00
1.334430000000000005e+00 1.306759999999999922e+00 1.279800000000000049e+00 1.253519999999999968e+00 1.227859999999999951e+00 1.202739999999999920e+00 1.178190000000000071e+00 1.154320000000000013e+00 1.131429999999999936e+00 1.109900000000000109e+00 1.090019999999999989e+00 1.072000000000000064e+00 1.055800000000000072e+00 1.041400000000000103e+00 1.029409999999999936e+00 1.019970000000000043e+00
1.437070000000000070e+00 1.402199999999999891e+00 1.368090000000000028e+00 1.334659999999999958e+00 1.301790000000000003e+00 1.269390000000000018e+00 1.237460000000000004e+00 1.206129999999999924e+00 1.175780000000000047e+00 1.146830000000000016e+00 1.119799999999999907e+00 1.095059999999999922e+00 1.072780000000000067e+00 1.053150000000000031e+00 1.036729999999999929e+00 1.023390000000000022e+00
2.861619999999999830e+00 2.717810000000000059e+00 2.576360000000000205e+00 2.437419999999999920e+00 2.300899999999999945e+00 2.166669999999999874e+00 2.034289999999999932e+00 1.903250000000000108e+00 1.773120000000000029e+00 1.643750000000000044e+00 1.515330000000000066e+00 1.388589999999999991e+00 1.266459999999999919e+00 1.159310000000000063e+00 1.079239999999999977e+00 1.025130000000000097e+00
1.096770000000000023e+00 1.090799999999999992e+00 1.085029999999999939e+00 1.079439999999999955e+00 1.074000000000000066e+00 1.068689999999999918e+00 1.063509999999999955e+00 1.058449999999999891e+00 1.053549999999999986e+00 1.048799999999999955e+00 1.044249999999999901e+00 1.039919999999999956e+00 1.035870000000000068e+00 1.032129999999999992e+00 1.028699999999999948e+00 1.025549999999999962e+00
1.630009999999999959e+00 1.580109999999999904e+00 1.531269999999999909e+00 1.483470000000000066e+00 1.436609999999999943e+00 1.390540000000000109e+00 1.344999999999999973e+00 1.299900000000000055e+00 1.255349999999999966e+00 1.211759999999999948e+00 1.169790000000000108e+00 1.130659999999999998e+00 1.095679999999999987e+00 1.065690000000000026e+00 1.042170000000000041e+00 1.024850000000000039e+00
2.084620000000000140e+00 2.000669999999999948e+00 1.918179999999999996e+00 1.837129999999999930e+00 1.757349999999999968e+00 1.678609999999999935e+00 1.600600000000000023e+00 1.523050000000000015e+00 1.445840000000000014e+00 1.369159999999999933e+00 1.293609999999999927e+00 1.220579999999999998e+00 1.153540000000000010e+00 1.097879999999999967e+00 1.056340000000000057e+00 1.026729999999999920e+00
1.502760000000000096e+00 1.462480000000000002e+00 1.423000000000000043e+00 1.384230000000000071e+00 1.346049999999999969e+00 1.308319999999999927e+00 1.270960000000000090e+00 1.234050000000000091e+00 1.197880000000000056e+00 1.163049999999999917e+00 1.130419999999999980e+00 1.100850000000000106e+00 1.074940000000000007e+00 1.053010000000000002e+00 1.035409999999999942e+00 1.021439999999999904e+00
1.838489999999999958e+00 1.772909999999999986e+00 1.708569999999999922e+00 1.645429999999999948e+00 1.583299999999999930e+00 1.521919999999999940e+00 1.461060000000000025e+00 1.400539999999999896e+00 1.340419999999999945e+00 1.281050000000000022e+00 1.223300000000000054e+00 1.168760000000000021e+00 1.119909999999999961e+00 1.079269999999999952e+00 1.048040000000000083e+00 1.024790000000000090e+00
1.464679999999999982e+00 1.427400000000000002e+00 1.390980000000000105e+00 1.355359999999999898e+00 1.320449999999999902e+00 1.286140000000000061e+00 1.252289999999999903e+00 1.218909999999999938e+00 1.186250000000000027e+00 1.154830000000000023e+00 1.125359999999999916e+00 1.098589999999999955e+00 1.074750000000000094e+00 1.054059999999999997e+00 1.037339999999999929e+00 1.024620000000000086e+00
2.488640000000000185e+00 2.374359999999999804e+00 2.261919999999999931e+00 2.151370000000000005e+00 2.042660000000000142e+00 1.935619999999999896e+00 1.829879999999999951e+00 1.724990000000000023e+00 1.620560000000000000e+00 1.516510000000000025e+00 1.413100000000000023e+00 1.311269999999999936e+00 1.213999999999999968e+00 1.129539999999999988e+00 1.067120000000000068e+00 1.025130000000000097e+00
1.244199999999999973e+00 1.224560000000000093e+00 1.205559999999999965e+00 1.187200000000000033e+00 1.169440000000000035e+00 1.152269999999999905e+00 1.135650000000000048e+00 1.119669999999999943e+00 1.104379999999999917e+00 1.089900000000000091e+00 1.076279999999999903e+00 1.063509999999999955e+00 1.051630000000000065e+00 1.040859999999999896e+00 1.031730000000000036e+00 1.024280000000000079e+00
3.274589999999999890e+00 3.100509999999999877e+00 2.929040000000000088e+00 2.760359999999999925e+00 2.594520000000000159e+00 2.431400000000000006e+00 2.270640000000000214e+00 2.111660000000000093e+00 1.953920000000000101e+00 1.797129999999999894e+00 1.641240000000000032e+00 1.486590000000000078e+00 1.335180000000000033e+00 1.197999999999999954e+00 1.095299999999999940e+00 1.027970000000000050e+00
2.088670000000000027e+00 2.004350000000000076e+00 1.921570000000000000e+00 1.840330000000000021e+00 1.760529999999999928e+00 1.681980000000000031e+00 1.604300000000000059e+00 1.527120000000000033e+00 1.450260000000000105e+00 1.373879999999999990e+00 1.298540000000000028e+00 1.225419999999999954e+00 1.157149999999999901e+00 1.098610000000000086e+00 1.054550000000000098e+00 1.023840000000000083e+00
1.154719999999999969e+00 1.142930000000000001e+00 1.131569999999999965e+00 1.120619999999999949e+00 1.110060000000000047e+00 1.099869999999999903e+00 1.090019999999999989e+00 1.080529999999999990e+00 1.071430000000000105e+00 1.062740000000000018e+00 1.054499999999999993e+00 1.046740000000000004e+00 1.039469999999999894e+00 1.032729999999999926e+00 1.026780000000000026e+00 1.021670000000000078e+00
2.389470000000000205e+00 2.282469999999999999e+00 2.177449999999999886e+00 2.074359999999999982e+00 1.973000000000000087e+00 1.873019999999999907e+00 1.774000000000000021e+00 1.675510000000000055e+00 1.577269999999999950e+00 1.479419999999999957e+00 1.382500000000000062e+00 1.287789999999999990e+00 1.198819999999999997e+00 1.122730000000000006e+00 1.065269999999999939e+00 1.024839999999999973e+00
3.261670000000000069e+00 3.087299999999999933e+00 2.916059999999999874e+00 2.748110000000000053e+00 2.583419999999999828e+00 2.421780000000000044e+00 2.262680000000000025e+00 2.105469999999999953e+00 1.949489999999999945e+00 1.794349999999999890e+00 1.639930000000000110e+00 1.486509999999999998e+00 1.336039999999999894e+00 1.199580000000000091e+00 1.095890000000000031e+00 1.026350000000000096e+00
3.269089999999999829e+00 3.095790000000000042e+00 2.925019999999999953e+00 2.756979999999999986e+00 2.591709999999999958e+00 2.429190000000000182e+00 2.269039999999999946e+00 2.110650000000000137e+00 1.953449999999999909e+00 1.797160000000000091e+00 1.641880000000000006e+00 1.488059999999999938e+00 1.337469999999999937e+00 1.198930000000000051e+00 1.094359999999999999e+00 1.027369999999999894e+00
2.405180000000000096e+00 2.295339999999999936e+00 2.187549999999999883e+00 2.081820000000000004e+00 1.978010000000000046e+00 1.875920000000000032e+00 1.775099999999999900e+00 1.675130000000000008e+00 1.575660000000000061e+00 1.476720000000000033e+00 1.378740000000000077e+00 1.282950000000000035e+00 1.193310000000000093e+00 1.117739999999999956e+00 1.060890000000000111e+00 1.020399999999999974e+00
2.223679999999999879e+00 2.129649999999999821e+00 2.037180000000000213e+00 1.946350000000000025e+00 1.857080000000000064e+00 1.769230000000000080e+00 1.682430000000000092e+00 1.596279999999999921e+00 1.510490000000000110e+00 1.425089999999999968e+00 1.340489999999999959e+00 1.257679999999999909e+00 1.179489999999999927e+00 1.112670000000000048e+00 1.063139999999999974e+00 1.029099999999999904e+00
1.120759999999999978e+00 1.112880000000000091e+00 1.105310000000000015e+00 1.097990000000000022e+00 1.090870000000000006e+00 1.083900000000000086e+00 1.077029999999999932e+00 1.070289999999999964e+00 1.063690000000000024e+00 1.057250000000000023e+00 1.051039999999999974e+00 1.045080000000000009e+00 1.039409999999999945e+00 1.034170000000000034e+00 1.029679999999999929e+00 1.025940000000000074e+00
1.465140000000000109e+00 1.427999999999999936e+00 1.391699999999999937e+00 1.356160000000000032e+00 1.321250000000000036e+00 1.286850000000000049e+00 1.252860000000000085e+00 1.219319999999999959e+00 1.186500000000000110e+00 1.154840000000000089e+00 1.125000000000000000e+00 1.097669999999999924e+00 1.073269999999999946e+00 1.052389999999999937e+00 1.035709999999999908e+00 1.022729999999999917e+00
1.192160000000000108e+00 1.177489999999999926e+00 1.163359999999999950e+00 1.149729999999999919e+00 1.136530000000000040e+00 1.123750000000000027e+00 1.111329999999999929e+00 1.099280000000000035e+00 1.087650000000000006e+00 1.076489999999999947e+00 1.065839999999999899e+00 1.055700000000000083e+00 1.046149999999999913e+00 1.037579999999999947e+00 1.030559999999999921e+00 1.025039999999999951e+00
1.880309999999999926e+00 1.811160000000000103e+00 1.743409999999999904e+00 1.676979999999999915e+00 1.611709999999999976e+00 1.547379999999999978e+00 1.483700000000000019e+00 1.420449999999999990e+00 1.357620000000000049e+00 1.295490000000000030e+00 1.234850000000000003e+00 1.177280000000000104e+00 1.125439999999999996e+00 1.081960000000000033e+00 1.048259999999999970e+00 1.023150000000000004e+00
1.498199999999999976e+00 1.457989999999999897e+00 1.418739999999999890e+00 1.380439999999999889e+00 1.343029999999999946e+00 1.306400000000000006e+00 1.270380000000000065e+00 1.234860000000000069e+00 1.199869999999999992e+00 1.165790000000000104e+00 1.133280000000000065e+00 1.103280000000000038e+00 1.076489999999999947e+00 1.053279999999999994e+00 1.034899999999999931e+00 1.021589999999999998e+00
1.186469999999999914e+00 1.171429999999999971e+00 1.157000000000000028e+00 1.143159999999999954e+00 1.129869999999999930e+00 1.117050000000000098e+00 1.104680000000000106e+00 1.092719999999999914e+00 1.081239999999999979e+00 1.070270000000000055e+00 1.059849999999999959e+00 1.049989999999999979e+00 1.040640000000000009e+00 1.032019999999999937e+00 1.024829999999999908e+00 1.019160000000000066e+00
2.249670000000000059e+00 2.153179999999999872e+00 2.058269999999999822e+00 1.965060000000000029e+00 1.873480000000000034e+00 1.783379999999999965e+00 1.694409999999999972e+00 1.606139999999999901e+00 1.518210000000000059e+00 1.430509999999999948e+00 1.343280000000000030e+00 1.257379999999999942e+00 1.175820000000000087e+00 1.106710000000000083e+00 1.056389999999999940e+00 1.022450000000000081e+00
2.514390000000000125e+00 2.397530000000000161e+00 2.282469999999999999e+00 2.169410000000000061e+00 2.058359999999999967e+00 1.949279999999999902e+00 1.841869999999999896e+00 1.735589999999999966e+00 1.629939999999999944e+00 1.524729999999999919e+00 1.420139999999999958e+00 1.317020000000000080e+00 1.217989999999999906e+00 1.130130000000000079e+00 1.064619999999999900e+00 1.022559999999999913e+00
1.074650000000000105e+00 1.070820000000000105e+00 1.067129999999999912e+00 1.063530000000000086e+00 1.059989999999999988e+00 1.056489999999999929e+00 1.052990000000000093e+00 1.049490000000000034e+00 1.045989999999999975e+00 1.042480000000000073e+00 1.039009999999999989e+00 1.035579999999999945e+00 1.032229999999999981e+00 1.028999999999999915e+00 1.026040000000000063e+00 1.023400000000000087e+00
1.756850000000000023e+00 1.698110000000000008e+00 1.640630000000000033e+00 1.584440000000000071e+00 1.529490000000000016e+00 1.475600000000000023e+00 1.422439999999999927e+00 1.369599999999999929e+00 1.316959999999999908e+00 1.264659999999999895e+00 1.213310000000000111e+00 1.164029999999999898e+00 1.118740000000000068e+00 1.079250000000000043e+00 1.048070000000000057e+00 1.026839999999999975e+00
3.444380000000000219e+00 3.259560000000000013e+00 3.077080000000000037e+00 2.897260000000000169e+00 2.720299999999999940e+00 2.546349999999999891e+00 2.375179999999999847e+00 2.206220000000000070e+00 2.038619999999999877e+00 1.871699999999999919e+00 1.705140000000000100e+00 1.538859999999999895e+00 1.373320000000000096e+00 1.215379999999999905e+00 1.095779999999999976e+00 1.024680000000000035e+00
3.272289999999999921e+00 3.099060000000000148e+00 2.928300000000000125e+00 2.760310000000000041e+00 2.595260000000000122e+00 2.433219999999999938e+00 2.273849999999999927e+00 2.116439999999999877e+00 1.960210000000000008e+00 1.804599999999999982e+00 1.649520000000000097e+00 1.495319999999999983e+00 1.343329999999999913e+00 1.200069999999999970e+00 1.090359999999999996e+00 1.023060000000000080e+00
1.385950000000000015e+00 1.353949999999999987e+00 1.322850000000000081e+00 1.292640000000000011e+00 1.263279999999999959e+00 1.234629999999999894e+00 1.206620000000000026e+00 1.179170000000000051e+00 1.152470000000000105e+00 1.126919999999999922e+00 1.102950000000000097e+00 1.080869999999999997e+00 1.060950000000000060e+00 1.043420000000000014e+00 1.029179999999999984e+00 1.018569999999999975e+00
4.084629999999999761e+00 3.845610000000000195e+00 3.609939999999999927e+00 3.378120000000000012e+00 3.150529999999999831e+00 2.927500000000000213e+00 2.709000000000000075e+00 2.494489999999999874e+00 2.283269999999999911e+00 2.074790000000000134e+00 1.868859999999999966e+00 1.665510000000000046e+00 1.465659999999999963e+00 1.274759999999999893e+00 1.122980000000000089e+00 1.027760000000000007e+00
1.973959999999999937e+00 1.897100000000000009e+00 1.821700000000000097e+00 1.747759999999999980e+00 1.675159999999999982e+00 1.603690000000000060e+00 1.533090000000000064e+00 1.463149999999999951e+00 1.393750000000000044e+00 1.325110000000000010e+00 1.257900000000000018e+00 1.193599999999999994e+00 1.135399999999999965e+00 1.087129999999999930e+00 1.050419999999999909e+00 1.023390000000000022e+00
1.664190000000000058e+00 1.611420000000000075e+00 1.559819999999999984e+00 1.509400000000000075e+00 1.460080000000000044e+00 1.411680000000000046e+00 1.363960000000000061e+00 1.316640000000000033e+00 1.269679999999999920e+00 1.223330000000000028e+00 1.178269999999999929e+00 1.135760000000000103e+00 1.097539999999999960e+00 1.064689999999999914e+00 1.038650000000000073e+00 1.020420000000000105e+00
1.451619999999999910e+00 1.415459999999999940e+00 1.380179999999999962e+00 1.345709999999999962e+00 1.311919999999999975e+00 1.278699999999999948e+00 1.245999999999999996e+00 1.213850000000000096e+00 1.182520000000000016e+00 1.152460000000000040e+00 1.124249999999999972e+00 1.098389999999999977e+00 1.075159999999999894e+00 1.054729999999999945e+00 1.037870000000000070e+00 1.024450000000000083e+00
3.434439999999999937e+00 3.246999999999999886e+00 3.062250000000000139e+00 2.880609999999999893e+00 2.702339999999999964e+00 2.527590000000000003e+00 2.356100000000000083e+00 2.187260000000000204e+00 2.020179999999999865e+00 1.854379999999999917e+00 1.689799999999999969e+00 1.526780000000000026e+00 1.366489999999999982e+00 1.215980000000000061e+00 1.100289999999999990e+00 1.027819999999999956e+00
1.060519999999999907e+00 1.057800000000000074e+00 1.055150000000000032e+00 1.052559999999999940e+00 1.050000000000000044e+00 1.047460000000000058e+00 1.044929999999999914e+00 1.042399999999999993e+00 1.039879999999999916e+00 1.037390000000000034e+00 1.034929999999999906e+00 1.032510000000000039e+00 1.030149999999999899e+00 1.027879999999999905e+00 1.025760000000000005e+00 1.023800000000000043e+00
1.686520000000000019e+00 1.631650000000000045e+00 1.577960000000000029e+00 1.525460000000000038e+00 1.474059999999999926e+00 1.423599999999999977e+00 1.373899999999999899e+00 1.324810000000000043e+00 1.276370000000000005e+00 1.228939999999999921e+00 1.183249999999999913e+00 1.140409999999999924e+00 1.101809999999999956e+00 1.068920000000000092e+00 1.043279999999999985e+00 1.024110000000000076e+00
1.874430000000000041e+00 1.805660000000000043e+00 1.738199999999999967e+00 1.672080000000000011e+00 1.607240000000000002e+00 1.543449999999999989e+00 1.480420000000000069e+00 1.417910000000000004e+00 1.355809999999999960e+00 1.294310000000000072e+00 1.234010000000000051e+00 1.176390000000000047e+00 1.124360000000000026e+00 1.081099999999999950e+00 1.048389999999999933e+00 1.024909999999999988e+00
2.087660000000000071e+00 2.002429999999999932e+00 1.918690000000000007e+00 1.836489999999999956e+00 1.755719999999999947e+00 1.676169999999999938e+00 1.597580000000000000e+00 1.519689999999999985e+00 1.442260000000000097e+00 1.365380000000000038e+00 1.289630000000000054e+00 1.216339999999999977e+00 1.149059999999999970e+00 1.093590000000000062e+00 1.052640000000000020e+00 1.023369999999999891e+00
2.285260000000000069e+00 2.185319999999999929e+00 2.087060000000000137e+00 1.990529999999999911e+00 1.895629999999999926e+00 1.802200000000000024e+00 1.709920000000000107e+00 1.618440000000000101e+00 1.527439999999999909e+00 1.436890000000000001e+00 1.347159999999999913e+00 1.259269999999999889e+00 1.176739999999999897e+00 1.107699999999999907e+00 1.057399999999999896e+00 1.022510000000000030e+00
1.740650000000000031e+00 1.681840000000000002e+00 1.624200000000000088e+00 1.567790000000000017e+00 1.512550000000000061e+00 1.458350000000000035e+00 1.404940000000000078e+00 1.352039999999999909e+00 1.299530000000000074e+00 1.247630000000000017e+00 1.197140000000000093e+00 1.149499999999999966e+00 1.106929999999999970e+00 1.070759999999999934e+00 1.042270000000000030e+00 1.022450000000000081e+00
2.142830000000000013e+00 2.053749999999999964e+00 1.966180000000000039e+00 1.880249999999999977e+00 1.795889999999999986e+00 1.712949999999999973e+00 1.631159999999999943e+00 1.550140000000000073e+00 1.469629999999999992e+00 1.389680000000000026e+00 1.310629999999999962e+00 1.233610000000000095e+00 1.161729999999999929e+00 1.101080000000000059e+00 1.056070000000000064e+00 1.024869999999999948e+00
1.307760000000000034e+00 1.282389999999999919e+00 1.257730000000000015e+00 1.233759999999999968e+00 1.210399999999999920e+00 1.187619999999999898e+00 1.165410000000000057e+00 1.143880000000000008e+00 1.123250000000000082e+00 1.103790000000000049e+00 1.085779999999999967e+00 1.069229999999999903e+00 1.054200000000000026e+00 1.040939999999999976e+00 1.029919999999999947e+00 1.020969999999999933e+00
2.991190000000000015e+00 2.837079999999999824e+00 2.685389999999999944e+00 2.536379999999999857e+00 2.390099999999999891e+00 2.246449999999999836e+00 2.105160000000000142e+00 1.965700000000000003e+00 1.827609999999999957e+00 1.690600000000000103e+00 1.554720000000000102e+00 1.420390000000000041e+00 1.289730000000000043e+00 1.173489999999999922e+00 1.087120000000000086e+00 1.029390000000000027e+00
2.030330000000000190e+00 1.948919999999999986e+00 1.868970000000000020e+00 1.790569999999999995e+00 1.713659999999999961e+00 1.638099999999999890e+00 1.563609999999999944e+00 1.489859999999999962e+00 1.416670000000000096e+00 1.344189999999999996e+00 1.272980000000000000e+00 1.204250000000000043e+00 1.140759999999999996e+00 1.087099999999999955e+00 1.046829999999999927e+00 1.019130000000000091e+00
1.156490000000000018e+00 1.144589999999999996e+00 1.133199999999999985e+00 1.122300000000000075e+00 1.111820000000000030e+00 1.101709999999999967e+00 1.091979999999999951e+00 1.082589999999999941e+00 1.073550000000000004e+00 1.064859999999999918e+00 1.056559999999999944e+00 1.048669999999999991e+00 1.041169999999999929e+00 1.034189999999999943e+00 1.028170000000000028e+00 1.023160000000000069e+00
2.932129999999999903e+00 2.782389999999999919e+00 2.635159999999999947e+00 2.490670000000000162e+00 2.348869999999999791e+00 2.209630000000000205e+00 2.072620000000000129e+00 1.937289999999999957e+00 1.803050000000000042e+00 1.669589999999999907e+00 1.536869999999999958e+00 1.405250000000000110e+00 1.277409999999999934e+00 1.165040000000000076e+00 1.081839999999999913e+00 1.025660000000000016e+00
2.883010000000000073e+00 2.736250000000000071e+00 2.592099999999999849e+00 2.450790000000000024e+00 2.312240000000000073e+00 2.176229999999999887e+00 2.042380000000000084e+00 1.910120000000000040e+00 1.778899999999999926e+00 1.648449999999999971e+00 1.518769999999999953e+00 1.390290000000000026e+00 1.265190000000000037e+00 1.154409999999999936e+00 1.072610000000000063e+00 1.018089999999999939e+00
3.495909999999999851e+00 3.304759999999999920e+00 3.116060000000000052e+00 2.930169999999999941e+00 2.747300000000000075e+00 2.567569999999999908e+00 2.390820000000000167e+00 2.216600000000000126e+00 2.044280000000000097e+00 1.873439999999999994e+00 1.703910000000000036e+00 1.535719999999999974e+00 1.369990000000000041e+00 1.214620000000000033e+00 1.096789999999999932e+00 1.024329999999999963e+00
2.221389999999999976e+00 2.125290000000000123e+00 2.031060000000000088e+00 1.938800000000000079e+00 1.848479999999999901e+00 1.759910000000000085e+00 1.672749999999999959e+00 1.586519999999999930e+00 1.500850000000000017e+00 1.415739999999999998e+00 1.331620000000000026e+00 1.249679999999999902e+00 1.172970000000000068e+00 1.107280000000000042e+00 1.057290000000000063e+00 1.022289999999999921e+00
2.511660000000000004e+00 2.393949999999999800e+00 2.278090000000000170e+00 2.164270000000000138e+00 2.052579999999999849e+00 1.942970000000000086e+00 1.835199999999999942e+00 1.728769999999999918e+00 1.623150000000000093e+00 1.518089999999999939e+00 1.413729999999999931e+00 1.310829999999999940e+00 1.212110000000000021e+00 1.125950000000000006e+00 1.062389999999999946e+00 1.020759999999999890e+00
1.157049999999999912e+00 1.145599999999999952e+00 1.134600000000000053e+00 1.124020000000000019e+00 1.113820000000000032e+00 1.103939999999999921e+00 1.094319999999999959e+00 1.084940000000000015e+00 1.075839999999999907e+00 1.067039999999999988e+00 1.058610000000000051e+00 1.050589999999999913e+00 1.042999999999999927e+00 1.036030000000000006e+00 1.030119999999999925e+00 1.025300000000000100e+00
1.564419999999999922e+00 1.519539999999999891e+00 1.475729999999999986e+00 1.432979999999999920e+00 1.391210000000000058e+00 1.350279999999999925e+00 1.309919999999999973e+00 1.269959999999999978e+00 1.230420000000000069e+00 1.191689999999999916e+00 1.154570000000000096e+00 1.120170000000000110e+00 1.089520000000000044e+00 1.062840000000000007e+00 1.041279999999999983e+00 1.025800000000000045e+00
1.103939999999999921e+00 1.096999999999999975e+00 1.090410000000000101e+00 1.084160000000000013e+00 1.078160000000000007e+00 1.072340000000000071e+00 1.066640000000000033e+00 1.061020000000000074e+00 1.055469999999999908e+00 1.050000000000000044e+00 1.044629999999999947e+00 1.039390000000000036e+00 1.034350000000000103e+00 1.029740000000000100e+00 1.025900000000000034e+00 1.022799999999999931e+00
1.763390000000000013e+00 1.702360000000000095e+00 1.642619999999999969e+00 1.584200000000000053e+00 1.526980000000000004e+00 1.470809999999999951e+00 1.415429999999999966e+00 1.360700000000000021e+00 1.306610000000000049e+00 1.253489999999999993e+00 1.202129999999999921e+00 1.153860000000000108e+00 1.110770000000000035e+00 1.074770000000000003e+00 1.046780000000000044e+00 1.025779999999999914e+00
