1.378339999999999899e+00 1.347750000000000004e+00 1.318049999999999944e+00 1.289239999999999942e+00 1.261269999999999891e+00 1.234019999999999895e+00 1.207410000000000094e+00 1.181400000000000006e+00 1.156109999999999971e+00 1.131820000000000048e+00 1.108989999999999920e+00 1.087919999999999998e+00 1.068820000000000103e+00 1.051979999999999915e+00 1.038249999999999895e+00 1.027709999999999901e+00
1.375890000000000057e+00 1.345800000000000107e+00 1.316550000000000109e+00 1.288140000000000063e+00 1.260499999999999954e+00 1.233519999999999950e+00 1.207100000000000062e+00 1.181179999999999897e+00 1.155890000000000084e+00 1.131539999999999990e+00 1.108600000000000030e+00 1.087439999999999962e+00 1.068219999999999947e+00 1.051099999999999923e+00 1.036990000000000078e+00 1.026210000000000067e+00
2.793320000000000025e+00 2.656620000000000203e+00 2.521809999999999885e+00 2.389139999999999819e+00 2.258729999999999905e+00 2.130549999999999944e+00 2.004300000000000193e+00 1.879410000000000025e+00 1.755239999999999911e+00 1.631219999999999892e+00 1.507239999999999913e+00 1.383879999999999999e+00 1.263349999999999973e+00 1.154760000000000009e+00 1.074859999999999927e+00 1.024370000000000003e+00
2.326330000000000009e+00 2.223190000000000222e+00 2.121519999999999850e+00 2.021539999999999893e+00 1.923419999999999908e+00 1.827220000000000066e+00 1.732879999999999976e+00 1.640120000000000022e+00 1.548380000000000090e+00 1.457179999999999920e+00 1.366449999999999942e+00 1.276860000000000106e+00 1.190779999999999950e+00 1.115550000000000042e+00 1.060149999999999926e+00 1.023900000000000032e+00
1.130530000000000035e+00 1.121380000000000043e+00 1.112679999999999891e+00 1.104400000000000048e+00 1.096500000000000030e+00 1.088899999999999979e+00 1.081550000000000011e+00 1.074370000000000047e+00 1.067329999999999890e+00 1.060459999999999958e+00 1.053760000000000030e+00 1.047239999999999949e+00 1.040969999999999951e+00 1.035199999999999898e+00 1.030250000000000110e+00 1.026129999999999987e+00
2.269109999999999960e+00 2.169900000000000162e+00 2.072389999999999954e+00 1.976739999999999942e+00 1.883000000000000007e+00 1.791039999999999965e+00 1.700649999999999995e+00 1.611399999999999944e+00 1.522839999999999971e+00 1.434730000000000061e+00 1.347320000000000073e+00 1.261560000000000015e+00 1.180500000000000105e+00 1.111310000000000020e+00 1.059420000000000028e+00 1.023560000000000025e+00
3.025609999999999911e+00 2.870629999999999793e+00 2.717690000000000161e+00 2.567089999999999872e+00 2.419090000000000185e+00 2.273759999999999781e+00 2.131029999999999980e+00 1.990520000000000067e+00 1.851509999999999989e+00 1.713260000000000005e+00 1.575360000000000094e+00 1.437980000000000036e+00 1.302329999999999988e+00 1.176870000000000083e+00 1.083749999999999991e+00 1.025719999999999965e+00
2.450250000000000039e+00 2.336549999999999905e+00 2.224720000000000031e+00 2.114930000000000199e+00 2.007260000000000044e+00 1.901599999999999957e+00 1.797779999999999934e+00 1.695359999999999978e+00 1.593879999999999963e+00 1.493030000000000079e+00 1.392959999999999976e+00 1.294629999999999947e+00 1.201659999999999950e+00 1.122900000000000009e+00 1.064489999999999936e+00 1.024059999999999970e+00
1.390940000000000065e+00 1.358440000000000092e+00 1.326810000000000045e+00 1.296079999999999899e+00 1.266250000000000098e+00 1.237239999999999895e+00 1.208970000000000100e+00 1.181400000000000006e+00 1.154619999999999980e+00 1.128949999999999898e+00 1.104859999999999953e+00 1.082829999999999959e+00 1.062980000000000036e+00 1.045520000000000005e+00 1.031179999999999986e+00 1.020149999999999890e+00
3.415420000000000122e+00 3.228680000000000216e+00 3.044480000000000075e+00 2.863210000000000033e+00 2.685220000000000162e+00 2.510720000000000063e+00 2.339799999999999880e+00 2.172130000000000116e+00 2.007010000000000183e+00 1.843660000000000077e+00 1.681499999999999995e+00 1.520440000000000014e+00 1.361580000000000013e+00 1.214010000000000034e+00 1.101609999999999978e+00 1.029630000000000045e+00
1.689769999999999994e+00 1.634670000000000067e+00 1.580689999999999928e+00 1.527740000000000098e+00 1.475659999999999972e+00 1.424260000000000081e+00 1.373380000000000045e+00 1.322990000000000110e+00 1.273339999999999916e+00 1.225109999999999921e+00 1.179570000000000007e+00 1.138169999999999904e+00 1.101890000000000036e+00 1.071039999999999992e+00 1.045709999999999917e+00 1.025249999999999995e+00
1.790859999999999896e+00 1.727409999999999890e+00 1.665100000000000025e+00 1.604060000000000041e+00 1.544289999999999941e+00 1.485740000000000061e+00 1.428279999999999994e+00 1.371639999999999970e+00 1.315649999999999986e+00 1.260340000000000016e+00 1.206280000000000019e+00 1.154870000000000063e+00 1.108719999999999928e+00 1.070400000000000018e+00 1.041199999999999903e+00 1.020429999999999948e+00
1.519549999999999956e+00 1.477980000000000071e+00 1.437249999999999917e+00 1.397289999999999921e+00 1.357990000000000030e+00 1.319229999999999903e+00 1.280939999999999968e+00 1.243160000000000043e+00 1.206190000000000095e+00 1.170679999999999943e+00 1.137469999999999981e+00 1.107359999999999900e+00 1.080859999999999932e+00 1.058000000000000052e+00 1.038939999999999975e+00 1.023490000000000011e+00
2.390480000000000160e+00 2.281060000000000088e+00 2.173560000000000159e+00 2.068189999999999973e+00 1.964990000000000014e+00 1.863830000000000098e+00 1.764469999999999983e+00 1.666430000000000078e+00 1.569260000000000099e+00 1.472639999999999949e+00 1.376829999999999998e+00 1.282969999999999944e+00 1.194739999999999913e+00 1.119920000000000027e+00 1.063909999999999911e+00 1.024580000000000046e+00
1.063790000000000013e+00 1.060929999999999929e+00 1.058170000000000055e+00 1.055509999999999948e+00 1.052899999999999947e+00 1.050310000000000077e+00 1.047719999999999985e+00 1.045109999999999983e+00 1.042459999999999942e+00 1.039800000000000058e+00 1.037130000000000107e+00 1.034480000000000066e+00 1.031879999999999908e+00 1.029430000000000067e+00 1.027290000000000036e+00 1.025490000000000013e+00
1.913450000000000095e+00 1.842670000000000030e+00 1.773120000000000029e+00 1.704930000000000057e+00 1.638120000000000021e+00 1.572570000000000023e+00 1.508029999999999982e+00 1.444050000000000056e+00 1.380279999999999951e+00 1.316680000000000073e+00 1.253740000000000077e+00 1.192649999999999988e+00 1.136039999999999939e+00 1.087499999999999911e+00 1.050189999999999957e+00 1.025109999999999966e+00
2.028290000000000148e+00 1.947580000000000089e+00 1.868349999999999955e+00 1.790739999999999998e+00 1.714679999999999982e+00 1.639999999999999902e+00 1.566389999999999949e+00 1.493449999999999944e+00 1.420940000000000092e+00 1.348919999999999897e+00 1.278059999999999974e+00 1.209899999999999975e+00 1.147499999999999964e+00 1.094950000000000090e+00 1.054999999999999938e+00 1.026669999999999972e+00
1.367690000000000072e+00 1.337769999999999904e+00 1.308559999999999945e+00 1.280040000000000067e+00 1.252110000000000056e+00 1.224679999999999991e+00 1.197750000000000092e+00 1.171380000000000088e+00 1.145829999999999904e+00 1.121520000000000072e+00 1.098940000000000028e+00 1.078549999999999898e+00 1.060470000000000024e+00 1.044759999999999911e+00 1.031749999999999945e+00 1.021279999999999966e+00
1.627750000000000030e+00 1.577399999999999913e+00 1.528189999999999937e+00 1.480140000000000011e+00 1.433140000000000081e+00 1.387019999999999920e+00 1.341579999999999995e+00 1.296629999999999949e+00 1.252229999999999954e+00 1.208749999999999991e+00 1.167079999999999895e+00 1.128500000000000059e+00 1.094300000000000050e+00 1.065339999999999954e+00 1.042240000000000055e+00 1.024559999999999915e+00
2.491719999999999935e+00 2.374899999999999789e+00 2.259819999999999940e+00 2.146749999999999936e+00 2.035849999999999937e+00 1.927189999999999959e+00 1.820689999999999920e+00 1.715999999999999970e+00 1.612559999999999993e+00 1.509940000000000060e+00 1.408069999999999933e+00 1.307719999999999994e+00 1.211859999999999937e+00 1.128980000000000095e+00 1.067299999999999915e+00 1.025749999999999940e+00
2.014549999999999841e+00 1.935890000000000111e+00 1.858559999999999990e+00 1.782680000000000042e+00 1.708290000000000086e+00 1.635299999999999976e+00 1.563409999999999966e+00 1.492220000000000102e+00 1.421340000000000048e+00 1.350629999999999997e+00 1.280480000000000063e+00 1.212259999999999893e+00 1.148700000000000054e+00 1.094070000000000098e+00 1.052499999999999991e+00 1.024550000000000072e+00
1.751049999999999995e+00 1.691100000000000048e+00 1.632379999999999942e+00 1.574989999999999890e+00 1.518929999999999891e+00 1.464099999999999957e+00 1.410290000000000044e+00 1.357220000000000093e+00 1.304629999999999956e+00 1.252669999999999950e+00 1.202099999999999946e+00 1.154409999999999936e+00 1.111439999999999984e+00 1.074719999999999898e+00 1.045700000000000074e+00 1.024820000000000064e+00
4.070039999999999658e+00 3.832809999999999828e+00 3.598860000000000170e+00 3.368700000000000028e+00 3.142679999999999918e+00 2.921139999999999848e+00 2.704099999999999948e+00 2.491140000000000132e+00 2.281429999999999847e+00 2.074059999999999793e+00 1.868449999999999944e+00 1.664670000000000094e+00 1.464099999999999957e+00 1.274850000000000039e+00 1.124679999999999902e+00 1.028920000000000057e+00
2.087759999999999838e+00 2.001949999999999896e+00 1.917640000000000011e+00 1.834980000000000055e+00 1.754059999999999953e+00 1.674779999999999935e+00 1.596989999999999910e+00 1.520340000000000025e+00 1.444409999999999972e+00 1.369070000000000009e+00 1.294710000000000027e+00 1.222630000000000106e+00 1.155520000000000103e+00 1.097939999999999916e+00 1.054230000000000000e+00 1.023830000000000018e+00
1.197729999999999961e+00 1.181789999999999896e+00 1.166400000000000103e+00 1.151550000000000074e+00 1.137219999999999898e+00 1.123429999999999929e+00 1.110160000000000036e+00 1.097439999999999971e+00 1.085299999999999931e+00 1.073790000000000022e+00 1.062969999999999970e+00 1.052899999999999947e+00 1.043649999999999967e+00 1.035260000000000069e+00 1.027930000000000010e+00 1.021719999999999962e+00
2.338049999999999962e+00 2.234389999999999876e+00 2.132610000000000117e+00 2.032820000000000071e+00 1.934989999999999988e+00 1.838940000000000019e+00 1.744269999999999987e+00 1.650409999999999933e+00 1.556859999999999911e+00 1.463410000000000100e+00 1.370549999999999935e+00 1.279609999999999914e+00 1.193759999999999932e+00 1.119450000000000056e+00 1.063160000000000105e+00 1.024729999999999919e+00
3.508999999999999897e+00 3.314599999999999991e+00 3.123299999999999965e+00 2.935500000000000220e+00 2.751469999999999860e+00 2.571299999999999919e+00 2.394800000000000040e+00 2.221340000000000092e+00 2.050050000000000150e+00 1.879999999999999893e+00 1.710830000000000073e+00 1.542829999999999924e+00 1.377639999999999976e+00 1.223740000000000050e+00 1.104060000000000041e+00 1.026580000000000048e+00
3.517399999999999860e+00 3.323399999999999910e+00 3.131870000000000154e+00 2.943229999999999791e+00 2.757829999999999782e+00 2.575930000000000053e+00 2.397590000000000110e+00 2.222599999999999909e+00 2.050250000000000128e+00 1.879720000000000057e+00 1.710450000000000026e+00 1.542370000000000019e+00 1.376519999999999966e+00 1.221149999999999958e+00 1.102409999999999890e+00 1.027619999999999978e+00
2.102300000000000058e+00 2.014419999999999877e+00 1.928309999999999969e+00 1.844070000000000098e+00 1.761660000000000004e+00 1.680919999999999970e+00 1.601560000000000095e+00 1.523139999999999938e+00 1.445330000000000004e+00 1.368069999999999897e+00 1.291909999999999892e+00 1.218469999999999942e+00 1.151310000000000056e+00 1.095059999999999922e+00 1.051749999999999963e+00 1.020059999999999967e+00
2.284489999999999910e+00 2.185060000000000002e+00 2.087239999999999984e+00 1.991219999999999990e+00 1.897100000000000009e+00 1.804820000000000091e+00 1.714169999999999972e+00 1.624719999999999942e+00 1.535949999999999926e+00 1.447519999999999918e+00 1.359580000000000011e+00 1.273099999999999898e+00 1.190720000000000001e+00 1.118999999999999995e+00 1.065299999999999914e+00 1.029160000000000075e+00
1.095490000000000075e+00 1.089849999999999985e+00 1.084410000000000096e+00 1.079159999999999897e+00 1.074040000000000106e+00 1.069020000000000081e+00 1.064070000000000071e+00 1.059160000000000101e+00 1.054289999999999949e+00 1.049479999999999968e+00 1.044810000000000016e+00 1.040319999999999911e+00 1.036089999999999955e+00 1.032210000000000072e+00 1.028810000000000002e+00 1.025910000000000100e+00
1.684779999999999944e+00 1.629760000000000097e+00 1.575909999999999922e+00 1.523239999999999927e+00 1.471700000000000008e+00 1.421100000000000030e+00 1.371310000000000029e+00 1.322100000000000053e+00 1.273460000000000036e+00 1.225670000000000037e+00 1.179489999999999927e+00 1.136330000000000062e+00 1.098060000000000036e+00 1.066289999999999960e+00 1.041670000000000096e+00 1.022980000000000000e+00
1.206280000000000019e+00 1.190029999999999921e+00 1.174390000000000045e+00 1.159319999999999906e+00 1.144810000000000105e+00 1.130819999999999936e+00 1.117320000000000091e+00 1.104270000000000085e+00 1.091679999999999984e+00 1.079609999999999959e+00 1.068140000000000089e+00 1.057299999999999907e+00 1.047260000000000080e+00 1.038399999999999990e+00 1.031029999999999891e+00 1.025069999999999926e+00
1.544210000000000083e+00 1.499949999999999894e+00 1.456730000000000080e+00 1.414539999999999909e+00 1.373329999999999940e+00 1.332989999999999897e+00 1.293369999999999909e+00 1.254350000000000076e+00 1.216010000000000035e+00 1.178749999999999964e+00 1.143429999999999946e+00 1.111210000000000031e+00 1.082750000000000101e+00 1.058159999999999989e+00 1.038110000000000088e+00 1.022739999999999982e+00
1.503649999999999931e+00 1.462040000000000006e+00 1.421329999999999982e+00 1.381660000000000110e+00 1.343150000000000066e+00 1.305879999999999930e+00 1.269800000000000040e+00 1.234769999999999923e+00 1.200599999999999890e+00 1.167340000000000044e+00 1.135380000000000056e+00 1.105509999999999993e+00 1.078500000000000014e+00 1.054619999999999891e+00 1.035169999999999924e+00 1.021579999999999933e+00
1.443999999999999950e+00 1.407129999999999992e+00 1.371180000000000065e+00 1.336230000000000029e+00 1.302270000000000039e+00 1.269269999999999898e+00 1.237130000000000063e+00 1.205710000000000059e+00 1.175040000000000084e+00 1.145389999999999908e+00 1.117340000000000000e+00 1.091560000000000086e+00 1.068449999999999900e+00 1.048179999999999890e+00 1.031609999999999916e+00 1.019430000000000058e+00
2.193670000000000009e+00 2.100680000000000103e+00 2.009009999999999962e+00 1.918879999999999919e+00 1.830459999999999976e+00 1.743880000000000097e+00 1.659019999999999939e+00 1.575499999999999901e+00 1.492769999999999930e+00 1.410349999999999993e+00 1.328249999999999931e+00 1.247309999999999919e+00 1.170350000000000001e+00 1.104060000000000041e+00 1.054610000000000047e+00 1.022350000000000092e+00
3.573710000000000164e+00 3.378849999999999909e+00 3.185569999999999791e+00 2.994200000000000195e+00 2.805190000000000072e+00 2.619120000000000115e+00 2.436510000000000176e+00 2.257680000000000131e+00 2.082269999999999843e+00 1.909280000000000088e+00 1.737770000000000037e+00 1.567299999999999915e+00 1.398239999999999927e+00 1.233889999999999931e+00 1.099580000000000002e+00 1.023549999999999960e+00
1.121110000000000051e+00 1.112009999999999943e+00 1.103450000000000042e+00 1.095439999999999969e+00 1.087979999999999947e+00 1.081010000000000026e+00 1.074449999999999905e+00 1.068159999999999998e+00 1.062000000000000055e+00 1.055879999999999930e+00 1.049830000000000041e+00 1.043870000000000076e+00 1.038030000000000008e+00 1.032429999999999959e+00 1.027470000000000105e+00 1.023460000000000036e+00
2.205810000000000048e+00 2.111400000000000166e+00 2.018279999999999852e+00 1.926730000000000054e+00 1.837040000000000006e+00 1.749540000000000095e+00 1.664349999999999996e+00 1.581239999999999979e+00 1.499600000000000044e+00 1.418730000000000047e+00 1.338500000000000023e+00 1.259540000000000104e+00 1.183720000000000105e+00 1.115779999999999994e+00 1.062230000000000008e+00 1.027339999999999920e+00
4.062149999999999928e+00 3.830779999999999852e+00 3.601370000000000182e+00 3.374319999999999986e+00 3.150189999999999824e+00 2.929670000000000218e+00 2.713319999999999954e+00 2.501440000000000108e+00 2.293649999999999967e+00 2.088849999999999874e+00 1.885799999999999921e+00 1.683769999999999989e+00 1.482709999999999972e+00 1.284960000000000102e+00 1.119369999999999976e+00 1.025279999999999969e+00
3.453339999999999854e+00 3.265219999999999789e+00 3.078939999999999788e+00 2.894899999999999807e+00 2.713600000000000012e+00 2.535610000000000142e+00 2.361359999999999904e+00 2.190910000000000135e+00 2.023649999999999949e+00 1.858530000000000015e+00 1.694700000000000095e+00 1.531879999999999908e+00 1.370700000000000029e+00 1.216730000000000089e+00 1.095529999999999893e+00 1.023169999999999913e+00
1.254420000000000091e+00 1.232399999999999940e+00 1.211149999999999949e+00 1.190770000000000106e+00 1.171300000000000008e+00 1.152770000000000072e+00 1.135129999999999972e+00 1.118319999999999981e+00 1.102340000000000098e+00 1.087150000000000061e+00 1.072810000000000041e+00 1.059409999999999963e+00 1.047029999999999905e+00 1.035679999999999934e+00 1.025870000000000060e+00 1.018429999999999946e+00
5.281010000000000204e+00 4.954010000000000247e+00 4.629629999999999690e+00 4.308510000000000062e+00 3.991280000000000161e+00 3.679019999999999957e+00 3.372679999999999900e+00 3.073269999999999946e+00 2.780959999999999877e+00 2.494909999999999961e+00 2.214220000000000077e+00 1.938379999999999992e+00 1.667030000000000012e+00 1.400339999999999918e+00 1.166479999999999961e+00 1.028850000000000042e+00
1.975540000000000074e+00 1.897499999999999964e+00 1.820929999999999938e+00 1.745949999999999891e+00 1.672560000000000047e+00 1.600719999999999921e+00 1.530180000000000096e+00 1.460590000000000055e+00 1.391680000000000028e+00 1.323460000000000081e+00 1.256569999999999965e+00 1.192639999999999922e+00 1.135080000000000089e+00 1.087350000000000039e+00 1.050599999999999978e+00 1.023409999999999931e+00
1.777579999999999938e+00 1.715070000000000094e+00 1.653520000000000101e+00 1.593129999999999935e+00 1.534080000000000110e+00 1.476609999999999978e+00 1.420789999999999997e+00 1.366470000000000073e+00 1.313290000000000068e+00 1.260920000000000041e+00 1.209519999999999929e+00 1.159990000000000077e+00 1.114209999999999923e+00 1.074379999999999891e+00 1.041949999999999932e+00 1.020489999999999897e+00
1.512809999999999988e+00 1.470990000000000020e+00 1.430169999999999941e+00 1.390379999999999949e+00 1.351580000000000004e+00 1.313709999999999933e+00 1.276650000000000063e+00 1.240310000000000024e+00 1.204760000000000053e+00 1.170390000000000041e+00 1.137950000000000017e+00 1.108200000000000074e+00 1.081730000000000080e+00 1.058650000000000091e+00 1.039460000000000051e+00 1.024510000000000032e+00
3.598860000000000170e+00 3.397130000000000205e+00 3.197620000000000129e+00 3.000799999999999912e+00 2.807209999999999983e+00 2.617560000000000109e+00 2.432339999999999947e+00 2.251660000000000217e+00 2.074910000000000032e+00 1.901089999999999947e+00 1.729319999999999968e+00 1.559369999999999923e+00 1.391809999999999992e+00 1.232240000000000002e+00 1.106030000000000069e+00 1.027979999999999894e+00
1.049400000000000110e+00 1.047530000000000072e+00 1.045739999999999892e+00 1.044019999999999948e+00 1.042370000000000019e+00 1.040750000000000064e+00 1.039139999999999953e+00 1.037509999999999932e+00 1.035819999999999963e+00 1.034070000000000045e+00 1.032280000000000086e+00 1.030450000000000088e+00 1.028610000000000024e+00 1.026790000000000092e+00 1.025139999999999940e+00 1.023760000000000003e+00
1.339909999999999934e+00 1.311520000000000019e+00 1.283989999999999965e+00 1.257409999999999917e+00 1.231810000000000072e+00 1.207209999999999894e+00 1.183570000000000011e+00 1.160770000000000080e+00 1.138789999999999969e+00 1.117709999999999981e+00 1.097779999999999978e+00 1.079269999999999952e+00 1.062289999999999957e+00 1.046780000000000044e+00 1.033539999999999903e+00 1.023700000000000054e+00
2.145620000000000083e+00 2.055070000000000174e+00 1.965969999999999995e+00 1.878509999999999902e+00 1.792880000000000029e+00 1.709160000000000013e+00 1.627220000000000111e+00 1.546659999999999924e+00 1.467000000000000082e+00 1.387880000000000003e+00 1.309490000000000043e+00 1.233020000000000005e+00 1.161909999999999998e+00 1.101879999999999971e+00 1.056389999999999940e+00 1.025199999999999889e+00
1.953740000000000032e+00 1.877510000000000012e+00 1.802680000000000060e+00 1.729379999999999917e+00 1.657610000000000028e+00 1.587309999999999999e+00 1.518280000000000074e+00 1.450129999999999919e+00 1.382619999999999960e+00 1.315739999999999910e+00 1.250080000000000080e+00 1.187289999999999957e+00 1.130870000000000042e+00 1.084459999999999980e+00 1.049139999999999961e+00 1.023249999999999993e+00
1.827430000000000110e+00 1.760909999999999975e+00 1.695610000000000062e+00 1.631639999999999979e+00 1.569080000000000030e+00 1.507889999999999953e+00 1.447889999999999899e+00 1.388779999999999903e+00 1.330359999999999987e+00 1.272650000000000059e+00 1.216199999999999948e+00 1.162530000000000063e+00 1.114419999999999966e+00 1.074610000000000065e+00 1.044119999999999937e+00 1.022000000000000020e+00
3.016379999999999839e+00 2.862540000000000084e+00 2.709979999999999833e+00 2.559000000000000163e+00 2.409990000000000077e+00 2.263409999999999922e+00 2.119720000000000049e+00 1.979090000000000016e+00 1.841150000000000064e+00 1.704979999999999940e+00 1.569900000000000073e+00 1.435910000000000020e+00 1.304059999999999997e+00 1.179270000000000040e+00 1.081010000000000026e+00 1.023689999999999989e+00
2.785379999999999967e+00 2.648299999999999876e+00 2.512760000000000105e+00 2.379059999999999953e+00 2.247549999999999937e+00 2.118580000000000130e+00 1.992280000000000051e+00 1.868400000000000061e+00 1.746280000000000054e+00 1.625150000000000095e+00 1.504639999999999977e+00 1.385029999999999983e+00 1.267670000000000075e+00 1.158730000000000038e+00 1.076040000000000108e+00 1.025490000000000013e+00
1.354740000000000055e+00 1.324899999999999967e+00 1.295930000000000026e+00 1.267849999999999921e+00 1.240699999999999914e+00 1.214460000000000095e+00 1.189089999999999980e+00 1.164539999999999909e+00 1.140889999999999960e+00 1.118370000000000086e+00 1.097369999999999957e+00 1.078100000000000058e+00 1.060559999999999947e+00 1.044759999999999911e+00 1.031330000000000080e+00 1.021020000000000039e+00
3.934839999999999893e+00 3.709639999999999826e+00 3.486950000000000216e+00 3.267230000000000079e+00 3.051029999999999909e+00 2.838919999999999888e+00 2.631250000000000089e+00 2.427929999999999922e+00 2.228270000000000195e+00 2.031210000000000182e+00 1.835930000000000062e+00 1.642269999999999897e+00 1.450760000000000050e+00 1.266639999999999988e+00 1.119609999999999994e+00 1.030350000000000099e+00
1.851299999999999946e+00 1.782100000000000017e+00 1.714099999999999957e+00 1.647459999999999924e+00 1.582349999999999923e+00 1.518880000000000008e+00 1.457009999999999916e+00 1.396539999999999893e+00 1.337150000000000061e+00 1.278729999999999922e+00 1.221710000000000074e+00 1.167359999999999953e+00 1.117899999999999894e+00 1.075690000000000035e+00 1.042159999999999975e+00 1.018929999999999891e+00
1.310680000000000067e+00 1.285069999999999935e+00 1.260240000000000027e+00 1.236210000000000031e+00 1.212960000000000038e+00 1.190479999999999983e+00 1.168719999999999981e+00 1.147639999999999993e+00 1.127350000000000074e+00 1.108009999999999939e+00 1.089970000000000105e+00 1.073299999999999921e+00 1.057979999999999920e+00 1.044110000000000094e+00 1.032359999999999944e+00 1.023320000000000007e+00
2.771980000000000111e+00 2.633199999999999985e+00 2.496669999999999945e+00 2.362729999999999997e+00 2.231609999999999872e+00 2.103409999999999780e+00 1.977910000000000057e+00 1.854570000000000052e+00 1.732669999999999932e+00 1.611480000000000024e+00 1.490839999999999943e+00 1.371520000000000072e+00 1.256539999999999990e+00 1.154649999999999954e+00 1.077339999999999964e+00 1.025470000000000104e+00
3.748219999999999885e+00 3.533589999999999787e+00 3.321950000000000180e+00 3.113780000000000214e+00 2.909539999999999793e+00 2.709719999999999906e+00 2.514419999999999877e+00 2.323329999999999895e+00 2.135689999999999866e+00 1.950409999999999977e+00 1.766769999999999952e+00 1.584699999999999998e+00 1.405380000000000074e+00 1.235950000000000104e+00 1.102170000000000094e+00 1.018999999999999906e+00
4.305089999999999861e+00 4.054249999999999687e+00 3.805540000000000145e+00 3.559369999999999923e+00 3.316310000000000091e+00 3.077040000000000219e+00 2.842249999999999943e+00 2.612330000000000041e+00 2.386989999999999945e+00 2.165210000000000079e+00 1.946059999999999901e+00 1.729060000000000041e+00 1.514280000000000070e+00 1.304070000000000062e+00 1.126840000000000064e+00 1.025090000000000057e+00
2.584529999999999994e+00 2.459560000000000191e+00 2.336390000000000189e+00 2.215329999999999799e+00 2.096709999999999852e+00 1.980890000000000040e+00 1.867939999999999934e+00 1.757560000000000011e+00 1.649100000000000010e+00 1.541819999999999968e+00 1.435389999999999944e+00 1.330249999999999932e+00 1.228499999999999925e+00 1.137369999999999992e+00 1.068210000000000104e+00 1.022650000000000059e+00
3.040500000000000203e+00 2.882299999999999862e+00 2.725900000000000212e+00 2.571590000000000042e+00 2.419770000000000199e+00 2.270929999999999893e+00 2.125350000000000072e+00 1.982949999999999990e+00 1.843129999999999935e+00 1.704979999999999940e+00 1.567819999999999991e+00 1.431780000000000053e+00 1.298310000000000075e+00 1.174400000000000110e+00 1.079369999999999941e+00 1.021279999999999966e+00
1.171419999999999906e+00 1.158400000000000096e+00 1.145920000000000050e+00 1.133979999999999988e+00 1.122530000000000028e+00 1.111560000000000104e+00 1.100989999999999913e+00 1.090729999999999977e+00 1.080759999999999943e+00 1.071099999999999941e+00 1.061809999999999921e+00 1.052959999999999896e+00 1.044640000000000013e+00 1.037039999999999962e+00 1.030550000000000077e+00 1.025320000000000009e+00
2.343080000000000052e+00 2.237919999999999909e+00 2.134230000000000071e+00 2.032300000000000217e+00 1.932430000000000092e+00 1.834940000000000015e+00 1.739840000000000053e+00 1.646819999999999951e+00 1.555209999999999981e+00 1.464339999999999975e+00 1.374039999999999928e+00 1.284909999999999997e+00 1.199030000000000040e+00 1.122700000000000031e+00 1.064619999999999900e+00 1.026650000000000063e+00
1.130889999999999951e+00 1.120919999999999916e+00 1.111480000000000024e+00 1.102579999999999893e+00 1.094200000000000061e+00 1.086319999999999952e+00 1.078850000000000087e+00 1.071649999999999991e+00 1.064629999999999965e+00 1.057730000000000059e+00 1.050959999999999894e+00 1.044340000000000046e+00 1.037910000000000110e+00 1.031840000000000090e+00 1.026739999999999986e+00 1.022829999999999906e+00
2.180699999999999861e+00 2.086850000000000094e+00 1.994459999999999900e+00 1.903750000000000053e+00 1.814929999999999932e+00 1.728159999999999918e+00 1.643369999999999997e+00 1.560200000000000031e+00 1.478199999999999958e+00 1.397080000000000100e+00 1.317069999999999963e+00 1.239279999999999937e+00 1.166800000000000059e+00 1.105019999999999891e+00 1.058380000000000098e+00 1.026200000000000001e+00
