3.230030000000000179e+00 2.914810000000000123e+00 2.936879999999999935e+00 2.877139999999999809e+00 2.599169999999999980e+00 1.982359999999999900e+00 2.732260000000000133e+00 2.495979999999999865e+00 2.520980000000000221e+00 2.373400000000000176e+00 2.190920000000000201e+00
1.897210000000000063e+00 1.842340000000000089e+00 1.901029999999999998e+00 1.823430000000000106e+00 1.761449999999999960e+00 1.600170000000000092e+00 1.781670000000000087e+00 1.665559999999999929e+00 1.661289999999999933e+00 1.661969999999999947e+00 1.640889999999999960e+00
3.445409999999999862e+00 3.430639999999999912e+00 3.326420000000000154e+00 3.200369999999999937e+00 2.869959999999999845e+00 2.043200000000000127e+00 2.985180000000000167e+00 2.494209999999999816e+00 2.690380000000000216e+00 2.596649999999999903e+00 2.423630000000000173e+00
4.107230000000000381e+00 3.781219999999999803e+00 2.372320000000000206e+00 3.253130000000000077e+00 2.709820000000000118e+00 2.625280000000000058e+00 4.171990000000000087e+00 3.037599999999999856e+00 3.000189999999999912e+00 2.753589999999999982e+00 2.525850000000000151e+00
1.814159999999999995e+00 1.728019999999999889e+00 1.791420000000000012e+00 1.775320000000000009e+00 1.698990000000000000e+00 1.552640000000000020e+00 1.720099999999999962e+00 1.670400000000000107e+00 1.648549999999999960e+00 1.630270000000000108e+00 1.605210000000000026e+00
3.337099999999999955e+00 2.440119999999999845e+00 3.175129999999999786e+00 3.081719999999999793e+00 2.801969999999999850e+00 2.418520000000000003e+00 2.974159999999999915e+00 2.658720000000000194e+00 2.712889999999999802e+00 2.523649999999999949e+00 2.360339999999999883e+00
4.810599999999999987e+00 4.367280000000000051e+00 3.061129999999999907e+00 4.202340000000000408e+00 3.700720000000000010e+00 2.750970000000000137e+00 4.063719999999999999e+00 2.338529999999999998e+00 3.639120000000000132e+00 3.455550000000000122e+00 3.032179999999999875e+00
2.478689999999999838e+00 3.963589999999999947e+00 3.641379999999999839e+00 3.594739999999999824e+00 3.150049999999999795e+00 2.335589999999999833e+00 3.313670000000000115e+00 3.120270000000000099e+00 3.120270000000000099e+00 2.920310000000000183e+00 2.674179999999999779e+00
2.291710000000000136e+00 2.199269999999999836e+00 2.201060000000000016e+00 2.144179999999999975e+00 2.019439999999999902e+00 1.789339999999999931e+00 2.063279999999999781e+00 1.956139999999999990e+00 1.919249999999999901e+00 1.864260000000000028e+00 1.795670000000000099e+00
4.238679999999999559e+00 5.266189999999999927e+00 5.448050000000000281e+00 3.867589999999999861e+00 3.454060000000000130e+00 3.913689999999999891e+00 4.266600000000000392e+00 4.284550000000000303e+00 4.112370000000000303e+00 4.231489999999999974e+00 3.566180000000000128e+00
2.700629999999999864e+00 3.574390000000000178e+00 2.573850000000000193e+00 3.245319999999999983e+00 3.177360000000000184e+00 2.155559999999999921e+00 3.197869999999999990e+00 2.849880000000000191e+00 2.929250000000000131e+00 2.841800000000000104e+00 2.609280000000000044e+00
3.142570000000000086e+00 3.007550000000000168e+00 1.999509999999999899e+00 2.756400000000000183e+00 2.504420000000000091e+00 2.217719999999999914e+00 2.654790000000000205e+00 2.490600000000000147e+00 2.428440000000000154e+00 2.289000000000000146e+00 2.128229999999999844e+00
2.406989999999999963e+00 2.349819999999999798e+00 2.277379999999999960e+00 2.285779999999999923e+00 2.123790000000000067e+00 1.806329999999999991e+00 2.151870000000000172e+00 2.015639999999999876e+00 2.007480000000000153e+00 1.968690000000000051e+00 1.878209999999999935e+00
3.017009999999999970e+00 4.154219999999999580e+00 2.759090000000000042e+00 3.654529999999999834e+00 2.617999999999999883e+00 2.811830000000000052e+00 3.551699999999999857e+00 3.321709999999999940e+00 3.234830000000000094e+00 3.084000000000000075e+00 2.810890000000000111e+00
1.595229999999999926e+00 1.517409999999999926e+00 1.583949999999999969e+00 1.563420000000000032e+00 1.520270000000000010e+00 1.406940000000000079e+00 1.555520000000000014e+00 1.529770000000000074e+00 1.526580000000000048e+00 1.524690000000000101e+00 1.514750000000000041e+00
2.372619999999999951e+00 2.900809999999999889e+00 2.694139999999999979e+00 2.628969999999999807e+00 2.390930000000000000e+00 2.063309999999999977e+00 2.392759999999999998e+00 2.179009999999999891e+00 2.233080000000000176e+00 4.306300000000000239e+00 2.059450000000000003e+00
2.790230000000000210e+00 2.850039999999999907e+00 2.859010000000000051e+00 2.623190000000000133e+00 2.477040000000000131e+00 2.123409999999999798e+00 2.525869999999999838e+00 2.197639999999999816e+00 2.223360000000000003e+00 2.195329999999999782e+00 2.075140000000000207e+00
2.716140000000000221e+00 2.811129999999999907e+00 2.955270000000000064e+00 2.612309999999999910e+00 2.503519999999999968e+00 1.950390000000000068e+00 2.630529999999999813e+00 2.234039999999999804e+00 2.345359999999999889e+00 2.271770000000000067e+00 2.129290000000000127e+00
2.350260000000000016e+00 3.106390000000000207e+00 3.209280000000000133e+00 2.642110000000000181e+00 2.923070000000000057e+00 2.406190000000000051e+00 2.973100000000000076e+00 2.525999999999999801e+00 2.667790000000000106e+00 2.551429999999999865e+00 2.392650000000000166e+00
3.665659999999999918e+00 3.586739999999999817e+00 3.147810000000000219e+00 3.167289999999999939e+00 2.831809999999999938e+00 2.110850000000000115e+00 3.156000000000000139e+00 2.852219999999999978e+00 2.792780000000000040e+00 2.596969999999999779e+00 2.414400000000000102e+00
3.814989999999999881e+00 3.850849999999999884e+00 3.524020000000000152e+00 3.634739999999999860e+00 3.128880000000000106e+00 2.478079999999999838e+00 2.189849999999999852e+00 2.763090000000000046e+00 2.890620000000000189e+00 2.899960000000000093e+00 2.588140000000000107e+00
2.321569999999999911e+00 2.312739999999999796e+00 2.268730000000000135e+00 2.240400000000000169e+00 2.090269999999999850e+00 1.880379999999999940e+00 2.096989999999999910e+00 1.940940000000000110e+00 1.924060000000000104e+00 1.904949999999999921e+00 1.825739999999999919e+00
3.460329999999999906e+00 4.497639999999999638e+00 3.316730000000000178e+00 4.617350000000000065e+00 3.027029999999999887e+00 3.303069999999999951e+00 3.822150000000000158e+00 2.239720000000000155e+00 3.586259999999999781e+00 3.594599999999999795e+00 3.157099999999999795e+00
3.144299999999999873e+00 3.079829999999999846e+00 2.985219999999999985e+00 2.856730000000000214e+00 2.547530000000000072e+00 2.258620000000000072e+00 2.703260000000000218e+00 2.437500000000000000e+00 2.467940000000000023e+00 2.349880000000000191e+00 2.196470000000000145e+00
2.168849999999999945e+00 2.104049999999999976e+00 2.098599999999999799e+00 2.065469999999999917e+00 1.965090000000000003e+00 1.714839999999999920e+00 1.966920000000000002e+00 1.857320000000000082e+00 1.846309999999999896e+00 1.817609999999999948e+00 1.759749999999999925e+00
2.876930000000000209e+00 2.768549999999999844e+00 4.319890000000000008e+00 3.116000000000000103e+00 3.024249999999999883e+00 3.292060000000000208e+00 3.870029999999999859e+00 2.244069999999999787e+00 3.494419999999999860e+00 3.603429999999999911e+00 3.188109999999999999e+00
4.467459999999999987e+00 5.787930000000000241e+00 5.459620000000000140e+00 4.641610000000000014e+00 4.652239999999999931e+00 3.614189999999999792e+00 4.583680000000000199e+00 2.891340000000000021e+00 2.708369999999999944e+00 4.812820000000000320e+00 4.067849999999999966e+00
5.545810000000000350e+00 4.107380000000000031e+00 3.863119999999999887e+00 4.816489999999999938e+00 3.506810000000000205e+00 3.369200000000000195e+00 4.777040000000000397e+00 4.312640000000000029e+00 4.340449999999999697e+00 4.325910000000000366e+00 2.087610000000000188e+00
3.906620000000000203e+00 2.662859999999999783e+00 3.610259999999999803e+00 3.514769999999999950e+00 3.213420000000000165e+00 2.823360000000000092e+00 3.197000000000000064e+00 3.080670000000000019e+00 2.997570000000000068e+00 2.875849999999999795e+00 2.628289999999999793e+00
4.520089999999999719e+00 2.597129999999999939e+00 3.493390000000000217e+00 3.404349999999999987e+00 2.901980000000000004e+00 2.629840000000000177e+00 3.141020000000000145e+00 2.926530000000000076e+00 2.988700000000000134e+00 2.766939999999999955e+00 2.547849999999999948e+00
1.940050000000000052e+00 1.871450000000000058e+00 1.966909999999999936e+00 1.892239999999999922e+00 1.819409999999999972e+00 1.646209999999999951e+00 1.849679999999999991e+00 1.708919999999999995e+00 1.716310000000000002e+00 1.699759999999999938e+00 1.671440000000000037e+00
2.307809999999999917e+00 2.310400000000000009e+00 2.284909999999999997e+00 2.295189999999999841e+00 2.113970000000000127e+00 1.907129999999999992e+00 2.136390000000000011e+00 2.045980000000000132e+00 1.981559999999999988e+00 1.942730000000000068e+00 1.861900000000000110e+00
2.126520000000000188e+00 1.899799999999999933e+00 2.013380000000000170e+00 2.029189999999999827e+00 1.895880000000000010e+00 1.713819999999999899e+00 1.926679999999999948e+00 1.833409999999999984e+00 1.795819999999999972e+00 1.742599999999999927e+00 1.704870000000000108e+00
1.900819999999999954e+00 2.859890000000000043e+00 2.783869999999999845e+00 2.757829999999999782e+00 2.491309999999999913e+00 2.144089999999999829e+00 2.546320000000000139e+00 2.336990000000000123e+00 2.347480000000000011e+00 2.264710000000000001e+00 2.105280000000000040e+00
2.958509999999999973e+00 2.658819999999999961e+00 2.711699999999999999e+00 2.685010000000000119e+00 1.871199999999999974e+00 2.040579999999999838e+00 2.292320000000000135e+00 2.302340000000000053e+00 2.194370000000000154e+00 2.090019999999999989e+00 2.008599999999999941e+00
2.088480000000000114e+00 1.989870000000000028e+00 2.047369999999999912e+00 2.135740000000000194e+00 1.841450000000000031e+00 1.744860000000000078e+00 1.868849999999999900e+00 1.803690000000000015e+00 1.790519999999999889e+00 1.786680000000000046e+00 1.748129999999999962e+00
4.177850000000000286e+00 3.023639999999999883e+00 3.075079999999999814e+00 3.066190000000000193e+00 2.486920000000000019e+00 2.439799999999999969e+00 2.714739999999999931e+00 2.602840000000000042e+00 2.586300000000000043e+00 2.479509999999999881e+00 2.280460000000000154e+00
3.666659999999999808e+00 2.867319999999999869e+00 3.914829999999999810e+00 3.435280000000000111e+00 2.959970000000000212e+00 2.673389999999999933e+00 2.964980000000000171e+00 3.027309999999999945e+00 2.749899999999999789e+00 2.795469999999999899e+00 2.616499999999999826e+00
1.652670000000000083e+00 1.595269999999999966e+00 1.618530000000000024e+00 1.619410000000000016e+00 1.530969999999999942e+00 1.432299999999999907e+00 1.565409999999999968e+00 1.562259999999999982e+00 1.543830000000000036e+00 1.539690000000000003e+00 1.527630000000000043e+00
3.572700000000000209e+00 3.841110000000000024e+00 2.766480000000000050e+00 3.388729999999999798e+00 2.176460000000000061e+00 2.204060000000000130e+00 2.794459999999999944e+00 3.111149999999999860e+00 2.808570000000000011e+00 2.727739999999999831e+00 2.564379999999999882e+00
3.820920000000000094e+00 5.226189999999999891e+00 5.043309999999999960e+00 4.872130000000000294e+00 3.222459999999999880e+00 3.731460000000000221e+00 4.074810000000000265e+00 4.345559999999999867e+00 3.566990000000000105e+00 4.015259999999999607e+00 2.018829999999999902e+00
3.334540000000000060e+00 4.766189999999999927e+00 4.357730000000000103e+00 4.562429999999999986e+00 3.713049999999999962e+00 3.215969999999999995e+00 2.502429999999999932e+00 3.648550000000000182e+00 3.543740000000000112e+00 3.430800000000000072e+00 3.097379999999999800e+00
2.081630000000000091e+00 2.007519999999999971e+00 2.097039999999999793e+00 1.996280000000000054e+00 1.835569999999999924e+00 1.733929999999999971e+00 1.849409999999999998e+00 1.873660000000000103e+00 1.787590000000000012e+00 1.760329999999999950e+00 1.719340000000000090e+00
4.239270000000000316e+00 5.692960000000000242e+00 5.881459999999999688e+00 2.405069999999999819e+00 4.054730000000000167e+00 3.448819999999999997e+00 3.045679999999999943e+00 4.671079999999999899e+00 2.525939999999999852e+00 2.275300000000000100e+00 3.727899999999999991e+00
3.482769999999999921e+00 2.195300000000000029e+00 2.202220000000000066e+00 3.189239999999999853e+00 2.576090000000000213e+00 2.458169999999999966e+00 2.757439999999999891e+00 2.640690000000000204e+00 2.645630000000000148e+00 2.529100000000000126e+00 2.376920000000000144e+00
2.895739999999999981e+00 2.718570000000000153e+00 2.780930000000000124e+00 2.597859999999999836e+00 2.185589999999999922e+00 2.029959999999999987e+00 2.318080000000000140e+00 2.332879999999999843e+00 2.185010000000000119e+00 2.137210000000000054e+00 2.038330000000000197e+00
2.133480000000000043e+00 2.014629999999999921e+00 2.053739999999999899e+00 2.123930000000000096e+00 1.837029999999999941e+00 1.734569999999999945e+00 1.896870000000000056e+00 1.827720000000000011e+00 1.814820000000000100e+00 1.805360000000000076e+00 1.760890000000000066e+00
5.706789999999999807e+00 5.496330000000000382e+00 4.796509999999999607e+00 4.644149999999999778e+00 3.747489999999999988e+00 3.084280000000000133e+00 3.861559999999999881e+00 4.109709999999999752e+00 3.911719999999999864e+00 3.851059999999999928e+00 3.279529999999999834e+00
1.662339999999999929e+00 1.615399999999999947e+00 1.637410000000000032e+00 1.629450000000000065e+00 1.524860000000000104e+00 1.438560000000000061e+00 1.571479999999999988e+00 1.579269999999999952e+00 1.550920000000000076e+00 1.549169999999999936e+00 1.536510000000000042e+00
3.134739999999999860e+00 2.745420000000000194e+00 2.663380000000000081e+00 2.913489999999999913e+00 2.507130000000000081e+00 2.296469999999999789e+00 2.460379999999999789e+00 2.361810000000000187e+00 2.329309999999999992e+00 2.283079999999999998e+00 2.137080000000000091e+00
2.941629999999999967e+00 2.674830000000000041e+00 2.669299999999999784e+00 2.808129999999999793e+00 2.329689999999999817e+00 2.190350000000000019e+00 2.370010000000000172e+00 2.301340000000000163e+00 2.269569999999999865e+00 2.214789999999999814e+00 2.097690000000000055e+00
2.753579999999999917e+00 2.439630000000000187e+00 2.478419999999999845e+00 2.590329999999999799e+00 2.293979999999999908e+00 2.198580000000000201e+00 2.300440000000000040e+00 2.220159999999999911e+00 2.158739999999999881e+00 2.101640000000000175e+00 1.994380000000000042e+00
2.784510000000000041e+00 2.521929999999999783e+00 2.613290000000000113e+00 2.626630000000000020e+00 2.250750000000000028e+00 2.028970000000000162e+00 2.298080000000000123e+00 2.211790000000000145e+00 2.177649999999999864e+00 2.134580000000000144e+00 2.028259999999999952e+00
3.956510000000000193e+00 3.093490000000000073e+00 3.576760000000000161e+00 3.144320000000000004e+00 2.220289999999999875e+00 2.217620000000000147e+00 2.872489999999999988e+00 2.998870000000000147e+00 2.776120000000000143e+00 2.767269999999999897e+00 2.576319999999999943e+00
3.790700000000000180e+00 3.235599999999999810e+00 2.136379999999999946e+00 3.351129999999999942e+00 2.914610000000000145e+00 2.512340000000000018e+00 2.813140000000000196e+00 2.845099999999999962e+00 2.762719999999999843e+00 2.587279999999999802e+00 2.438260000000000094e+00
2.112629999999999786e+00 2.075110000000000010e+00 2.096709999999999852e+00 2.109939999999999927e+00 1.909820000000000073e+00 1.738680000000000003e+00 1.915960000000000107e+00 1.873760000000000092e+00 1.826699999999999990e+00 1.800459999999999949e+00 1.755770000000000053e+00
5.676260000000000083e+00 3.198700000000000099e+00 3.058199999999999807e+00 4.256890000000000285e+00 3.522959999999999869e+00 3.150329999999999853e+00 3.823539999999999939e+00 3.563079999999999803e+00 3.506470000000000198e+00 3.574910000000000032e+00 3.159679999999999822e+00
2.357070000000000221e+00 2.224650000000000016e+00 3.358610000000000095e+00 2.638180000000000192e+00 2.841670000000000140e+00 2.469380000000000130e+00 2.623330000000000162e+00 2.680369999999999919e+00 2.514600000000000168e+00 2.543359999999999843e+00 2.387210000000000054e+00
2.048449999999999882e+00 1.907859999999999889e+00 1.934860000000000024e+00 2.028169999999999806e+00 1.794540000000000024e+00 1.667780000000000040e+00 1.835350000000000037e+00 1.773269999999999902e+00 1.762010000000000076e+00 1.741649999999999920e+00 1.707270000000000065e+00
3.968430000000000124e+00 2.595899999999999874e+00 3.450219999999999843e+00 3.642490000000000006e+00 3.121910000000000185e+00 2.626149999999999984e+00 3.231199999999999850e+00 3.006520000000000081e+00 3.026809999999999778e+00 3.006899999999999906e+00 2.768289999999999917e+00
4.607719999999999594e+00 4.205280000000000129e+00 4.287899999999999601e+00 5.405030000000000001e+00 3.444179999999999797e+00 3.556610000000000049e+00 3.208549999999999791e+00 2.967470000000000052e+00 2.631639999999999979e+00 4.662289999999999601e+00 3.899309999999999832e+00
6.038850000000000051e+00 4.068410000000000082e+00 5.173969999999999736e+00 4.518819999999999837e+00 4.194650000000000212e+00 3.767300000000000093e+00 3.064989999999999881e+00 2.743990000000000151e+00 2.614290000000000003e+00 4.473169999999999646e+00 3.792060000000000208e+00
4.661430000000000184e+00 2.867799999999999905e+00 3.609010000000000051e+00 3.297330000000000094e+00 2.192210000000000214e+00 2.717929999999999957e+00 2.980589999999999851e+00 3.036430000000000184e+00 2.931550000000000100e+00 2.790970000000000173e+00 2.576319999999999943e+00
3.195359999999999978e+00 3.264860000000000095e+00 3.196060000000000123e+00 3.677239999999999842e+00 2.679699999999999971e+00 3.024319999999999897e+00 2.384269999999999889e+00 3.610440000000000094e+00 3.438870000000000093e+00 3.377670000000000172e+00 2.978250000000000064e+00
2.141449999999999854e+00 2.018489999999999895e+00 2.059340000000000170e+00 2.139190000000000147e+00 1.900590000000000002e+00 1.743449999999999944e+00 1.925920000000000076e+00 1.843050000000000077e+00 1.826500000000000012e+00 1.805150000000000032e+00 1.760769999999999946e+00
2.656019999999999825e+00 2.540439999999999809e+00 2.532910000000000217e+00 2.514190000000000147e+00 2.172730000000000050e+00 1.950760000000000050e+00 2.156250000000000000e+00 2.153389999999999915e+00 2.074800000000000200e+00 2.019530000000000047e+00 1.931890000000000107e+00
1.954409999999999981e+00 1.832659999999999956e+00 1.843360000000000110e+00 1.838969999999999994e+00 1.629280000000000062e+00 1.568719999999999892e+00 1.709999999999999964e+00 1.695000000000000062e+00 1.653280000000000083e+00 1.621359999999999912e+00 1.605359999999999898e+00
3.444420000000000037e+00 2.352460000000000218e+00 2.963509999999999867e+00 2.939719999999999889e+00 2.593999999999999861e+00 2.370730000000000004e+00 2.609440000000000204e+00 2.523350000000000204e+00 2.505020000000000024e+00 2.366740000000000066e+00 2.212070000000000203e+00
